D:\08_Dataset\Internal\mar2020\pickle_files\bcbc44a3a4fdbc6793644d54bbb1d61c08444579.pkl,0
D:\08_Dataset\Internal\mar2020\pickle_files\14d598c613f330a8271e57e4a5bc1f4cf891f10b.pkl,0
D:\08_Dataset\Internal\mar2020\pickle_files\763416ac09a905cf6a81e1ad938cfcf270f0d72a.pkl,0
D:\08_Dataset\Internal\mar2020\pickle_files\e5d692b2028bc4c4e8612b64257762f68e07ba7e.pkl,0
D:\08_Dataset\Internal\mar2020\pickle_files\59850ab35139fbe86e8bc9359ae37f4c9630f8ae.pkl,0
D:\08_Dataset\Internal\mar2020\pickle_files\d125b404bb72b7ca658d527edafa9ecfa926eb43.pkl,0
D:\08_Dataset\Internal\mar2020\pickle_files\20a5934a7e155775d533ad76ce2e49deae74dbdc.pkl,0
D:\08_Dataset\Internal\mar2020\pickle_files\fe492b0f3b225caa5f846d7d5e9763f899cf6c19.pkl,0
D:\08_Dataset\Internal\mar2020\pickle_files\41e04eea77368a298bea1007becb682a7e026d8d.pkl,0
D:\08_Dataset\Internal\mar2020\pickle_files\fde440eac1d5082abcc32b54b5c4fbfc7fc00a57.pkl,0
D:\08_Dataset\Internal\mar2020\pickle_files\39dd1e07e8dc67d4ca1ba85eb4941a424cd8d3b0.pkl,0
D:\08_Dataset\Internal\mar2020\pickle_files\9b62fb500acdeca6474ff6c5513cd39e3fc43574.pkl,0
D:\08_Dataset\Internal\mar2020\pickle_files\235eec95e1b283fbda5fe4c6e14f7c55d7588fbe.pkl,0
D:\08_Dataset\Internal\mar2020\pickle_files\3b6c74be0ddfae0352042db00e4d4e86f2369a40.pkl,0
D:\08_Dataset\Internal\mar2020\pickle_files\e0bdbc7bc731b74a9cb68fec9db808c4c829df88.pkl,0
D:\08_Dataset\Internal\mar2020\pickle_files\fb1ee3c021cd23b6fdf15167b027c9a17b30cde2.pkl,0
D:\08_Dataset\Internal\mar2020\pickle_files\643ab09b38b62d82503c53a0257a2ca4ca585032.pkl,0
D:\08_Dataset\Internal\mar2020\pickle_files\4a79d974274de55e433858bb73c5e2d5d1f2385d.pkl,0
D:\08_Dataset\Internal\mar2020\pickle_files\3e4b892a6d5e7da6976d5fa91df74e087a96d895.pkl,0
D:\08_Dataset\Internal\mar2020\pickle_files\06c080da7f4e487a3b5bed1f2bf004d53f22d4c0.pkl,0
D:\08_Dataset\Internal\mar2020\pickle_files\55a6d6a31b2bc368def575ffc31bdaca587254c2.pkl,0
D:\08_Dataset\Internal\mar2020\pickle_files\fc901438b8c35bec400b00651f0ef68470b2fb76.pkl,0
D:\08_Dataset\Internal\mar2020\pickle_files\b370fcc008c968b2360953cb079b075e1fd03407.pkl,0
D:\08_Dataset\Internal\mar2020\pickle_files\2e3c92f1af3b28ff9918d3800135bb9413a3a4bc.pkl,0
D:\08_Dataset\Internal\mar2020\pickle_files\5fa43ea311457d85f0018b53e9ebc58c54594867.pkl,0
D:\08_Dataset\Internal\mar2020\pickle_files\166bf5eb67ef473f8b90a5785f159babed6cbfd1.pkl,0
D:\08_Dataset\Internal\mar2020\pickle_files\58b0a817ecf486af4820aa45a78afb2656b35471.pkl,0
D:\08_Dataset\Internal\mar2020\pickle_files\8d94a9ffd856260e8760c2fad254733e3cbc81f3.pkl,0
D:\08_Dataset\Internal\mar2020\pickle_files\37727ba956ad2ba8ce9cbf7a8974263b36fb09dc.pkl,0
D:\08_Dataset\Internal\mar2020\pickle_files\256dad7fa192c3a6610edbed89f0907a836af8d9.pkl,0
D:\08_Dataset\Internal\mar2020\pickle_files\485597a03bf54d21cce2940037e54d4e2fa8a5b6.pkl,0
D:\08_Dataset\Internal\mar2020\pickle_files\56ad793878e434ddf82ad6ded20d5bd07c7619af.pkl,0
D:\08_Dataset\Internal\mar2020\pickle_files\e7cdeac7de9a0fb74bbdf70c8cfc762e975ada16.pkl,0
D:\08_Dataset\Internal\mar2020\pickle_files\030bfcfd0c4c979003b3ae1eae43437260c935da.pkl,0
D:\08_Dataset\Internal\mar2020\pickle_files\192d6dd759f5cbeb6551e12982d270bfe13a4de9.pkl,0
D:\08_Dataset\Internal\mar2020\pickle_files\0db6b656ab0505903bc47f47e63e3451a93f41e1.pkl,0
D:\08_Dataset\Internal\mar2020\pickle_files\936a4c9f108c618c6552c08faa83169e719ba208.pkl,0
D:\08_Dataset\Internal\mar2020\pickle_files\0c91688a22921a826ba07e3b9e332cb433a87e31.pkl,0
D:\08_Dataset\Internal\mar2020\pickle_files\41e9edcf56fcd7c6b67256582673bb791bdfcac7.pkl,0
D:\08_Dataset\Internal\mar2020\pickle_files\847cc9a6a10555c67cb1bca49627c8dd26aa0805.pkl,0
D:\08_Dataset\Internal\mar2020\pickle_files\3d79f99c263036204a2cf9af4d87cc241934b02d.pkl,0
D:\08_Dataset\Internal\mar2020\pickle_files\328d049da1814cfe7d1c7783691304577854482f.pkl,0
D:\08_Dataset\Internal\mar2020\pickle_files\70c13448c5a037c9f27dd5bb8d271ab1cf82d2bb.pkl,0
D:\08_Dataset\Internal\mar2020\pickle_files\9f96d41f3e1854c28afefa384a435c32af1cfad3.pkl,0
D:\08_Dataset\Internal\mar2020\pickle_files\aadd284e584d8418714a5665b4b7a5ec95a2b956.pkl,0
D:\08_Dataset\Internal\mar2020\pickle_files\3e7b8c15ba83c23333740af3aa4c4b3066fe5173.pkl,0
D:\08_Dataset\Internal\mar2020\pickle_files\7cc50334d3a24c766d7b7de6ec27c2b3c8a25f33.pkl,0
D:\08_Dataset\Internal\mar2020\pickle_files\c8c264a5ea66e9f2ceafb772f7cab0a57d0d8c25.pkl,0
D:\08_Dataset\Internal\mar2020\pickle_files\3041c637f68a099cc9c4e1c4f7f517e2d590086d.pkl,0
D:\08_Dataset\Internal\mar2020\pickle_files\5e109771ef108615dcabfb2af8acfdf6831574c5.pkl,0
D:\08_Dataset\Internal\mar2020\pickle_files\781406b3f3189d2253e951b5d962a890d56847de.pkl,0
D:\08_Dataset\Internal\mar2020\pickle_files\e4f4239fcdc11a267cb9d707d990c7fe7a592f53.pkl,0
D:\08_Dataset\Internal\mar2020\pickle_files\600a0a68b403b0c1be8ba17fb12d5ca71c13be04.pkl,0
D:\08_Dataset\Internal\mar2020\pickle_files\dc471eab10a3482bd85bb74bff780a8c056a75b3.pkl,0
D:\08_Dataset\Internal\mar2020\pickle_files\3cc62ab7cab5f5316dbaa8f1f3899aa54804f840.pkl,0
D:\08_Dataset\Internal\mar2020\pickle_files\0a990e86adeaa2f564a0cc242ffd4849fa5396a7.pkl,0
D:\08_Dataset\Internal\mar2020\pickle_files\c75b39f74afd359634b03a56bf93b205f6f932cd.pkl,0
D:\08_Dataset\Internal\mar2020\pickle_files\3e56b3efc20a1ef6ad8cc8b2e0d7e481cf2c9956.pkl,0
D:\08_Dataset\Internal\mar2020\pickle_files\42705cad36e0dfbc70fe0f6eaed89e0a0cff962b.pkl,0
D:\08_Dataset\Internal\mar2020\pickle_files\4bdb80f2f6cb33443114303e61373ed3c96126a3.pkl,0
D:\08_Dataset\Internal\mar2020\pickle_files\d4d7593b4388e4b2ad4ecb1838dc07fc626907fc.pkl,0
D:\08_Dataset\Internal\mar2020\pickle_files\457b28f68bf79ce0d3914b34d73dccdc76026e10.pkl,0
D:\08_Dataset\Internal\mar2020\pickle_files\e7be8737a3d89ba829984ba9b095102dbf093540.pkl,0
D:\08_Dataset\Internal\mar2020\pickle_files\2df0bf4266d718790eaa6d8608899748778471ef.pkl,0
D:\08_Dataset\Internal\mar2020\pickle_files\4cbdacfeca843adcf0ae8be58695d3bffae32a10.pkl,0
D:\08_Dataset\Internal\mar2020\pickle_files\422ef2238a5b57502422ff7345be66db1f03f8f1.pkl,0
D:\08_Dataset\Internal\mar2020\pickle_files\d31bfb6fbb83faf3d903fd2ca77210426c50842f.pkl,0
D:\08_Dataset\Internal\mar2020\pickle_files\56f73c9bc0c088dae2c5b261d8717d5370202944.pkl,0
D:\08_Dataset\Internal\mar2020\pickle_files\66a3430210cebb914a06a1f28eee976e4e4eb893.pkl,0
D:\08_Dataset\Internal\mar2020\pickle_files\89244fc4d5424b8bbf3afc97fb08b4d739d1cc46.pkl,0
D:\08_Dataset\Internal\mar2020\pickle_files\5bec2a4caabd4a880a96a013394a76aa75cdf62d.pkl,0
D:\08_Dataset\Internal\mar2020\pickle_files\076c80caae2179aa1b5b1f3bb42f38752782b92b.pkl,0
D:\08_Dataset\Internal\mar2020\pickle_files\b9dc64124cb66913f93a48bcb7bf2f2fe1e57946.pkl,0
D:\08_Dataset\Internal\mar2020\pickle_files\9b7a4ef1ce607ba73a8267790787bc79861603e4.pkl,0
D:\08_Dataset\Internal\mar2020\pickle_files\e50d9e3bd91908e13a26b3e23edeaf577fb3a095.pkl,0
D:\08_Dataset\Internal\mar2020\pickle_files\d09fe110ca28c563a63e518456423c781592feee.pkl,0
D:\08_Dataset\Internal\mar2020\pickle_files\3e99f3680b7e4ba4fade90fd338999b2ab4ca7f8.pkl,0
D:\08_Dataset\Internal\mar2020\pickle_files\fe04ff771fe6f52dcb66b381d3fbc9c3ee4311d0.pkl,0
D:\08_Dataset\Internal\mar2020\pickle_files\a412c309ea98d9ea87a1743d57f93705cbd26c90.pkl,0
D:\08_Dataset\Internal\mar2020\pickle_files\4bed038c66e7fdbbfb0365669923a73fbc9bb8f4.pkl,0
D:\08_Dataset\Internal\mar2020\pickle_files\2f71faee21d63d8c90672eee04a7679f46c49fb2.pkl,0
D:\08_Dataset\Internal\mar2020\pickle_files\d7f1c037aca3153c9abae40576e8b2a7657de329.pkl,0
D:\08_Dataset\Internal\mar2020\pickle_files\187f9babc4a42569672c39973556fc58635ad1a4.pkl,0
D:\08_Dataset\Internal\mar2020\pickle_files\70ea02b0124fc08371c37fecf3899e2674c96f25.pkl,0
D:\08_Dataset\Internal\mar2020\pickle_files\4abd6d01f2b734e574451de8d9f32d9e4fce734e.pkl,0
D:\08_Dataset\Internal\mar2020\pickle_files\b56786deb5e92279b8a353fdcdee936e8fd54b49.pkl,0
D:\08_Dataset\Internal\mar2020\pickle_files\846ff58b76a28720c861f5cf0f7c8091ea28b964.pkl,0
D:\08_Dataset\Internal\mar2020\pickle_files\66fcd83002af4744afdf1ca172f986cd54374489.pkl,0
D:\08_Dataset\Internal\mar2020\pickle_files\52279cac1e6ee55c108dea387070ffa78f2c1978.pkl,0
D:\08_Dataset\Internal\mar2020\pickle_files\2081c97f15b1c2a2eadce366baf3c510da553cc7.pkl,0
D:\08_Dataset\Internal\mar2020\pickle_files\90622d2c46284634d2a14c53a8584df6efb2874b.pkl,0
D:\08_Dataset\Internal\mar2020\pickle_files\16d653952cb07f6e512ea3259bd2a9b27ed4ac03.pkl,0
D:\08_Dataset\Internal\mar2020\pickle_files\fbac538166d61b4f10db934bd4bc1b86c81e56fb.pkl,0
D:\08_Dataset\Internal\mar2020\pickle_files\0b08578575a8bb79301bb812090e179d17108ff1.pkl,0
D:\08_Dataset\Internal\mar2020\pickle_files\1f2e3ef077ab8e6881807a0a238ffdb4a5518397.pkl,0
D:\08_Dataset\Internal\mar2020\pickle_files\30496d2f60a2b10ae0da39e5adf107b3b43ccccd.pkl,0
D:\08_Dataset\Internal\mar2020\pickle_files\4acef67de2c25b57ead722eb2159a5030ae3a57c.pkl,0
D:\08_Dataset\Internal\mar2020\pickle_files\8745712a052a6783613a883921405b59007d666a.pkl,0
D:\08_Dataset\Internal\mar2020\pickle_files\1ae14cda15bc767efb12cbe52afbf170ce46fd8d.pkl,0
D:\08_Dataset\Internal\mar2020\pickle_files\287b39f12c274b920220ded7ce8d9dd66aa12394.pkl,0
D:\08_Dataset\Internal\mar2020\pickle_files\78a490f3ba2c30ce5665bc1e2c374f36b1adb22f.pkl,0
D:\08_Dataset\Internal\mar2020\pickle_files\57ac339914235a0e1cc034bd98ae618c154db57a.pkl,0
D:\08_Dataset\Internal\mar2020\pickle_files\cff955f7c63270057a814c42619263afe56948e0.pkl,0
D:\08_Dataset\Internal\mar2020\pickle_files\6624bc30d4bb5c222bd3c499003f99c142db3772.pkl,0
D:\08_Dataset\Internal\mar2020\pickle_files\b8d606d8301cbc84c8cf7a9c8084a6b7c422504b.pkl,0
D:\08_Dataset\Internal\mar2020\pickle_files\66f7b468ca22d85c34accaad5e4e5066f2d10cd4.pkl,0
D:\08_Dataset\Internal\mar2020\pickle_files\608087cdabad6d818b9902e0f48df6e2d50ff8af.pkl,0
D:\08_Dataset\Internal\mar2020\pickle_files\fbb56286ae53462cd3fb2e70526ce9079189f0ca.pkl,0
D:\08_Dataset\Internal\mar2020\pickle_files\b9ad1221318b67328639e3755ae38a2175932a87.pkl,0
D:\08_Dataset\Internal\mar2020\pickle_files\ec86010c69913fb481dbcd15ce17716eac89af66.pkl,0
D:\08_Dataset\Internal\mar2020\pickle_files\9cb37f224b301e2f94d266310048e4aa44c3438f.pkl,0
D:\08_Dataset\Internal\mar2020\pickle_files\8df5c2fba07db6fb4bd1100a6104529a30584e2f.pkl,0
D:\08_Dataset\Internal\mar2020\pickle_files\e7b73361f722fc7cbb93ef98a8d26e34f4d49767.pkl,0
D:\08_Dataset\Internal\mar2020\pickle_files\90f1abcbf60e24a03407f049ccf67bc25a945ac5.pkl,0
D:\08_Dataset\Internal\mar2020\pickle_files\bc8132703b9c003a88e72733ffebc48f76a82258.pkl,0
D:\08_Dataset\Internal\mar2020\pickle_files\aece15ce2b4d6aba46c8bb76571bf5f98ef54dcc.pkl,0
D:\08_Dataset\Internal\mar2020\pickle_files\7d380afcbbb790326f25e7baeee9fd148930a8d2.pkl,0
D:\08_Dataset\Internal\mar2020\pickle_files\be1dc0543c93120933c3d8209919c10fcff5fd39.pkl,0
D:\08_Dataset\Internal\mar2020\pickle_files\892e47259d346b5dd3970788ffb16d4b577f39e1.pkl,0
D:\08_Dataset\Internal\mar2020\pickle_files\ab7d7e174b8f7e05ab9bb941a7eb679821bc7052.pkl,0
D:\08_Dataset\Internal\mar2020\pickle_files\dacce4ddc7dcf32eee695bd3f1b94a8177103a21.pkl,0
D:\08_Dataset\Internal\mar2020\pickle_files\5ce075ae34de5726b82ee59cd22bf11466eebcdd.pkl,0
D:\08_Dataset\Internal\mar2020\pickle_files\43c732753ce6d7de4bef09ec3a85e3871393f4d8.pkl,0
D:\08_Dataset\Internal\mar2020\pickle_files\edb689b032d462190f6444cf8df245311d725741.pkl,0
D:\08_Dataset\Internal\mar2020\pickle_files\807d74089d5b8161a7281534af4c82c21abd0ec2.pkl,0
D:\08_Dataset\Internal\mar2020\pickle_files\90994f647f8cfac2c448e6bb5371cc3dd0e4feb5.pkl,0
D:\08_Dataset\Internal\mar2020\pickle_files\b9c162e7817d7d99720fd97d9f7cab342dd2812a.pkl,0
D:\08_Dataset\Internal\mar2020\pickle_files\2e27d4368ae5aae673e06822bf018dcfada2db9c.pkl,0
D:\08_Dataset\Internal\mar2020\pickle_files\736d284ff06d890808f7dc521b12c0caf729cf12.pkl,0
D:\08_Dataset\Internal\mar2020\pickle_files\808a10d05b9ebac4894a7134b904d6bbe934627a.pkl,0
D:\08_Dataset\Internal\mar2020\pickle_files\fd24251d6d13d2a45cf0c42074eabc09a5e428c1.pkl,0
D:\08_Dataset\Internal\mar2020\pickle_files\fc8f38e2b6e642e60531d3818627c3450313dff1.pkl,0
D:\08_Dataset\Internal\mar2020\pickle_files\23f27f22868fbcd6236bc4c31c0ecb5b7304b422.pkl,0
D:\08_Dataset\Internal\mar2020\pickle_files\845a713c4569f4e4b8e61a7e47c3894e519cb4b6.pkl,0
D:\08_Dataset\Internal\mar2020\pickle_files\6458735e7ec469af1b59afc933656e6a123e9bf8.pkl,0
D:\08_Dataset\Internal\mar2020\pickle_files\0fd7a28dfa2bbbb34b8f2a94a82ad9bac3d4dca6.pkl,0
D:\08_Dataset\Internal\mar2020\pickle_files\c415d6904ac23599ea53b4f8ee4acbba8bfeb0f2.pkl,0
D:\08_Dataset\Internal\mar2020\pickle_files\cdfa4920a62dcb0f9c485e7d1e86c8883495fbb3.pkl,0
D:\08_Dataset\Internal\mar2020\pickle_files\bb9b442a7cee25a18811defb6e76433645b4f9ae.pkl,0
D:\08_Dataset\Internal\mar2020\pickle_files\2a556fe2c4792b0a384b8a760e01c20db07f04ee.pkl,0
D:\08_Dataset\Internal\mar2020\pickle_files\7c5611940a59c754792760a1ce1f623e99ea67ac.pkl,0
D:\08_Dataset\Internal\mar2020\pickle_files\9b5600dd13ea094c659efbb6ff17e9b4575c92e8.pkl,0
D:\08_Dataset\Internal\mar2020\pickle_files\2199956872d7d9c7caacef06886bddef920a0ed9.pkl,0
D:\08_Dataset\Internal\mar2020\pickle_files\28c2351790af4a2df01613eb3040495360ff2cbe.pkl,0
D:\08_Dataset\Internal\mar2020\pickle_files\666a07e3542f27ad89b4d6e0b2d559ae1ee20676.pkl,0
D:\08_Dataset\Internal\mar2020\pickle_files\776397b23a4a7bf51af8b98471531023e96b094e.pkl,0
D:\08_Dataset\Internal\mar2020\pickle_files\083940766ceb1bdf341a76cb16d8c0d8a6685797.pkl,0
D:\08_Dataset\Internal\mar2020\pickle_files\29d4c5c0f7fbbe6b2af96dc4a832dac99e805bda.pkl,0
D:\08_Dataset\Internal\mar2020\pickle_files\21df547cdbc8bead0e2d9f033d740b15d554d21f.pkl,0
D:\08_Dataset\Internal\mar2020\pickle_files\e380f4cdc4f936fd3a3802fbc6a3671829d8326b.pkl,0
D:\08_Dataset\Internal\mar2020\pickle_files\c6effbced6eeeff0ef4f56ba075c19f831427d9f.pkl,0
D:\08_Dataset\Internal\mar2020\pickle_files\4983ef28e6e6f4eb81e40a27bf3e63e92d0888ab.pkl,0
D:\08_Dataset\Internal\mar2020\pickle_files\2da802dfc3b9a2fad91eb5c8d2afffb800a794eb.pkl,0
D:\08_Dataset\Internal\mar2020\pickle_files\2acf9323d59ad1ab6d71c3f9173588b3ba847817.pkl,0
D:\08_Dataset\Internal\mar2020\pickle_files\34ebbacb75a1acd6669c91565ca10cf3dad15476.pkl,0
D:\08_Dataset\Internal\mar2020\pickle_files\9cfb3452183456482559c01afda705edc77d81c0.pkl,0
D:\08_Dataset\Internal\mar2020\pickle_files\c0820e7cf4bb718425eb98366e47c812a402278c.pkl,0
D:\08_Dataset\Internal\mar2020\pickle_files\854555fd3be5a8e22b692c14a98d1f9c1672f2fd.pkl,0
D:\08_Dataset\Internal\mar2020\pickle_files\753aa42036963bbaebeb9aef372d4ef8b86a40cc.pkl,0
D:\08_Dataset\Internal\mar2020\pickle_files\bc1d7c9968ee92431f8ad9b4f8063b5b56f32ad5.pkl,0
D:\08_Dataset\Internal\mar2020\pickle_files\c787811b468caf5c2819e7bc42c1fb304b6c1a6d.pkl,0
D:\08_Dataset\Internal\mar2020\pickle_files\f9f1cc11b3b461c2bf35ff948e51ed369706a8dd.pkl,0
D:\08_Dataset\Internal\mar2020\pickle_files\44824f5bc5cc12c599f37a2b5bd122bb0fd6570a.pkl,0
D:\08_Dataset\Internal\mar2020\pickle_files\328e3001399693d40084629c19ee1b94c7092dc4.pkl,0
D:\08_Dataset\Internal\mar2020\pickle_files\b943bc4bcc9edf24cbc09380eb1c8764e9b7f923.pkl,0
D:\08_Dataset\Internal\mar2020\pickle_files\d17b6ed310e6b0e500b6bc4e688888f5cff280b5.pkl,0
D:\08_Dataset\Internal\mar2020\pickle_files\3fd18b2528958700a5370262796989b96e54928c.pkl,0
D:\08_Dataset\Internal\mar2020\pickle_files\a61fe2c45683c47ebb492ae791adb6bfd7c5e8d7.pkl,0
D:\08_Dataset\Internal\mar2020\pickle_files\efe844e32de85426444e207907a5b43a0d3afe21.pkl,0
D:\08_Dataset\Internal\mar2020\pickle_files\5c031a0251b814b6c1297b1f426c145c712dd688.pkl,0
D:\08_Dataset\Internal\mar2020\pickle_files\c5e43e4ab9fea736006cab0d203234d6365d7953.pkl,0
D:\08_Dataset\Internal\mar2020\pickle_files\b1c86476aacfc588edda691b6417d5267dd45776.pkl,0
D:\08_Dataset\Internal\mar2020\pickle_files\1b9c2920090d6ffbd48f521238666b90c8841ef4.pkl,0
D:\08_Dataset\Internal\mar2020\pickle_files\0d615343d5de03da03bce52e11b233093b404083.pkl,0
D:\08_Dataset\Internal\mar2020\pickle_files\219c3d2d134509083389e2a643409771212f4b8d.pkl,0
D:\08_Dataset\Internal\mar2020\pickle_files\827d9fd4186537ec3c7f4604fc320cc48e7d326d.pkl,0
D:\08_Dataset\Internal\mar2020\pickle_files\2c5014798030a185a0569ed76e80b3c1c9cd3d99.pkl,0
D:\08_Dataset\Internal\mar2020\pickle_files\ec25d82d2429909f62afd8810d5693c84c6ee09f.pkl,0
D:\08_Dataset\Internal\mar2020\pickle_files\4b9dd11befb53699e1d8a2cf4e024ba54ea21f2a.pkl,0
D:\08_Dataset\Internal\mar2020\pickle_files\5c05abd787e33e5491e504b2617c7ea7d5b49baa.pkl,0
D:\08_Dataset\Internal\mar2020\pickle_files\9e1d1aa78ae1fcd78fc1dce9d612eb51a4755d32.pkl,0
D:\08_Dataset\Internal\mar2020\pickle_files\da3265649a30014341d6885301fd52fa490a5d6f.pkl,0
D:\08_Dataset\Internal\mar2020\pickle_files\bda28919e672bdbf451eb35886d6af9443b1c52f.pkl,0
D:\08_Dataset\Internal\mar2020\pickle_files\fb88e05c246bc89d943e9667dc47f5c27f9056d3.pkl,0
D:\08_Dataset\Internal\mar2020\pickle_files\9f09c9e5b222c2383ad083656da176d5bcaa0641.pkl,0
D:\08_Dataset\Internal\mar2020\pickle_files\bc2cb97f09f70bd21225232a41af6206a62fa182.pkl,0
D:\08_Dataset\Internal\mar2020\pickle_files\b007be153ef1d5c5f3ff33532784df12cc2cb12f.pkl,0
D:\08_Dataset\Internal\mar2020\pickle_files\3613a799c8e35adc000a3503114ed0ec10071514.pkl,0
D:\08_Dataset\Internal\mar2020\pickle_files\fac459286df20bac5889e5ee26a71edb9e52df17.pkl,0
D:\08_Dataset\Internal\mar2020\pickle_files\e20122a2fda986fb192f095a0fe7068a78f477c1.pkl,0
D:\08_Dataset\Internal\mar2020\pickle_files\aa1b09b2405b33eb2490dba16d7d1363cfa04a4f.pkl,0
D:\08_Dataset\Internal\mar2020\pickle_files\fdb0b2ce5c8dc38ac514b4929cb2c8e9c3baa60f.pkl,0
D:\08_Dataset\Internal\mar2020\pickle_files\65358e845c218fa8769fe2f30c4d2c352208d110.pkl,0
D:\08_Dataset\Internal\mar2020\pickle_files\6131b383b76e5bc6732844f3cf317bbb08cb3470.pkl,0
D:\08_Dataset\Internal\mar2020\pickle_files\0f3a1cc0da4687d009673b257482f136c67f4363.pkl,0
D:\08_Dataset\Internal\mar2020\pickle_files\0a18e39dcd0a51bcf3bd6802facd688754b2fa30.pkl,0
D:\08_Dataset\Internal\mar2020\pickle_files\92cdba2e158500093ec051e130633cb92afc701b.pkl,0
D:\08_Dataset\Internal\mar2020\pickle_files\c85a67fdcea88e3a98e0f3a5b55a8d74fb3e1fa8.pkl,0
D:\08_Dataset\Internal\mar2020\pickle_files\33a8d9093607193b40f933d329c32767ff0b7ede.pkl,0
D:\08_Dataset\Internal\mar2020\pickle_files\7c7528ca82e5bc15b6465f06ef6eb64379cfb337.pkl,0
D:\08_Dataset\Internal\mar2020\pickle_files\991cb9c35fb0174ae01afbb60d6d6e6fee1b5352.pkl,0
D:\08_Dataset\Internal\mar2020\pickle_files\60df02ffb47e9d5caf42a45e35acca7cfc90527b.pkl,0
D:\08_Dataset\Internal\mar2020\pickle_files\d806fcb4998959df002b36411f2060859424ef11.pkl,0
D:\08_Dataset\Internal\mar2020\pickle_files\7a94dd1b30937f78e6a471b92e6fb5685b3d69cc.pkl,0
D:\08_Dataset\Internal\mar2020\pickle_files\b7c631c3aa56fc7a5fd20ac29826878b295e2e85.pkl,0
D:\08_Dataset\Internal\mar2020\pickle_files\fe2b1c5c6d201f01122c71519c4dede66d2a0159.pkl,0
D:\08_Dataset\Internal\mar2020\pickle_files\199c4445410b4b1e03ec44186e19d4dd50ebfc34.pkl,0
D:\08_Dataset\Internal\mar2020\pickle_files\bced2f1b3b55d319a13a2bfa7b545761e593e971.pkl,0
D:\08_Dataset\Internal\mar2020\pickle_files\e2f1f849d95f38b81361a7120fb6e51df3ad14de.pkl,0
D:\08_Dataset\Internal\mar2020\pickle_files\f160a1fad07cfddd469daa26ea1513a2b11664e6.pkl,0
D:\08_Dataset\Internal\mar2020\pickle_files\aad1ccce60255d15063186a61201fc9ebaef20e4.pkl,0
D:\08_Dataset\Internal\mar2020\pickle_files\f05e3cbeef25eb871683d6039c6685dbd2b439be.pkl,0
D:\08_Dataset\Internal\mar2020\pickle_files\08996ad4a9f1868697f71ddc1999372d22dcae52.pkl,0
D:\08_Dataset\Internal\mar2020\pickle_files\b989ccb6e1a4135b793ac793c60b53ad23a312da.pkl,0
D:\08_Dataset\Internal\mar2020\pickle_files\3023ddb8c1666d6ff587b1f163ad3beaaa50f07f.pkl,0
D:\08_Dataset\Internal\mar2020\pickle_files\98b85fda671c7e0794cc719ae7ab5e72e34d5d66.pkl,0
D:\08_Dataset\Internal\mar2020\pickle_files\49165244efc1f76a49e161e2bc77ec330375608b.pkl,0
D:\08_Dataset\Internal\mar2020\pickle_files\0744362b320753a2424fa8497e361b8739eb511e.pkl,0
D:\08_Dataset\Internal\mar2020\pickle_files\b861a727c7f6bba4c944b1818e8b224044ff56b4.pkl,0
D:\08_Dataset\Internal\mar2020\pickle_files\1bba4f6019eece1be6b030495706bda923dea7ff.pkl,0
D:\08_Dataset\Internal\mar2020\pickle_files\46fa463dbe2d238a657af5ee3f613bef723fad39.pkl,0
D:\08_Dataset\Internal\mar2020\pickle_files\fdf9aa1422cca83b131f64acddd0bf8136e2e28f.pkl,0
D:\08_Dataset\Internal\mar2020\pickle_files\365ebafcbf68295de86fc5e6b68b02ed14dc7ec5.pkl,0
D:\08_Dataset\Internal\mar2020\pickle_files\c66fc23fa84a58ef0a43dbbef4dbbb59ce542b4d.pkl,0
D:\08_Dataset\Internal\mar2020\pickle_files\6969270fa3ad5a49e9bd9a3621bd863d277227cb.pkl,0
D:\08_Dataset\Internal\mar2020\pickle_files\ff64f120600eac3ab748b2a071383f2447487fd9.pkl,0
D:\08_Dataset\Internal\mar2020\pickle_files\443d938cc4086895fedce43d21f5883cd1de1a73.pkl,0
D:\08_Dataset\Internal\mar2020\pickle_files\0167cbce614356969d0b3c82d20958f50e3c5626.pkl,0
D:\08_Dataset\Internal\mar2020\pickle_files\a36ad8f07870d95d62632db9902ad379471ad3b7.pkl,0
D:\08_Dataset\Internal\mar2020\pickle_files\d8113c14aaddb4fbe6d252a72237202c4fdc8b46.pkl,0
D:\08_Dataset\Internal\mar2020\pickle_files\58451f0167a28974b33e72afb2d938c3182c555a.pkl,0
D:\08_Dataset\Internal\mar2020\pickle_files\94f22a3e568f25e246e3d8c57c922eb8cba3e769.pkl,0
D:\08_Dataset\Internal\mar2020\pickle_files\85dac562e743a26f5c0543796a4eb346b5d53a10.pkl,0
D:\08_Dataset\Internal\mar2020\pickle_files\bd2e8296900b08471c0c4288f61249c95d8a7455.pkl,0
D:\08_Dataset\Internal\mar2020\pickle_files\264f468293d8be8ff45051ad41b2b370622a5e74.pkl,0
D:\08_Dataset\Internal\mar2020\pickle_files\3bdbc431cc6d06ac1de71b0fa3ed2a7885712723.pkl,0
D:\08_Dataset\Internal\mar2020\pickle_files\92b7fbfaad2ac5a38430d3fb05d4fc68481220c7.pkl,0
D:\08_Dataset\Internal\mar2020\pickle_files\86ea800d844784f341f5f0e3c20112cd1f847a02.pkl,0
D:\08_Dataset\Internal\mar2020\pickle_files\481b3296f992b34aae680381a9b84d3c7ac83272.pkl,0
D:\08_Dataset\Internal\mar2020\pickle_files\fb0a150601470195c47b4e8d87fcb3f50292beb2.pkl,0
D:\08_Dataset\Internal\mar2020\pickle_files\287fdadfd67da57505ff45abf750928303349ba9.pkl,0
D:\08_Dataset\Internal\mar2020\pickle_files\bdcdb133ad6ef9e02c4dc34e145164666fca5b8f.pkl,0
D:\08_Dataset\Internal\mar2020\pickle_files\9c8f76037139278778adefed8c4851fd9be7efd8.pkl,0
D:\08_Dataset\Internal\mar2020\pickle_files\065650f7e65baf67ef6416280c8b64f50ef299f5.pkl,0
D:\08_Dataset\Internal\mar2020\pickle_files\ac2780ae60433a3bcb7cad4c52dc95e4af23929e.pkl,0
D:\08_Dataset\Internal\mar2020\pickle_files\76e62306308f7472b37918db1884c4a36fbf9e0a.pkl,0
D:\08_Dataset\Internal\mar2020\pickle_files\bd40fc819523e1a3d9cd62d4820355817e9c4f2c.pkl,0
D:\08_Dataset\Internal\mar2020\pickle_files\1227a5f50f81d8060d2b6a1f6d8d17fe33324896.pkl,0
D:\08_Dataset\Internal\mar2020\pickle_files\8db322dc58b5a9721c4d7f367ddd8fbc6d0859e2.pkl,0
D:\08_Dataset\Internal\mar2020\pickle_files\8cea1e7e0a2c437c92d389ab21a9c66f2dc59331.pkl,0
D:\08_Dataset\Internal\mar2020\pickle_files\bcaffa50212794a06580d2f75e6cba03fff8334e.pkl,0
D:\08_Dataset\Internal\mar2020\pickle_files\f1d79de6374ef7ad34e8bdc1e84228cd0941a4b3.pkl,0
D:\08_Dataset\Internal\mar2020\pickle_files\4b3e2e032107bae88560a4c7bbce266a8ca3d5a3.pkl,0
D:\08_Dataset\Internal\mar2020\pickle_files\4346648846b48093106ba4f3bc4bec83c559d7d8.pkl,0
D:\08_Dataset\Internal\mar2020\pickle_files\f947f03258d6d1b53a8ab3b3a4710561cb096654.pkl,0
D:\08_Dataset\Internal\mar2020\pickle_files\8691505dadac8499929a9bf92deade5c832fdd70.pkl,0
D:\08_Dataset\Internal\mar2020\pickle_files\7e2ba396cb13d9706bae2b930f091905dd2bd0b7.pkl,0
D:\08_Dataset\Internal\mar2020\pickle_files\42bf0bb282512e4c638b8f03617dd973ee09afd9.pkl,0
D:\08_Dataset\Internal\mar2020\pickle_files\2a0f86b8f0300a1300a04ef50a7ebc96743f18a8.pkl,0
D:\08_Dataset\Internal\mar2020\pickle_files\5b093c630b79ccc2c657e5a9a06e3511bb7b945c.pkl,0
D:\08_Dataset\Internal\mar2020\pickle_files\1c993e5a751f9591e933bef077a4a72e7a26edfc.pkl,0
D:\08_Dataset\Internal\mar2020\pickle_files\9f19374baf9822eca175e9189ec3107cac1e2131.pkl,0
D:\08_Dataset\Internal\mar2020\pickle_files\f54494411509ec122e21c0092ecce123b93acb38.pkl,0
D:\08_Dataset\Internal\mar2020\pickle_files\182164292e382455f00349625dd5fd1e41dcc0c8.pkl,0
D:\08_Dataset\Internal\mar2020\pickle_files\fff2c15de13e4b0ee5f3be29443326493db30274.pkl,0
D:\08_Dataset\Internal\mar2020\pickle_files\6809a303264d78947bd3ef2983def20029931f94.pkl,0
D:\08_Dataset\Internal\mar2020\pickle_files\93fb0c000d9760b719b961d551a2d46037649801.pkl,0
D:\08_Dataset\Internal\mar2020\pickle_files\5dac36541125bf5b48b77ba3fa8994711533df3d.pkl,0
D:\08_Dataset\Internal\mar2020\pickle_files\d69ac2f004656445ee557beb99bd0d33a5f49518.pkl,0
D:\08_Dataset\Internal\mar2020\pickle_files\57a42fb97d37d9c573fe0c7ed8fc6a87ea7047e3.pkl,0
D:\08_Dataset\Internal\mar2020\pickle_files\325583d100bab9af492f736cf9e2b49755d89369.pkl,0
D:\08_Dataset\Internal\mar2020\pickle_files\df6ce7d314ccf058df1ea9da130eb85484e99636.pkl,0
D:\08_Dataset\Internal\mar2020\pickle_files\14412a4188c4ff8db5efa03b4ce5cc4c55c8cf39.pkl,0
D:\08_Dataset\Internal\mar2020\pickle_files\6c91503c541fb2feec0cd5b6261a5d7f6568ddf0.pkl,0
D:\08_Dataset\Internal\mar2020\pickle_files\7f18e7629d9b436637dd88efaa2607fcaa2292d6.pkl,0
D:\08_Dataset\Internal\mar2020\pickle_files\3f704a5a8f284cf957eeee23337d14a649cd9c1a.pkl,0
D:\08_Dataset\Internal\mar2020\pickle_files\2df243f0f2958c799e4c848419498e0f23123d88.pkl,0
D:\08_Dataset\Internal\mar2020\pickle_files\eaf75ff2113e3abbd2695c8555e822a1581bcba8.pkl,0
D:\08_Dataset\Internal\mar2020\pickle_files\f224776466d7adc492d1a6678b8e8f95212d5d58.pkl,0
D:\08_Dataset\Internal\mar2020\pickle_files\deef6dbbe2a19cc6cd31053b9016039ac8539ab7.pkl,0
D:\08_Dataset\Internal\mar2020\pickle_files\7d8dfdb209621b5e2700842fd301c74c3a3896ad.pkl,0
D:\08_Dataset\Internal\mar2020\pickle_files\079206b1f75356d243c9844d912b5a3464dfc14d.pkl,0
D:\08_Dataset\Internal\mar2020\pickle_files\540c56669705d9a4db0e76e8b43047eb7d5e53d6.pkl,0
D:\08_Dataset\Internal\mar2020\pickle_files\858239527a04cf0b98c6bd125c7b37ced4ca8d0f.pkl,0
D:\08_Dataset\Internal\mar2020\pickle_files\e3116e1ce7a29bda79079aab298cd3c1a8c28b40.pkl,0
D:\08_Dataset\Internal\mar2020\pickle_files\bd69f87db2c1962efcce2f5f6dfd394f519f6375.pkl,0
D:\08_Dataset\Internal\mar2020\pickle_files\50010ce3c9098be31b2d0b9bbaf596c398574cea.pkl,0
D:\08_Dataset\Internal\mar2020\pickle_files\d177fc91ad0e683eb4f3910a2ca2e28b83f3b2ce.pkl,0
D:\08_Dataset\Internal\mar2020\pickle_files\a33f328739b98a3014f79e5282263c63cbe62f06.pkl,0
D:\08_Dataset\Internal\mar2020\pickle_files\d534bcec614cd05991ebb8a27ec30d7cc24edf62.pkl,0
D:\08_Dataset\Internal\mar2020\pickle_files\38d18f26ea788ae72b69d5a43490a1531336f0c0.pkl,0
D:\08_Dataset\Internal\mar2020\pickle_files\879a0b631ae09ec642c10945fbc4b81049932999.pkl,0
D:\08_Dataset\Internal\mar2020\pickle_files\416f1149be1b2c709e151dc054f49aa4c0d0ef7b.pkl,0
D:\08_Dataset\Internal\mar2020\pickle_files\d9254833b4c42a83237ed6765dfa8f6ad9532d31.pkl,0
D:\08_Dataset\Internal\mar2020\pickle_files\f6dad102c4e4164d309b1519e930bf4e382fca44.pkl,0
D:\08_Dataset\Internal\mar2020\pickle_files\691ac855f617734bc4ebeebf27bd0ca1bab44596.pkl,0
D:\08_Dataset\Internal\mar2020\pickle_files\7bcd946326b67f806b3db4595ede9fbdf29d0c36.pkl,0
D:\08_Dataset\Internal\mar2020\pickle_files\f308252056a156e9e19326000f96beff4d153db8.pkl,0
D:\08_Dataset\Internal\mar2020\pickle_files\3c52c5eda7541c3570df145ab95f786ac04efdc1.pkl,0
D:\08_Dataset\Internal\mar2020\pickle_files\6fd18758d9c28b6047864c5b77f019911a58c9a6.pkl,0
D:\08_Dataset\Internal\mar2020\pickle_files\9d35075fdab103c009a25a8ea141a1403a5126f5.pkl,0
D:\08_Dataset\Internal\mar2020\pickle_files\010a86cc83aa9ec7408fc10ac9253b2b7dfc61e9.pkl,0
D:\08_Dataset\Internal\mar2020\pickle_files\2605aa85ff739c4b465edf8c12326f663fcaf2be.pkl,0
D:\08_Dataset\Internal\mar2020\pickle_files\330af97865052ba1fac8e615867a64c23d8547fe.pkl,0
D:\08_Dataset\Internal\mar2020\pickle_files\45bbbb75becf4511cf6198fab225a05e25a23418.pkl,0
D:\08_Dataset\Internal\mar2020\pickle_files\8ab2b57ac5abe7fd25c9792c80c62445e46e143b.pkl,0
D:\08_Dataset\Internal\mar2020\pickle_files\9d087a9a1c6312afb5deaad13b6360a3e7cbbfc9.pkl,0
D:\08_Dataset\Internal\mar2020\pickle_files\7641a96e88ae6eccd1efefee75a3f00a86e31cce.pkl,0
D:\08_Dataset\Internal\mar2020\pickle_files\97ff288a9a41ac50bb1aaba50145408b5c50a7f3.pkl,0
D:\08_Dataset\Internal\mar2020\pickle_files\fc42c4353d69d58e5d8ba1780a00336db2948047.pkl,0
D:\08_Dataset\Internal\mar2020\pickle_files\0f66b90695eedb7cbc14dd9978d832e8ac8f44c0.pkl,0
D:\08_Dataset\Internal\mar2020\pickle_files\9a1dc14d0a82d4effa611b250b1ef7e2e34b45ee.pkl,0
D:\08_Dataset\Internal\mar2020\pickle_files\bab22a92b554cbefdcc6d30ab1a61a6fd6395feb.pkl,0
D:\08_Dataset\Internal\mar2020\pickle_files\771e1d0f59abfc594b5dec1538a983143375b25b.pkl,0
D:\08_Dataset\Internal\mar2020\pickle_files\d5837f654f5a7d8ba8a0aa783b539598c6caaf6b.pkl,0
D:\08_Dataset\Internal\mar2020\pickle_files\1f0a68fa8abe3abbedb2d52b24fd805aeb90f2f1.pkl,0
D:\08_Dataset\Internal\mar2020\pickle_files\c49300c4b2b9cece94861f7f25e5bf3c9d184e4d.pkl,0
D:\08_Dataset\Internal\mar2020\pickle_files\9b6bdfb9d648fa422f54ec07b8c8ea70389c09eb.pkl,0
D:\08_Dataset\Internal\mar2020\pickle_files\0513f88eb78be04b2fb48fea8bf43491ef33443a.pkl,0
D:\08_Dataset\Internal\mar2020\pickle_files\82dbf7d0a1336456672d541943e70d40a435ba54.pkl,0
D:\08_Dataset\Internal\mar2020\pickle_files\b42df9fde9fb27b83316afb2e40cea23c4d5d24a.pkl,0
D:\08_Dataset\Internal\mar2020\pickle_files\36f01d2bedcc2fd939e5da653013350f2de43581.pkl,0
D:\08_Dataset\Internal\mar2020\pickle_files\35cb02393b2eb61c528bc035cdd70292ddf01e0c.pkl,0
D:\08_Dataset\Internal\mar2020\pickle_files\b1a6ead824c040bf3663d8a3fb6844adc142fb61.pkl,0
D:\08_Dataset\Internal\mar2020\pickle_files\66127b3de15ac3b0fc71bad788fd75ef032d5af5.pkl,0
D:\08_Dataset\Internal\mar2020\pickle_files\68a928cc8f969ec0fb54edf18a89ca506154c188.pkl,0
D:\08_Dataset\Internal\mar2020\pickle_files\dda5fc0e6f98a45ab7e2c735b0c785f0da5359ae.pkl,0
D:\08_Dataset\Internal\mar2020\pickle_files\fbadcb6d055d2dfad5d222a139358d9387f10f4c.pkl,0
D:\08_Dataset\Internal\mar2020\pickle_files\9a0fdfb801ab76eedbbd0e18430af72556a28d0d.pkl,0
D:\08_Dataset\Internal\mar2020\pickle_files\7f8fe5a73584f07523dade6c36655011dd14f8df.pkl,0
D:\08_Dataset\Internal\mar2020\pickle_files\559dd2cdf5d93d05419c341077518e92902959af.pkl,0
D:\08_Dataset\Internal\mar2020\pickle_files\368789a07025035d14871e0788877b60a9d42522.pkl,0
D:\08_Dataset\Internal\mar2020\pickle_files\d504f97bd0b8db996a260579eb2bf4f53e367cbd.pkl,0
D:\08_Dataset\Internal\mar2020\pickle_files\311c639ea3c0312f4364a35e882b05c361b843dd.pkl,0
D:\08_Dataset\Internal\mar2020\pickle_files\cdb4fdb8526e6b0875b65f016f2fcb71658a5c37.pkl,0
D:\08_Dataset\Internal\mar2020\pickle_files\4c46c68701ff8484c8ce44373e8d3bb40d41f9c8.pkl,0
D:\08_Dataset\Internal\mar2020\pickle_files\767b2dfdb88a7389673668a6b3a5a52d4a4cff97.pkl,0
D:\08_Dataset\Internal\mar2020\pickle_files\553b26d0a7688d478231bfaa63f3c0bdcac9f3c5.pkl,0
D:\08_Dataset\Internal\mar2020\pickle_files\bf45ad68effae2ae3e7f34fe09785a179fde6130.pkl,0
D:\08_Dataset\Internal\mar2020\pickle_files\55964efb6ad1ed86a059ed93b88b67233bf2c237.pkl,0
D:\08_Dataset\Internal\mar2020\pickle_files\015ea9e86198caec953e087d1bd2f5018b9dc858.pkl,0
D:\08_Dataset\Internal\mar2020\pickle_files\3a3fc8f5a28f1a58e3903ebc391eab353002f1f4.pkl,0
D:\08_Dataset\Internal\mar2020\pickle_files\b7f737472a452446439b0e8cbdcafb0fa535c825.pkl,0
D:\08_Dataset\Internal\mar2020\pickle_files\ac4dfc581737a0d88b76802cb5ed7856af234435.pkl,0
D:\08_Dataset\Internal\mar2020\pickle_files\3184288af57130ca7ecd7984e3369c74aa2b72f8.pkl,0
D:\08_Dataset\Internal\mar2020\pickle_files\80a453b353bff29c30db6acdbd1e85d44601cd71.pkl,0
D:\08_Dataset\Internal\mar2020\pickle_files\18a70c3ccdab03e2367291fe54198cde1097a69e.pkl,0
D:\08_Dataset\Internal\mar2020\pickle_files\e73f9d6ba3a77cb4af30428475aa0a68bd91dfd4.pkl,0
D:\08_Dataset\Internal\mar2020\pickle_files\ad96f08559951f2cd3c37c112209fb1b713c63c0.pkl,0
D:\08_Dataset\Internal\mar2020\pickle_files\1ffa59657f23638268444796ad7f9e724b6c2164.pkl,0
D:\08_Dataset\Internal\mar2020\pickle_files\1b6c848f0269713fe549a738d36223fa0a4eb9c0.pkl,0
D:\08_Dataset\Internal\mar2020\pickle_files\5688bf469690647ce139bf8e0ca21794e77636d7.pkl,0
D:\08_Dataset\Internal\mar2020\pickle_files\4ee641c9595843e31d9f2c8c4bf702be0444c6e4.pkl,0
D:\08_Dataset\Internal\mar2020\pickle_files\d9574f409fe166c843ffbcb1d3fb1b22ed88bf89.pkl,0
D:\08_Dataset\Internal\mar2020\pickle_files\dc0f871b80e62e86412f6999df0ed29c8d063914.pkl,0
D:\08_Dataset\Internal\mar2020\pickle_files\6d24611a02b10c83846f906ba16783ac3215ea65.pkl,0
D:\08_Dataset\Internal\mar2020\pickle_files\4dcbe3b75549e3f8d497bc9a0f79bea0bd31f46c.pkl,0
D:\08_Dataset\Internal\mar2020\pickle_files\ef8cd0f9ef1e20b119f1908978d2e74b587c275e.pkl,0
D:\08_Dataset\Internal\mar2020\pickle_files\0bc86e708984a656c4ef01ec20553851049b8829.pkl,0
D:\08_Dataset\Internal\mar2020\pickle_files\078e4ec4f7c21c160db422d36f26c72f1e43f972.pkl,0
D:\08_Dataset\Internal\mar2020\pickle_files\9bcba378189c2f1cb00f82c0539e0e9b8ff0b6c1.pkl,0
D:\08_Dataset\Internal\mar2020\pickle_files\2ed03ba6ef4be5913bf352741ee89b220cd3ff2c.pkl,0
D:\08_Dataset\Internal\mar2020\pickle_files\4d2ad9d24bf539ed0e50e6429efe80a122917261.pkl,0
D:\08_Dataset\Internal\mar2020\pickle_files\5012626b8f23ff32a45ee33b51e4a4465f83636b.pkl,0
D:\08_Dataset\Internal\mar2020\pickle_files\0a8d5a3128416677c8ab38d1845f3772f8a43523.pkl,0
D:\08_Dataset\Internal\mar2020\pickle_files\3e048e07a5d589ea5d77166e1227d20466c60171.pkl,0
D:\08_Dataset\Internal\mar2020\pickle_files\6ff63301d1c1ca5a809e6e4c2297a202ea36eb27.pkl,0
D:\08_Dataset\Internal\mar2020\pickle_files\803c83cc95928b28667a6e425fab8bf3916f2226.pkl,0
D:\08_Dataset\Internal\mar2020\pickle_files\92c24e384d5dbdd8d22448f8d1b515016b31b9d9.pkl,0
D:\08_Dataset\Internal\mar2020\pickle_files\ee7e8b00ecf56691b47d5c1577672c83c271bd66.pkl,0
D:\08_Dataset\Internal\mar2020\pickle_files\c4ccd065f6d551a01de86599e36bf90390e101cd.pkl,0
D:\08_Dataset\Internal\mar2020\pickle_files\06ad9b3b5fb3c1731f405da9542cdc8906cea71a.pkl,0
D:\08_Dataset\Internal\mar2020\pickle_files\022fd2cf6124c0d02f9df5555e9114be7ef287a9.pkl,0
D:\08_Dataset\Internal\mar2020\pickle_files\0bca71b30d9fd284f32502b2a9756d4b9efaf2e2.pkl,0
D:\08_Dataset\Internal\mar2020\pickle_files\61d27c7c83844700437caa79d8f5cd8abe9ed3e6.pkl,0
D:\08_Dataset\Internal\mar2020\pickle_files\c0f28b8b857bc50da2adbc6a029d2a6996c6593d.pkl,0
D:\08_Dataset\Internal\mar2020\pickle_files\adb2d29b3e71dffae98c7733225d12ef291124b8.pkl,0
D:\08_Dataset\Internal\mar2020\pickle_files\13fd84d82632e6c87b8dbdb872cc6fddbbda2c91.pkl,0
D:\08_Dataset\Internal\mar2020\pickle_files\8496204bedabaaa44532d76e91f2ce10cb3b2dd7.pkl,0
D:\08_Dataset\Internal\mar2020\pickle_files\75ac9a728075973fa20d6b8c6a417c06caf18c07.pkl,0
D:\08_Dataset\Internal\mar2020\pickle_files\00e2fd11f9f19df3320455ec3e8230cec91f43c9.pkl,0
D:\08_Dataset\Internal\mar2020\pickle_files\84acbb0ef47743aa504a8d3d53cba1b349a94a73.pkl,0
D:\08_Dataset\Internal\mar2020\pickle_files\4ebd0d98b26cb2600a54abb2281fbcfca2a9f2b7.pkl,0
D:\08_Dataset\Internal\mar2020\pickle_files\9589b7b51791c5bb819cbee9f85d49249602768a.pkl,0
D:\08_Dataset\Internal\mar2020\pickle_files\292bac9e04245dbe01cda875133903a2866c0ab2.pkl,0
D:\08_Dataset\Internal\mar2020\pickle_files\a4dbc1c6ff6beeedd55a4705f030688c3dd25ed3.pkl,0
D:\08_Dataset\Internal\mar2020\pickle_files\bbe5a5301dd7c5006472621ceec2ba917d142aa8.pkl,0
D:\08_Dataset\Internal\mar2020\pickle_files\c4baa0a4a0501e067c0106e7103c4da51943fcfa.pkl,0
D:\08_Dataset\Internal\mar2020\pickle_files\e09e86ac8aa4a7138c952de81df3557b9a9c6ac3.pkl,0
D:\08_Dataset\Internal\mar2020\pickle_files\4023d8581fee4a4d52ef187f007549833f2bae34.pkl,0
D:\08_Dataset\Internal\mar2020\pickle_files\826827489501345c89bbe45256f5484c960da3ad.pkl,0
D:\08_Dataset\Internal\mar2020\pickle_files\d6ed4287b278c9325924054e4c83ebaa884587ca.pkl,0
D:\08_Dataset\Internal\mar2020\pickle_files\453c70e4b12ecabe860866165ad39de6361215fd.pkl,0
D:\08_Dataset\Internal\mar2020\pickle_files\85700ed2dd0d9857cfee9ee00dc6bbed0a87107c.pkl,0
D:\08_Dataset\Internal\mar2020\pickle_files\bfb3d979494c4651b46ef4a159dbd5f37f46fdd2.pkl,0
D:\08_Dataset\Internal\mar2020\pickle_files\4a9eeca5a276f2bbd9ac35b5e17eba58dffc5abd.pkl,0
D:\08_Dataset\Internal\mar2020\pickle_files\795d66d3792eb5215ab266fee34ffb5f2054e927.pkl,0
D:\08_Dataset\Internal\mar2020\pickle_files\c6f69bbf1d0581480bf8a31f50b989eb72a1d524.pkl,0
D:\08_Dataset\Internal\mar2020\pickle_files\c738c83405561466288f6ed4bd7bbb7c00ea3518.pkl,0
D:\08_Dataset\Internal\mar2020\pickle_files\dfdde2af96dd53bcd64535fb394bdf348e84d3ec.pkl,0
D:\08_Dataset\Internal\mar2020\pickle_files\15d308919d9e5fa7651b274a982059bd0db37acf.pkl,0
D:\08_Dataset\Internal\mar2020\pickle_files\5368cb7a466d559eb74c53040f719d823cbe4dfc.pkl,0
D:\08_Dataset\Internal\mar2020\pickle_files\b05eb5733148da842131dc8bc8ece4e617b51cc1.pkl,0
D:\08_Dataset\Internal\mar2020\pickle_files\4dfff0cd5e51229b5a40a989522cd8abb5eb9ad1.pkl,0
D:\08_Dataset\Internal\mar2020\pickle_files\fdd938db8e2f39f460dcc521deb81f109cfe4eaa.pkl,0
D:\08_Dataset\Internal\mar2020\pickle_files\c97cb9fb04bb279ab7ebd330d00850a685d3eab3.pkl,0
D:\08_Dataset\Internal\mar2020\pickle_files\923409be6c1b183c74da221dd23a42b4b981ba19.pkl,0
D:\08_Dataset\Internal\mar2020\pickle_files\566aa53f4cf26f58c05afa61334f60baea74365b.pkl,0
D:\08_Dataset\Internal\mar2020\pickle_files\94da6ba16fb34f811bc1a66dd6b43b9560ef7f2e.pkl,0
D:\08_Dataset\Internal\mar2020\pickle_files\f92dd0bda4a34d3bceb389eac440918ab784cc6b.pkl,0
D:\08_Dataset\Internal\mar2020\pickle_files\cd1d743c671091de497c32b22b255ea0a97f9663.pkl,0
D:\08_Dataset\Internal\mar2020\pickle_files\4f2a3627ad86264edfc89edbaceb61e1b22f1eaa.pkl,0
D:\08_Dataset\Internal\mar2020\pickle_files\4be0aeb610e889cf9ed5ab045eda9fe029626756.pkl,0
D:\08_Dataset\Internal\mar2020\pickle_files\ab52f6b616cc802383c67d76693684f7c83a18f7.pkl,0
D:\08_Dataset\Internal\mar2020\pickle_files\fc82262cec7672ea2f20ba53f9cef723aa9cef67.pkl,0
D:\08_Dataset\Internal\mar2020\pickle_files\72c86044368089202f330a3756632773697e84b6.pkl,0
D:\08_Dataset\Internal\mar2020\pickle_files\982bd21363be52b38e0ce57d6cfd88d1d5afe5eb.pkl,0
D:\08_Dataset\Internal\mar2020\pickle_files\5e8071c6d91edfe459c9cf50313d515acd38bfdb.pkl,0
D:\08_Dataset\Internal\mar2020\pickle_files\3dc0fedb744d6f57d4f94b2e7ae2b8ebef901acb.pkl,0
D:\08_Dataset\Internal\mar2020\pickle_files\deb17eb341b6fa43829768f68129db67793dd0fa.pkl,0
D:\08_Dataset\Internal\mar2020\pickle_files\fea432b27c571892aeec73e64db3f3e079cc4d20.pkl,0
D:\08_Dataset\Internal\mar2020\pickle_files\6b5836c6ae9036b4f6205bea7925676292babbab.pkl,0
D:\08_Dataset\Internal\mar2020\pickle_files\83eb761ead3d7b97eb1769cb2ac484116169583f.pkl,0
D:\08_Dataset\Internal\mar2020\pickle_files\5443a8b1f09e3a25dbd7d0619a9ff2f52a6042c1.pkl,0
D:\08_Dataset\Internal\mar2020\pickle_files\78fb84a05127bd6a9872062699281604455037cc.pkl,0
D:\08_Dataset\Internal\mar2020\pickle_files\4b1c9b754c1278410c92dd34280d78d1ae65f7f9.pkl,0
D:\08_Dataset\Internal\mar2020\pickle_files\37d1c83da81109201b037e60866c0d76e3c1714a.pkl,0
D:\08_Dataset\Internal\mar2020\pickle_files\91a4bddce5d5da575a9b8d402fb257610c05155a.pkl,0
D:\08_Dataset\Internal\mar2020\pickle_files\301bb9951b3363c2a7d9fcd75830aace96afee9c.pkl,0
D:\08_Dataset\Internal\mar2020\pickle_files\64707933461c0f84f97470d705513d8b70f5051e.pkl,0
D:\08_Dataset\Internal\mar2020\pickle_files\d9a20271a6408fe37e4e4db702f0e47e6ec9709c.pkl,0
D:\08_Dataset\Internal\mar2020\pickle_files\3cb179851d8e0ec4708d0bed5cd9fd347de6aa42.pkl,0
D:\08_Dataset\Internal\mar2020\pickle_files\06fe485e6ec3846c71a2a518a063715e0d685104.pkl,0
D:\08_Dataset\Internal\mar2020\pickle_files\88d37980d5dbf1ccdf52c8415a44e532d14fe1fd.pkl,0
D:\08_Dataset\Internal\mar2020\pickle_files\22161f856f6ae36dadbc3ee956f893748b90cc63.pkl,0
D:\08_Dataset\Internal\mar2020\pickle_files\29fb13bad75f7b51abe5b154d043edebc234c8c5.pkl,0
D:\08_Dataset\Internal\mar2020\pickle_files\c032357de1f013a632a004b1bae660cda2761be4.pkl,0
D:\08_Dataset\Internal\mar2020\pickle_files\73ffaa60bd353fc4146a382ea9a8d491e6e07798.pkl,0
D:\08_Dataset\Internal\mar2020\pickle_files\94e65d0ba4767120548582ac8a785e0ae71ce1d6.pkl,0
D:\08_Dataset\Internal\mar2020\pickle_files\f1ace1a241bab6efb3c7059a68b6e9bbe258da83.pkl,0
D:\08_Dataset\Internal\mar2020\pickle_files\79f96acfc517346b517b2601ec133c9cb50406c1.pkl,0
D:\08_Dataset\Internal\mar2020\pickle_files\cb07c07bedb97c0f7a361b9006881f7d7f6f8807.pkl,0
D:\08_Dataset\Internal\mar2020\pickle_files\5e0ae1f2d9c3207b54c9e6bed1719d8d8a79d48a.pkl,0
D:\08_Dataset\Internal\mar2020\pickle_files\fe41e35485d4c5b61ec555c1c38965f837759585.pkl,0
D:\08_Dataset\Internal\mar2020\pickle_files\3389c151267b428cdbd7274185345d075efdf51e.pkl,0
D:\08_Dataset\Internal\mar2020\pickle_files\aee95127c53bebc00083445c157e1b3446440bf7.pkl,0
D:\08_Dataset\Internal\mar2020\pickle_files\8e502f0bb08716f72e5db462869088803eba1e79.pkl,0
D:\08_Dataset\Internal\mar2020\pickle_files\f314486336276fc34ed803e698b1b5835185e36f.pkl,0
D:\08_Dataset\Internal\mar2020\pickle_files\89c5ae98b95d24553dffdea3ba8dfcc5db76abce.pkl,0
D:\08_Dataset\Internal\mar2020\pickle_files\e2840ec54a26f5d22fc98ccf47254627b6da2212.pkl,0
D:\08_Dataset\Internal\mar2020\pickle_files\db4618172eb2d80424d3556408d71471c29ff80b.pkl,0
D:\08_Dataset\Internal\mar2020\pickle_files\2566377e90cd93e86df5bf8adab60cfa300c6173.pkl,0
D:\08_Dataset\Internal\mar2020\pickle_files\ce6412e96e60500ff1cad292835fb56f652ba337.pkl,0
D:\08_Dataset\Internal\mar2020\pickle_files\b8c42c1e92ab3d5285101b3772ca3394b620853d.pkl,0
D:\08_Dataset\Internal\mar2020\pickle_files\c59a99400c75bc69e012fdc1271b8f009da4871a.pkl,0
D:\08_Dataset\Internal\mar2020\pickle_files\59940526e8d8e305177f530427a093408b86e29a.pkl,0
D:\08_Dataset\Internal\mar2020\pickle_files\0558f8975cebe341bbfa5d95356406307c446892.pkl,0
D:\08_Dataset\Internal\mar2020\pickle_files\603c47e067201e0b214bc2005e2f0738bf607f4e.pkl,0
D:\08_Dataset\Internal\mar2020\pickle_files\387e31ba4ca84aba039558d6f71ae8dd85cdf966.pkl,0
D:\08_Dataset\Internal\mar2020\pickle_files\9e504ef2ba72bf4efbcb5203d55a8e79496beda1.pkl,0
D:\08_Dataset\Internal\mar2020\pickle_files\82671680c2fd7037e3982da62227bfa9611f91ee.pkl,0
D:\08_Dataset\Internal\mar2020\pickle_files\29fb838fbd018f0f9b21657830d8f265f56290a5.pkl,0
D:\08_Dataset\Internal\mar2020\pickle_files\80362b36a0f6e63d39d7a302eda27d088202db53.pkl,0
D:\08_Dataset\Internal\mar2020\pickle_files\d8ab398788498568f9674f43b5bfe48b94276b74.pkl,0
D:\08_Dataset\Internal\mar2020\pickle_files\abe651e98f2edd2dc4449e66eee7e37c733e2e50.pkl,0
D:\08_Dataset\Internal\mar2020\pickle_files\545f885f31333d1207f7cca593b6ff3c0dffd89a.pkl,0
D:\08_Dataset\Internal\mar2020\pickle_files\2ae917d38ec008eb57904da3cda8809089f1ff98.pkl,0
D:\08_Dataset\Internal\mar2020\pickle_files\14d2de25f6ebbdcae227f3b4e5a1c936b1c16c3e.pkl,0
D:\08_Dataset\Internal\mar2020\pickle_files\10442809395be423008a29b60da8f2e3dda1b297.pkl,0
D:\08_Dataset\Internal\mar2020\pickle_files\c94a3dd785b20d3b9ef0681516ab074ee7e3d820.pkl,0
D:\08_Dataset\Internal\mar2020\pickle_files\dc7f6de817ca9852b695b3414cf4d52c77806bf7.pkl,0
D:\08_Dataset\Internal\mar2020\pickle_files\945a285fe948d63290085c289170258f4b865636.pkl,0
D:\08_Dataset\Internal\mar2020\pickle_files\135da73fffe121b401c357724fe40bdfa219bed4.pkl,0
D:\08_Dataset\Internal\mar2020\pickle_files\e839ce1e0446d8da889935f411f0fb7ad54d4b3e.pkl,0
D:\08_Dataset\Internal\mar2020\pickle_files\032292dad7855665c3b5bf7c05eedd96de746abe.pkl,0
D:\08_Dataset\Internal\mar2020\pickle_files\b89db8eb15cf2ba88089d416cde2c370f9a4385c.pkl,0
D:\08_Dataset\Internal\mar2020\pickle_files\a0cdb4e9bd48998b084d2a1710671e56318c70d8.pkl,0
D:\08_Dataset\Internal\mar2020\pickle_files\a569ffb1904072a59fb2ea52e8eef07b15c8a2b6.pkl,0
D:\08_Dataset\Internal\mar2020\pickle_files\b3caf3e6a9274d851a7b96cc744b325158bdfbcb.pkl,0
D:\08_Dataset\Internal\mar2020\pickle_files\f3d79979e8e6bf931582fc364b36a9ede60480b6.pkl,0
D:\08_Dataset\Internal\mar2020\pickle_files\fb6029e510d644f4690904247c4c5ac9e70b1a42.pkl,0
D:\08_Dataset\Internal\mar2020\pickle_files\031ab766b8497fd952bcf3600488e21782805068.pkl,0
D:\08_Dataset\Internal\mar2020\pickle_files\e6ab4a3d614b2c46ac8e8fbeb5bcafca2ad1889a.pkl,0
D:\08_Dataset\Internal\mar2020\pickle_files\1bb3b8b1f375785dfb49e489a590d22cef81337e.pkl,0
D:\08_Dataset\Internal\mar2020\pickle_files\16fa9bd6ae575d1052647c8435e9804c331481b3.pkl,0
D:\08_Dataset\Internal\mar2020\pickle_files\309ccc8744a8c506aca4f90026d9a60b9ef68a9c.pkl,0
D:\08_Dataset\Internal\mar2020\pickle_files\77a8060d1629183e457fdbc2f34143a5070bdd46.pkl,0
D:\08_Dataset\Internal\mar2020\pickle_files\5d3403edc0024ce92d2899a1a85be4a9bcce594f.pkl,0
D:\08_Dataset\Internal\mar2020\pickle_files\bd9a22fce3ea58170234f32089956ad4278d75bd.pkl,0
D:\08_Dataset\Internal\mar2020\pickle_files\eaeb494e138ca8f887bc633b2867541658ca96be.pkl,0
D:\08_Dataset\Internal\mar2020\pickle_files\64b9b08c571a3e35c86e20266add7e5b4b610927.pkl,0
D:\08_Dataset\Internal\mar2020\pickle_files\2a3823f77264c00aea16d679a51f2bc2cb0cb7d0.pkl,0
D:\08_Dataset\Internal\mar2020\pickle_files\5cb010c52232e0e21646123fd918054fa6568cff.pkl,0
D:\08_Dataset\Internal\mar2020\pickle_files\9155e630e921ad209c902b6d30d5b76f45b789a3.pkl,0
D:\08_Dataset\Internal\mar2020\pickle_files\1443d2f6ffac8153250bfb7de1c26d5bc32c90c9.pkl,0
D:\08_Dataset\Internal\mar2020\pickle_files\85e42b57ea8996e321a4b6bcfc214fcef87286ea.pkl,0
D:\08_Dataset\Internal\mar2020\pickle_files\cc9f095ac75307550850ff66cc28a08021ed5d7b.pkl,0
D:\08_Dataset\Internal\mar2020\pickle_files\e0fe28292d29d29d93d472fdcd4b9bb19cae9ccc.pkl,0
D:\08_Dataset\Internal\mar2020\pickle_files\8d38a0569cfd4b1ac8c258148cf287344e1430e9.pkl,0
D:\08_Dataset\Internal\mar2020\pickle_files\b8f36c9e02eeddec1ce62c8c002e5acf73a9ff6f.pkl,0
D:\08_Dataset\Internal\mar2020\pickle_files\5f2336614a1c3a0f50dddc54a733d61f4e1e8883.pkl,0
D:\08_Dataset\Internal\mar2020\pickle_files\c141dfcf6db4987889b65d7ff90a94eeca65cecc.pkl,0
D:\08_Dataset\Internal\mar2020\pickle_files\021742bad997be1025300a99298d38be9fad0202.pkl,0
D:\08_Dataset\Internal\mar2020\pickle_files\aeb3652390b3351a3bd837a29e614c57315bf058.pkl,0
D:\08_Dataset\Internal\mar2020\pickle_files\b1931bf0c332f484b2590931182a198dddc62e0a.pkl,0
D:\08_Dataset\Internal\mar2020\pickle_files\fd86906774a3b35b2c418218cec846bcadef92c2.pkl,0
D:\08_Dataset\Internal\mar2020\pickle_files\5101649eef39ac4aaa01c53cd859afbd6f0fc507.pkl,0
D:\08_Dataset\Internal\mar2020\pickle_files\884cc686e4feaa97f0bce3b098425881a0d26a50.pkl,0
D:\08_Dataset\Internal\mar2020\pickle_files\e219aec1eeabaa1568b971d957268d0307bcbc0d.pkl,0
D:\08_Dataset\Internal\mar2020\pickle_files\151756f3be00144b3064d26e9fefcda8af3ef7ce.pkl,0
D:\08_Dataset\Internal\mar2020\pickle_files\eac1f65deaec60c8f513265213524c6ca4d6350a.pkl,0
D:\08_Dataset\Internal\mar2020\pickle_files\36aed12a9bad66f4a3b7740e7098d60e33d95e9c.pkl,0
D:\08_Dataset\Internal\mar2020\pickle_files\7bf5018c7404d09dd7b11457ff1eb98877dae045.pkl,0
D:\08_Dataset\Internal\mar2020\pickle_files\aedbc28673d547b6e9f4d3b14777b116a1644356.pkl,0
D:\08_Dataset\Internal\mar2020\pickle_files\3e8522af483ef6b99b840beb613b3f0a05c281ed.pkl,0
D:\08_Dataset\Internal\mar2020\pickle_files\000f1dd29a9873a566207b55171c89606d66c56e.pkl,0
D:\08_Dataset\Internal\mar2020\pickle_files\d216874da0f83f9c59b3ec4c3d13d097106e69b1.pkl,0
D:\08_Dataset\Internal\mar2020\pickle_files\58289c965d861d1209cbb012ae400a79b08712f1.pkl,0
D:\08_Dataset\Internal\mar2020\pickle_files\1ff4612a6f08d65f885dba4fdfac842c2fd90a88.pkl,0
D:\08_Dataset\Internal\mar2020\pickle_files\026b18463a861341ea315c7e2f05b8cb185a935c.pkl,0
D:\08_Dataset\Internal\mar2020\pickle_files\bcbf740bc642d0d98749eb5cbbda66c9cd3e7cc0.pkl,0
D:\08_Dataset\Internal\mar2020\pickle_files\e0eb456f900615a5e9974a23b90b13b6e6e3d061.pkl,0
D:\08_Dataset\Internal\mar2020\pickle_files\28cd09552d4279b8ecf6a63ddb5d6c65571c2da6.pkl,0
D:\08_Dataset\Internal\mar2020\pickle_files\d73aa5a853f413a15138ec2cd41fa326276b85a0.pkl,0
D:\08_Dataset\Internal\mar2020\pickle_files\4ceccd53065683d8fc6f4de5031382a966b50717.pkl,0
D:\08_Dataset\Internal\mar2020\pickle_files\bd382921aa57332071bc522aad776fc2eca6c776.pkl,0
D:\08_Dataset\Internal\mar2020\pickle_files\e8cc49697b0634f1863353b2370088c5d53a2b0f.pkl,0
D:\08_Dataset\Internal\mar2020\pickle_files\f72e57bb85e76425900eca451af34478e6fc7cc1.pkl,0
D:\08_Dataset\Internal\mar2020\pickle_files\00a97067124b2a77b74c7c8ea78b6716930816d8.pkl,0
D:\08_Dataset\Internal\mar2020\pickle_files\c25d31be9726dbc78c2dd526598f6e76ddaf614c.pkl,0
D:\08_Dataset\Internal\mar2020\pickle_files\a779d78420fcf842bb31c7130f6b14df696cad5f.pkl,0
D:\08_Dataset\Internal\mar2020\pickle_files\f9fecbf23dddc0885fdcf0557a429ba256269a94.pkl,0
D:\08_Dataset\Internal\mar2020\pickle_files\c892a31ad09a9598953c99f3fc5a590fe2885495.pkl,0
D:\08_Dataset\Internal\mar2020\pickle_files\35db8fd43dac86f8dec9e808579e412228278346.pkl,0
D:\08_Dataset\Internal\mar2020\pickle_files\5425fffc70e1bacee967ccc93bb9038f2536890f.pkl,0
D:\08_Dataset\Internal\mar2020\pickle_files\ef204c16dca3e3318dee11e9aa3212329d083ebe.pkl,0
D:\08_Dataset\Internal\mar2020\pickle_files\9f53fb3d1ae3aa4b1f4279ed1484986a5e2065c9.pkl,0
D:\08_Dataset\Internal\mar2020\pickle_files\23c58882e14d5b9f4910213b13da75b57dfae767.pkl,0
D:\08_Dataset\Internal\mar2020\pickle_files\96bac143846fca945a5535dd2f96e3dfa322322f.pkl,0
D:\08_Dataset\Internal\mar2020\pickle_files\47467652d747da9f943636252192396ee95cb4d8.pkl,0
D:\08_Dataset\Internal\mar2020\pickle_files\3d7eb2fbd815c602bc51606c75914431e4a19e2d.pkl,0
D:\08_Dataset\Internal\mar2020\pickle_files\75c6823fb755879d1d3d740e5b46bf534bed444a.pkl,0
D:\08_Dataset\Internal\mar2020\pickle_files\045dafe18602963334105efad8da7afaad700e2a.pkl,0
D:\08_Dataset\Internal\mar2020\pickle_files\ebbe337fbcb9cdc5dabfc2cd151b69b992158d1b.pkl,0
D:\08_Dataset\Internal\mar2020\pickle_files\3e6417a64ff71755d65f50620dc2f72a0a800dde.pkl,0
D:\08_Dataset\Internal\mar2020\pickle_files\79213b2b52c7b4701092696be13251439f777eb8.pkl,0
D:\08_Dataset\Internal\mar2020\pickle_files\7614931a389e146e3854412b6e51f570e199b0ab.pkl,0
D:\08_Dataset\Internal\mar2020\pickle_files\81267aaf96e59750bd71abf942014b07a0f5d5db.pkl,0
D:\08_Dataset\Internal\mar2020\pickle_files\a3099c5c5a8a80ee0177ea33d8deb3800e82dc09.pkl,0
D:\08_Dataset\Internal\mar2020\pickle_files\b67c5fa7d02367701c6cb579059a96438f21102a.pkl,0
D:\08_Dataset\Internal\mar2020\pickle_files\3b6e795eaca68875fc08fe5a9bb916ee67a220f9.pkl,0
D:\08_Dataset\Internal\mar2020\pickle_files\92b2db0cf5d74185e77a85be3d82ae024ada1e65.pkl,0
D:\08_Dataset\Internal\mar2020\pickle_files\20e76ecd08b3f486c09a053c28b50d00120afb1d.pkl,0
D:\08_Dataset\Internal\mar2020\pickle_files\198682ca68713939989445db98ddf2e572c23f70.pkl,0
D:\08_Dataset\Internal\mar2020\pickle_files\94a9cecf8743d80811c457ef28fe56837a823ee0.pkl,0
D:\08_Dataset\Internal\mar2020\pickle_files\217cac1f60c33aaa76b938e8b96876f0b608d63a.pkl,0
D:\08_Dataset\Internal\mar2020\pickle_files\1c786f67faf53df4e2db692fd0323ebdc2c38e1e.pkl,0
D:\08_Dataset\Internal\mar2020\pickle_files\e4e60d5db42e5c1577fcbbc5915cb8b71226c212.pkl,0
D:\08_Dataset\Internal\mar2020\pickle_files\3176d1adf41a3ec2fd709c8f7ecbaf14e4bebd92.pkl,0
D:\08_Dataset\Internal\mar2020\pickle_files\e77db27d6819d5f093eb8d6e3b2e06c044551ba9.pkl,0
D:\08_Dataset\Internal\mar2020\pickle_files\b3121619ecc25d6ea286b4728bd965ce6d8b8888.pkl,0
D:\08_Dataset\Internal\mar2020\pickle_files\7571c552f65edad1cc1358ddc2131ab5965d5d5b.pkl,0
D:\08_Dataset\Internal\mar2020\pickle_files\673d705724419f93024996a58c9adccaf5248987.pkl,0
D:\08_Dataset\Internal\mar2020\pickle_files\b822e35315ad681df1ae3830f4a91e281053df80.pkl,0
D:\08_Dataset\Internal\mar2020\pickle_files\c815a9d3ba2f7b3ec3db14dafdfccd4e81942bba.pkl,0
D:\08_Dataset\Internal\mar2020\pickle_files\44ed1f2ceaa70daf8daf6a21a08fd7686e4e2d08.pkl,0
D:\08_Dataset\Internal\mar2020\pickle_files\8f8c87aef8a3e971b98bd9bd2217e50b1c4714ef.pkl,0
D:\08_Dataset\Internal\mar2020\pickle_files\6d903b396d8bb678154335a5a942258583834856.pkl,0
D:\08_Dataset\Internal\mar2020\pickle_files\7bbd99ff5a40b4eb5c798e3d9c30c50a0a3c340a.pkl,0
D:\08_Dataset\Internal\mar2020\pickle_files\ce1cba7f7e211e9eeb4b9553af501c9af699b7a2.pkl,0
D:\08_Dataset\Internal\mar2020\pickle_files\15762d039daa730b78a37b2743ea6690ef061c4a.pkl,0
D:\08_Dataset\Internal\mar2020\pickle_files\b2c3d4a95c56e54a8e675ab1d5b6d59e45fe6d2d.pkl,0
D:\08_Dataset\Internal\mar2020\pickle_files\011ac8dff7822996f8f50ed98d7190b376795817.pkl,0
D:\08_Dataset\Internal\mar2020\pickle_files\e787ab069a6dc53750a04d4809fc85271a67a427.pkl,0
D:\08_Dataset\Internal\mar2020\pickle_files\16c25aa22a9e5d58ecc192f423054675e04b2171.pkl,0
D:\08_Dataset\Internal\mar2020\pickle_files\0a0fb43295a70c8213fa4ca7ebd91e5fc89d433f.pkl,0
D:\08_Dataset\Internal\mar2020\pickle_files\a3cdf2ee55c36d5a05cef1bf39ecc7c308248382.pkl,0
D:\08_Dataset\Internal\mar2020\pickle_files\ecb41e372747006753bcc1ae8ee7f46d5d984a08.pkl,0
D:\08_Dataset\Internal\mar2020\pickle_files\7b98db1be7ca6bea137dee9fe76607bc62690867.pkl,0
D:\08_Dataset\Internal\mar2020\pickle_files\e22c19a360cd32df0a3e264d246b02f09ac936c5.pkl,0
D:\08_Dataset\Internal\mar2020\pickle_files\94d903da00346eee4ea6a2e8078007391ffe6b01.pkl,0
D:\08_Dataset\Internal\mar2020\pickle_files\0bbc9842a359a75927b7406f1bca14b0b3af2381.pkl,0
D:\08_Dataset\Internal\mar2020\pickle_files\68acbac218b7a65b3dbb847c9315828e84ea4acf.pkl,0
D:\08_Dataset\Internal\mar2020\pickle_files\834619fce6a55703f64f9cbef860c98836ba6198.pkl,0
D:\08_Dataset\Internal\mar2020\pickle_files\ce2696104ab22fa5dfc2f0357e6cc004d7c68ed2.pkl,0
D:\08_Dataset\Internal\mar2020\pickle_files\79eb0ce7dd672fb0c8e0d58b734d7da5fb799220.pkl,0
D:\08_Dataset\Internal\mar2020\pickle_files\5622bace3a82e199dbfa8a5859f0c03f3bbb8ad1.pkl,0
D:\08_Dataset\Internal\mar2020\pickle_files\96d322945fedb5be07303f7c71799c66d67a6026.pkl,0
D:\08_Dataset\Internal\mar2020\pickle_files\adde66e1132ccdbb9be9bf3600e0d4d541812c2e.pkl,0
D:\08_Dataset\Internal\mar2020\pickle_files\d2ae2b24cd7a146472640ef3bf32390500bd88cb.pkl,0
D:\08_Dataset\Internal\mar2020\pickle_files\8fe272e2e2684a510c499d739ee5704d37065fd7.pkl,0
D:\08_Dataset\Internal\mar2020\pickle_files\627bd52399221e16ffdae4659adcf858c63ac31b.pkl,0
D:\08_Dataset\Internal\mar2020\pickle_files\760ed02c56712f9819ea8e4bf311bc7a572a6760.pkl,0
D:\08_Dataset\Internal\mar2020\pickle_files\84741e734de7f3a49b1c593df277c0b87d081737.pkl,0
D:\08_Dataset\Internal\mar2020\pickle_files\d784f33d28ff198911d2d3348e8a710723b654e8.pkl,0
D:\08_Dataset\Internal\mar2020\pickle_files\86aff1dd406033a3fd4a4249564e8c7125e32c02.pkl,0
D:\08_Dataset\Internal\mar2020\pickle_files\57fce16aeffeff76dced8beecaa9958877a9f6ec.pkl,0
D:\08_Dataset\Internal\mar2020\pickle_files\d8678b3ddc56f55b0e330a22e97a2fc5887cc7c7.pkl,0
D:\08_Dataset\Internal\mar2020\pickle_files\692e5f1cd54b68c09891fee4bb56543f8ed7493b.pkl,0
D:\08_Dataset\Internal\mar2020\pickle_files\f64f4cd516e5949c2be1a137b029a01c99758955.pkl,0
D:\08_Dataset\Internal\mar2020\pickle_files\ebc87148373c6db3f7a98a2753a0ab138b2547bd.pkl,0
D:\08_Dataset\Internal\mar2020\pickle_files\da9b87f8ac25bf38c266710aae9d7162f962f48c.pkl,0
D:\08_Dataset\Internal\mar2020\pickle_files\71dc49f5b6363c6ca48c0944d707a139a82a16d2.pkl,0
D:\08_Dataset\Internal\mar2020\pickle_files\7a1d2f17a7d43bf6ca48068cf57bc775a800547b.pkl,0
D:\08_Dataset\Internal\mar2020\pickle_files\e6e1651fa25d8283ba18037826678a9dc148bc6b.pkl,0
D:\08_Dataset\Internal\mar2020\pickle_files\d6e94f856bc6c141fc8ad29695c1b18b4a720409.pkl,0
D:\08_Dataset\Internal\mar2020\pickle_files\220af0586fad63e3523ba967f12f9907459127da.pkl,0
D:\08_Dataset\Internal\mar2020\pickle_files\a4371a53a9da660bb977b2a3b637b52c2283d28c.pkl,0
D:\08_Dataset\Internal\mar2020\pickle_files\f29a668c4257dac4a79f320b71e7e96711e3ccdf.pkl,0
D:\08_Dataset\Internal\mar2020\pickle_files\ef3b398ca73dd805fbaf6df66cb43ffee0b760a9.pkl,0
D:\08_Dataset\Internal\mar2020\pickle_files\0cc9631f003c004658939c0288652cb2b1ae754b.pkl,0
D:\08_Dataset\Internal\mar2020\pickle_files\e0d17fca0a5ebecb6ed3d3722d14e4206f3a1ad5.pkl,0
D:\08_Dataset\Internal\mar2020\pickle_files\c6f57f3ba74742960e9e2ac5e89ddcdba72b1809.pkl,0
D:\08_Dataset\Internal\mar2020\pickle_files\dd18c12028092153c3f10c333e828fd9c9666db8.pkl,0
D:\08_Dataset\Internal\mar2020\pickle_files\8bcd13041843bea9a1ac40ae0f0db815cbe5a198.pkl,0
D:\08_Dataset\Internal\mar2020\pickle_files\6c068cb29cf04ac164442e0c7560253c73600cfd.pkl,0
D:\08_Dataset\Internal\mar2020\pickle_files\7b088573375531bf996ea70649908a3b7b772e78.pkl,0
D:\08_Dataset\Internal\mar2020\pickle_files\28fc59729ed884516b25264bcd259a9a78cfcc54.pkl,0
D:\08_Dataset\Internal\mar2020\pickle_files\51a75f69a2193466ac6e23425eb4509f88bdc3e0.pkl,0
D:\08_Dataset\Internal\mar2020\pickle_files\fe2afb4bc2c49c3c380de1cb94db02159dbdc5e0.pkl,0
D:\08_Dataset\Internal\mar2020\pickle_files\b7f0f2de182a4ca986c0906882b4d46cd7636f9a.pkl,0
D:\08_Dataset\Internal\mar2020\pickle_files\6395821a966f37bb945d5e9f974841be0599026a.pkl,0
D:\08_Dataset\Internal\mar2020\pickle_files\887f5a864975d55cf4c4185756b79448b9d1454f.pkl,0
D:\08_Dataset\Internal\mar2020\pickle_files\78140ab968f0eb2ef374b8459fd8ffc36ce7f633.pkl,0
D:\08_Dataset\Internal\mar2020\pickle_files\3e9bbf94418b79c4d9c9a7ee4d81314d62095c5b.pkl,0
D:\08_Dataset\Internal\mar2020\pickle_files\3db51e268a743161c6e0b94a04d35cbd9e5ff1a7.pkl,0
D:\08_Dataset\Internal\mar2020\pickle_files\f06292843aa05cb27ba06cf0ed72beb6f73ff8dd.pkl,0
D:\08_Dataset\Internal\mar2020\pickle_files\930f838eeb7fa857d0ad848059d1a871bfbaf489.pkl,0
D:\08_Dataset\Internal\mar2020\pickle_files\0fa1562a56219b1fc002e24ac8d866f6e1ae7902.pkl,0
D:\08_Dataset\Internal\mar2020\pickle_files\53b1c047f1cdecdc82428740c9d7587d4d11ef8d.pkl,0
D:\08_Dataset\Internal\mar2020\pickle_files\d3d5f52f3c3a0b6fbbff296302f7b97256a09bf1.pkl,0
D:\08_Dataset\Internal\mar2020\pickle_files\c7fd3809757dc4aaa2775f7e1703ff007ab88496.pkl,0
D:\08_Dataset\Internal\mar2020\pickle_files\acc868b8a52dbb8e564d2210515672af5e46179e.pkl,0
D:\08_Dataset\Internal\mar2020\pickle_files\5412dd183d39306bc0081b8d199d7785f04cc24b.pkl,0
D:\08_Dataset\Internal\mar2020\pickle_files\bc4c59182752065eb30dc2f8ebdb9efae950aa3e.pkl,0
D:\08_Dataset\Internal\mar2020\pickle_files\72d6c960173b252df38be2a5fa896dea2410afd2.pkl,0
D:\08_Dataset\Internal\mar2020\pickle_files\d76e79480acfe028eab78a95961d798db7940f04.pkl,0
D:\08_Dataset\Internal\mar2020\pickle_files\d51279e0adf580875596a72206bf4584cf14e47d.pkl,0
D:\08_Dataset\Internal\mar2020\pickle_files\9c53e4d54b5502b0fc5f159947805f25db5d1adb.pkl,0
D:\08_Dataset\Internal\mar2020\pickle_files\526bb60c6f731a2ab6f013ad17bc6c8e0f3ef228.pkl,0
D:\08_Dataset\Internal\mar2020\pickle_files\7df0418ae0c0f80fb888b3ae6c2006e9fecc5eb4.pkl,0
D:\08_Dataset\Internal\mar2020\pickle_files\45cc2f9904ab4cac307b42fba4a6d86d75013485.pkl,0
D:\08_Dataset\Internal\mar2020\pickle_files\a465336592201048f104c02f1b2e070d135a9d1a.pkl,0
D:\08_Dataset\Internal\mar2020\pickle_files\1d3292b22b7445187f8a98490f1e321e19f0fb83.pkl,0
D:\08_Dataset\Internal\mar2020\pickle_files\7af0399074c94a49d3c8102f452fcbc9a638b89b.pkl,0
D:\08_Dataset\Internal\mar2020\pickle_files\dace428389fc89c35e9ae80942ff32e6d3fda5e5.pkl,0
D:\08_Dataset\Internal\mar2020\pickle_files\571a363c58a823cfb7c75fee3d2ef7c886b9d7e3.pkl,0
D:\08_Dataset\Internal\mar2020\pickle_files\11f9cf8b7dd581bbd2a919fa5a7a1cea481c25d9.pkl,0
D:\08_Dataset\Internal\mar2020\pickle_files\2e587bf0c6eb4d851791ad057f904d684d42d335.pkl,0
D:\08_Dataset\Internal\mar2020\pickle_files\bffb350c798cbfe08db6b2a19a1701d0bf263c53.pkl,0
D:\08_Dataset\Internal\mar2020\pickle_files\c5e688f11d541d4b56919e67c3215f6387f6e093.pkl,0
D:\08_Dataset\Internal\mar2020\pickle_files\3c5e64ae3139ab06c417b54063e84ea31c87b9b1.pkl,0
D:\08_Dataset\Internal\mar2020\pickle_files\5c70a5ba6c38b2369e05b10dd9bd50e1702b029a.pkl,0
D:\08_Dataset\Internal\mar2020\pickle_files\8df9756056ceb163506140e1d1e161a6f9a4053f.pkl,0
D:\08_Dataset\Internal\mar2020\pickle_files\1ee00512406237c07ac94391b17fc00e88d444ff.pkl,0
D:\08_Dataset\Internal\mar2020\pickle_files\5a7e703b3540ec3d24b7ffa1bb681c33acd2485b.pkl,0
D:\08_Dataset\Internal\mar2020\pickle_files\3e88a8cbbfa23dbbe540bbe8ea91d02877442778.pkl,0
D:\08_Dataset\Internal\mar2020\pickle_files\c8fe8e12587cb79b5bc05c7bcc6d53049705b84b.pkl,0
D:\08_Dataset\Internal\mar2020\pickle_files\15810beb796db66bcc7aa09624bec5a997c256f4.pkl,0
D:\08_Dataset\Internal\mar2020\pickle_files\06e246bd5e740cd9dbc82caed134513ea65129f0.pkl,0
D:\08_Dataset\Internal\mar2020\pickle_files\a69ce6b01f43b7af85446e39ad96de2d6a28e408.pkl,0
D:\08_Dataset\Internal\mar2020\pickle_files\b76b35a64b5be9392c996b0c7eca29ff1b5a69c4.pkl,0
D:\08_Dataset\Internal\mar2020\pickle_files\070221baf3e767306e0921a2949d3575f982fe27.pkl,0
D:\08_Dataset\Internal\mar2020\pickle_files\347eb6982518541adfd050ce1382a5a2f89f6f28.pkl,0
D:\08_Dataset\Internal\mar2020\pickle_files\bc83a642b55c22d42ff46034ee59af10ca26dff2.pkl,0
D:\08_Dataset\Internal\mar2020\pickle_files\5ed79f853a2d49e111a5712ea20a78fe576003a0.pkl,0
D:\08_Dataset\Internal\mar2020\pickle_files\c567f949a372e05e0091e03bdd007fa6cd1c69b4.pkl,0
D:\08_Dataset\Internal\mar2020\pickle_files\7f891672bdc127b24a7f7bdafc0ca04bbfaf1a17.pkl,0
D:\08_Dataset\Internal\mar2020\pickle_files\d105b57f4852d15279825bdce8e07ffd283bb1dc.pkl,0
D:\08_Dataset\Internal\mar2020\pickle_files\be0d7d3d450066de0e5a5deeca99458bc2df9b74.pkl,0
D:\08_Dataset\Internal\mar2020\pickle_files\4639b931bb2fd83b9e3069af57c76e16095b8631.pkl,0
D:\08_Dataset\Internal\mar2020\pickle_files\9c4a81bdbf265da59a7ef88fcef06ad13b9568e1.pkl,0
D:\08_Dataset\Internal\mar2020\pickle_files\288ff4d82d399e90a68606559072c74bdb98b8a2.pkl,0
D:\08_Dataset\Internal\mar2020\pickle_files\36f2c7e3817502de39a37ea501314468f83825ac.pkl,0
D:\08_Dataset\Internal\mar2020\pickle_files\90905af5af16eb76f4b1a37f08403915e6b80fb6.pkl,0
D:\08_Dataset\Internal\mar2020\pickle_files\c97d1d91310828cb0cf217a17c1b06f7ef53d378.pkl,0
D:\08_Dataset\Internal\mar2020\pickle_files\bc642e06c81e73b9732c5ce383aceeddd5555564.pkl,0
D:\08_Dataset\Internal\mar2020\pickle_files\7875141f37c62369772d2c85d076016dbc1d65a7.pkl,0
D:\08_Dataset\Internal\mar2020\pickle_files\73d4961b585166f31041d27f281244370e833d46.pkl,0
D:\08_Dataset\Internal\mar2020\pickle_files\2fb637e1da5909d8e93162fc2121576d510642de.pkl,0
D:\08_Dataset\Internal\mar2020\pickle_files\b292b8f535341e6649ac7c1739a508f92a027c64.pkl,0
D:\08_Dataset\Internal\mar2020\pickle_files\410961af66d76e7946b61818d108d500f5006e79.pkl,0
D:\08_Dataset\Internal\mar2020\pickle_files\1e3dd92f8e6907c84fb87e05b4417de4a7c492ec.pkl,0
D:\08_Dataset\Internal\mar2020\pickle_files\c9ca9f2d65ad61645b7440460576de7b4bf73d79.pkl,0
D:\08_Dataset\Internal\mar2020\pickle_files\a5dbd8649a6a611e13af4c33875e1e006d5aecb0.pkl,0
D:\08_Dataset\Internal\mar2020\pickle_files\04896074954f1f99a11be2a218ad1e5611c2f138.pkl,0
D:\08_Dataset\Internal\mar2020\pickle_files\14b3dcb15e92f48742b4f1a89b0e8665560c9af4.pkl,0
D:\08_Dataset\Internal\mar2020\pickle_files\8a3a0940669ed95d1b23435ffa7b43d94d2892c4.pkl,0
D:\08_Dataset\Internal\mar2020\pickle_files\7bed3031dec0f282aecb4c95e5e2d4a4c39a0027.pkl,0
D:\08_Dataset\Internal\mar2020\pickle_files\f88eff232126973ff6739343cdb8a701a87e2463.pkl,0
D:\08_Dataset\Internal\mar2020\pickle_files\675beab575cdbeefc3d3652f7f088de3574b8594.pkl,0
D:\08_Dataset\Internal\mar2020\pickle_files\ae92d652a354d67f67373cd919104093bf34c878.pkl,0
D:\08_Dataset\Internal\mar2020\pickle_files\d16a8ef43dbfda4edf63191bc7913e60a4f09bda.pkl,0
D:\08_Dataset\Internal\mar2020\pickle_files\6f6c8c8bfcbc30e437056fae7c428f143beab764.pkl,0
D:\08_Dataset\Internal\mar2020\pickle_files\5fc62fcbf51f9a983d866439e1e1f0a3c5cae860.pkl,0
D:\08_Dataset\Internal\mar2020\pickle_files\0b9b27f68d8406c8534ab9162cce6005d73f9f1e.pkl,0
D:\08_Dataset\Internal\mar2020\pickle_files\9230e4482f40bef778d188a9f2c0d3fd2728f6bb.pkl,0
D:\08_Dataset\Internal\mar2020\pickle_files\6e3556c6b5ce247e5b65b364240b1825b359c4c0.pkl,0
D:\08_Dataset\Internal\mar2020\pickle_files\29224742e0f8c81a86a37bf50649041955375f70.pkl,0
D:\08_Dataset\Internal\mar2020\pickle_files\91d297fbdf0561430276e4be8ff5f591f5e9d475.pkl,0
D:\08_Dataset\Internal\mar2020\pickle_files\499023eb16481bed056963f8ef7187a862dd4266.pkl,0
D:\08_Dataset\Internal\mar2020\pickle_files\1126fb454d3511228d127bc3e7cdbf66f3db87fa.pkl,0
D:\08_Dataset\Internal\mar2020\pickle_files\6efeb79a8c3fb660b8b86f21d50040a30b5ac587.pkl,0
D:\08_Dataset\Internal\mar2020\pickle_files\b153cc462f52ffa44d49eb2a688201a233fd5d45.pkl,0
D:\08_Dataset\Internal\mar2020\pickle_files\00b4aba473b9a36b5d480afcf4eeb7bf146767d1.pkl,0
D:\08_Dataset\Internal\mar2020\pickle_files\f67f124b1b762ff1a1fc9e437a730c73dfe00fb7.pkl,0
D:\08_Dataset\Internal\mar2020\pickle_files\7f6c6436d0c43e8c02fa17a0ce749613791f190e.pkl,0
D:\08_Dataset\Internal\mar2020\pickle_files\f2b33eae9c80ce783d2c27b1cf3705b308bbb4d6.pkl,0
D:\08_Dataset\Internal\mar2020\pickle_files\444bd618a3b8b3bc8d497f6cfd610d7efda61267.pkl,0
D:\08_Dataset\Internal\mar2020\pickle_files\6ce11db59f29fd2233fcc003806cd5e13d8dafb8.pkl,0
D:\08_Dataset\Internal\mar2020\pickle_files\74608a91f6df91c514d10b1f32db6a40c8886e64.pkl,0
D:\08_Dataset\Internal\mar2020\pickle_files\2f0427cf1329b1dce6c943d9814aeecb52945118.pkl,0
D:\08_Dataset\Internal\mar2020\pickle_files\b6809134821e1ec2d0f7f4fd7c3d80ea3a2e8647.pkl,0
D:\08_Dataset\Internal\mar2020\pickle_files\4f7c76c6df56ca1f33c38e6f9a58574132f56f7f.pkl,0
D:\08_Dataset\Internal\mar2020\pickle_files\bf95c0c8059c7489055ed4bf4331aa69801f2b75.pkl,0
D:\08_Dataset\Internal\mar2020\pickle_files\b167fd683dfebff42f4f1680bcd4af85541c0b4b.pkl,0
D:\08_Dataset\Internal\mar2020\pickle_files\6a7f5e9add0246e72e3497c2527f54abba650192.pkl,0
D:\08_Dataset\Internal\mar2020\pickle_files\3322fdee2ef66bee13218f6fbab4c8ffe8f53710.pkl,0
D:\08_Dataset\Internal\mar2020\pickle_files\a419de425c68569fa8470f33992cb32e0da18562.pkl,0
D:\08_Dataset\Internal\mar2020\pickle_files\94bafd35187731e79cdc40c4889bf086074b3d3e.pkl,0
D:\08_Dataset\Internal\mar2020\pickle_files\b5bd5094a563cd0d60500aefe0900d578d270ce7.pkl,0
D:\08_Dataset\Internal\mar2020\pickle_files\671dde894203baa3dd1eb65dea0aba7407e19f46.pkl,0
D:\08_Dataset\Internal\mar2020\pickle_files\4d61ed374f3b8d5da238f9a63093a2e70431c5c0.pkl,0
D:\08_Dataset\Internal\mar2020\pickle_files\3f64d820d8771c3db812500548852559c472f21b.pkl,0
D:\08_Dataset\Internal\mar2020\pickle_files\e8808c5272814fd9b0aae97b8b48c53cd93740a1.pkl,0
D:\08_Dataset\Internal\mar2020\pickle_files\4c774d83b737b62e797bc08027beeba81ca2f69d.pkl,0
D:\08_Dataset\Internal\mar2020\pickle_files\49f3620fad3d13a91a5302644d8480ad5cc03ad3.pkl,0
D:\08_Dataset\Internal\mar2020\pickle_files\36047cc57be799b1472d5db51307172a13206886.pkl,0
D:\08_Dataset\Internal\mar2020\pickle_files\4e6e49636d03f646bb19f100c3dc5b5c2d2d599d.pkl,0
D:\08_Dataset\Internal\mar2020\pickle_files\2cc788ae07f2c9812882d4d98ff0fb491ef60567.pkl,0
D:\08_Dataset\Internal\mar2020\pickle_files\6be969a8d56e281a10e6b3edb7e37a67ce2cc4a2.pkl,0
D:\08_Dataset\Internal\mar2020\pickle_files\d6d954e6558825893acaf043d0241b680ec0200d.pkl,0
D:\08_Dataset\Internal\mar2020\pickle_files\0581427e886cd9486da73d6b2f51a1a069a177ab.pkl,0
D:\08_Dataset\Internal\mar2020\pickle_files\2559e88fd74c1cca029f5ae7916ff2ebbe87fad5.pkl,0
D:\08_Dataset\Internal\mar2020\pickle_files\0879a18d98cbf217bd31e0371fe2acc25a0f278b.pkl,0
D:\08_Dataset\Internal\mar2020\pickle_files\5c30c93674063bbe1776e2e4a04485dc13d01b03.pkl,0
D:\08_Dataset\Internal\mar2020\pickle_files\b5706a4177de92260137803334ce97dfe3a0fe09.pkl,0
D:\08_Dataset\Internal\mar2020\pickle_files\46609528f45e36e262e48163ea0606c81df5b4c1.pkl,0
D:\08_Dataset\Internal\mar2020\pickle_files\d58ea496b2bc8487f70fa29e3e5c73809926374b.pkl,0
D:\08_Dataset\Internal\mar2020\pickle_files\12a90962d118a4a8ea07ab6c8974126eb77ff495.pkl,0
D:\08_Dataset\Internal\mar2020\pickle_files\a55ef6c13e2f135cd85396ea0bbfbccc1a3056a8.pkl,0
D:\08_Dataset\Internal\mar2020\pickle_files\8c2200956c044862bb2623615bba9dba1ef10e00.pkl,0
D:\08_Dataset\Internal\mar2020\pickle_files\756a8bc7e3eeb2348e01422543121e55f8d7174c.pkl,0
D:\08_Dataset\Internal\mar2020\pickle_files\72602c2d11443b4d00fb971580edda90ca43ba09.pkl,0
D:\08_Dataset\Internal\mar2020\pickle_files\b54118a2270a9ecb9089c7d64e5d11cdf3b137ce.pkl,0
D:\08_Dataset\Internal\mar2020\pickle_files\46e759a66277823deed26bc7258d44db155d2314.pkl,0
D:\08_Dataset\Internal\mar2020\pickle_files\169675291d9cca14b37a84210c77333f7f816f1b.pkl,0
D:\08_Dataset\Internal\mar2020\pickle_files\d12043a89d6b3db71b0a4a8b5239064005530381.pkl,0
D:\08_Dataset\Internal\mar2020\pickle_files\b6e7faf87e8e769c69272281aa902625c8733db5.pkl,0
D:\08_Dataset\Internal\mar2020\pickle_files\5b185d94e5e8e0348f19b0ab0adfed06b4e15f7d.pkl,0
D:\08_Dataset\Internal\mar2020\pickle_files\e3c9d9ced9c9f279ad3a7e782a6196c5901590de.pkl,0
D:\08_Dataset\Internal\mar2020\pickle_files\f474f05f255669be13617f3dd4a8444ef6daa589.pkl,0
D:\08_Dataset\Internal\mar2020\pickle_files\b7a1a7780e91e4fbe3fd8a09deaea0d5d1ee395c.pkl,0
D:\08_Dataset\Internal\mar2020\pickle_files\5123335357fa815af7320e67d63e9cc82dd7ef16.pkl,0
D:\08_Dataset\Internal\mar2020\pickle_files\a5e11b5816ea88597fa2881708a3576a38f131b5.pkl,0
D:\08_Dataset\Internal\mar2020\pickle_files\3b1f6111b4f4063e03726ce5db582a03c6e6865b.pkl,0
D:\08_Dataset\Internal\mar2020\pickle_files\47ca03f630c3aae23526bcec0943b636ca35a336.pkl,0
D:\08_Dataset\Internal\mar2020\pickle_files\9a349f62f89aaf8d8d50da9d9280a4f9f7795cbb.pkl,0
D:\08_Dataset\Internal\mar2020\pickle_files\7b58ffcd1a05647746c9f1c865d9ace3f5a65f91.pkl,0
D:\08_Dataset\Internal\mar2020\pickle_files\e981459731354ae135db4f3c435627edfe89a3e5.pkl,0
D:\08_Dataset\Internal\mar2020\pickle_files\1175044ae624f59befde1bf70033221b59b7e01d.pkl,0
D:\08_Dataset\Internal\mar2020\pickle_files\d309caf3ff0286f6a61c3bea81c37690b4529299.pkl,0
D:\08_Dataset\Internal\mar2020\pickle_files\037fdfbd056e406fe40d44204e43be1df0274c68.pkl,0
D:\08_Dataset\Internal\mar2020\pickle_files\e612532b27e8257639aaeb222e7edda698ce6133.pkl,0
D:\08_Dataset\Internal\mar2020\pickle_files\c2a3f646ccbc4738aeae229bb13adc60eb8f745e.pkl,0
D:\08_Dataset\Internal\mar2020\pickle_files\357a533ae3261624d1f9168889aa1fce3d54a285.pkl,0
D:\08_Dataset\Internal\mar2020\pickle_files\ef0e02daf33260f5a0d5842600f4a19fbe9e53ff.pkl,0
D:\08_Dataset\Internal\mar2020\pickle_files\0cc0e56a6173c308a35cf112a6433bbabaae06ed.pkl,0
D:\08_Dataset\Internal\mar2020\pickle_files\4750f1252d5c8d4582651d6f4e63a4d504b9fc0e.pkl,0
D:\08_Dataset\Internal\mar2020\pickle_files\301587bf5c3bddfb12afd45c3367b214dc6c5e11.pkl,0
D:\08_Dataset\Internal\mar2020\pickle_files\c4e7694026d8db329b1ec43089d9ecc22c2a0356.pkl,0
D:\08_Dataset\Internal\mar2020\pickle_files\5eab1ba0d81b770edb54a61c0333a097be96aea9.pkl,0
D:\08_Dataset\Internal\mar2020\pickle_files\8246affa87aa3b20851c708d6e899ab9c0535103.pkl,0
D:\08_Dataset\Internal\mar2020\pickle_files\bb2efa36915852f654cf220ec2945b0c7c68d3e8.pkl,0
D:\08_Dataset\Internal\mar2020\pickle_files\729c11aa6a21ac581e15aa2d4d4ca973cd950a6c.pkl,0
D:\08_Dataset\Internal\mar2020\pickle_files\6b48dd7b2f15b7d1448ad8637db7a68c32b60432.pkl,0
D:\08_Dataset\Internal\mar2020\pickle_files\cf1ccdb9dbcd5a9bda87afa5a265272334984e3f.pkl,0
D:\08_Dataset\Internal\mar2020\pickle_files\e94b40904fd846a943085211cd14e275ee1ca174.pkl,0
D:\08_Dataset\Internal\mar2020\pickle_files\93429fbe62090f09e08615ca3915e262923ab361.pkl,0
D:\08_Dataset\Internal\mar2020\pickle_files\0cd4429c50da335d3b9dd177dbc85d35c01889bc.pkl,0
D:\08_Dataset\Internal\mar2020\pickle_files\70298e6519bde1c34cd6e390f9424d6f687e8f63.pkl,0
D:\08_Dataset\Internal\mar2020\pickle_files\1cb89918f7ef8b29e451959705b59e9f07556d12.pkl,0
D:\08_Dataset\Internal\mar2020\pickle_files\90d714ae3fe18d0f1a1038871a79f97037a02097.pkl,0
D:\08_Dataset\Internal\mar2020\pickle_files\2be41321f163f0e5edaf35b8c466cf00a8a9b2d6.pkl,0
D:\08_Dataset\Internal\mar2020\pickle_files\b1c8fde9a5bc3159005a298c1f37095a9672948c.pkl,0
D:\08_Dataset\Internal\mar2020\pickle_files\58bfb54f2465e9f6c8905df61d4ec665dc65d4fa.pkl,0
D:\08_Dataset\Internal\mar2020\pickle_files\04f29525ef6911922a9c4135d907712629443609.pkl,0
D:\08_Dataset\Internal\mar2020\pickle_files\d2aab9d118f94303d42499cc43765d9efdbb07a5.pkl,0
D:\08_Dataset\Internal\mar2020\pickle_files\f376ac56a8550d5deefbaa0f6991b3ba8b4206a4.pkl,0
D:\08_Dataset\Internal\mar2020\pickle_files\69c4b6cebdca7cd9c287370f05f69b65a1bf7f48.pkl,0
D:\08_Dataset\Internal\mar2020\pickle_files\60aeac0ff82829fe228a46afa9fc97170d5fe3c5.pkl,0
D:\08_Dataset\Internal\mar2020\pickle_files\418f9db1c23780d88956b1af1458a4f37219ef9a.pkl,0
D:\08_Dataset\Internal\mar2020\pickle_files\fac32365b40501773499d3b95a35351c9bfbea96.pkl,0
D:\08_Dataset\Internal\mar2020\pickle_files\f73703a2ddb5508a7340d5cdca444d6f27c32d9c.pkl,0
D:\08_Dataset\Internal\mar2020\pickle_files\ffe163f96a079fcf0c12da65b47541b864f27497.pkl,0
D:\08_Dataset\Internal\mar2020\pickle_files\c324e6bc52571ffbdbb60034660257745dd306b3.pkl,0
D:\08_Dataset\Internal\mar2020\pickle_files\c0f6e33be5cd9cd0bf6b1e1a9863c271cdc92b4a.pkl,0
D:\08_Dataset\Internal\mar2020\pickle_files\f3d4665d3577f608e942682abdd85c4874e786ab.pkl,0
D:\08_Dataset\Internal\mar2020\pickle_files\2735f4cf67d196ffdedec6447852c649d943402a.pkl,0
D:\08_Dataset\Internal\mar2020\pickle_files\8bf4c0d05f7b9c3f7b9259658a6dfcd7f335af23.pkl,0
D:\08_Dataset\Internal\mar2020\pickle_files\dfab5b1498417a90420457dc8cfd61a8b7db3ad4.pkl,0
D:\08_Dataset\Internal\mar2020\pickle_files\aec1fcc148cd731d2724a6f1c9ba75fe62c9e864.pkl,0
D:\08_Dataset\Internal\mar2020\pickle_files\03104018228b492888c3a6ab2e7d6b30d0baa5b3.pkl,0
D:\08_Dataset\Internal\mar2020\pickle_files\50619289a7fe5899f16421c77b7d7bbafa9999b8.pkl,0
D:\08_Dataset\Internal\mar2020\pickle_files\73f1762873d3749a039ed91b4c322c46d9229a34.pkl,0
D:\08_Dataset\Internal\mar2020\pickle_files\65ea7f3db52d164e037397e18b20ee5992d8eb5e.pkl,0
D:\08_Dataset\Internal\mar2020\pickle_files\c7dc737a230379286508384aa3f377c1c8bf0964.pkl,0
D:\08_Dataset\Internal\mar2020\pickle_files\9219e5fc460b177dd2e351900174c03466accc95.pkl,0
D:\08_Dataset\Internal\mar2020\pickle_files\29fe0ccca6d293fc69cb2f0cc89d38da54202eaa.pkl,0
D:\08_Dataset\Internal\mar2020\pickle_files\27eee12c1242aec3fef58817b7ba5cc93be6fa79.pkl,0
D:\08_Dataset\Internal\mar2020\pickle_files\03301e281e58bc23697ca56475beaa8d61a193be.pkl,0
D:\08_Dataset\Internal\mar2020\pickle_files\75b5fe4c12ce91c36315b8dcb8eafac5317b0607.pkl,0
D:\08_Dataset\Internal\mar2020\pickle_files\65d7877ffd5de77e1370c74ce29fabc896e3ba87.pkl,0
D:\08_Dataset\Internal\mar2020\pickle_files\558cc09c04cb5528f6576838522bcb0183f5e1be.pkl,0
D:\08_Dataset\Internal\mar2020\pickle_files\0960627f79a3288b524b1509ce5744094f3481df.pkl,0
D:\08_Dataset\Internal\mar2020\pickle_files\02fe870bf70590a662b6825730c07ad2929c57ba.pkl,0
D:\08_Dataset\Internal\mar2020\pickle_files\0ee6864deef11afa98147b62c710ab70095181d8.pkl,0
D:\08_Dataset\Internal\mar2020\pickle_files\aa177db7d2a98985005330177ea7783e16844960.pkl,0
D:\08_Dataset\Internal\mar2020\pickle_files\04b620f80257f442581692a43e0f9041d7d2c888.pkl,0
D:\08_Dataset\Internal\mar2020\pickle_files\0e9e3b47ca00abd0045fc9f1cdc11cf2a943072e.pkl,0
D:\08_Dataset\Internal\mar2020\pickle_files\c06d3978458a990eebff7f9b771307a3fafd7ee8.pkl,0
D:\08_Dataset\Internal\mar2020\pickle_files\fc462694c0a8c4fefb09e8cc1ff2f1725f0983ad.pkl,0
D:\08_Dataset\Internal\mar2020\pickle_files\609f6f99fd1adb92d7f81fd2d05a642dfe2f51ea.pkl,0
D:\08_Dataset\Internal\mar2020\pickle_files\16b2050752f96546944207a9396bf0970f86e61d.pkl,0
D:\08_Dataset\Internal\mar2020\pickle_files\baaa916382862d899ce85a86a89afcf187a13b8b.pkl,0
D:\08_Dataset\Internal\mar2020\pickle_files\cb0983939a31921f557e375df6120278a373b2a2.pkl,0
D:\08_Dataset\Internal\mar2020\pickle_files\235147673eb8d54d8f2c2e981a92488c5bffbb5b.pkl,0
D:\08_Dataset\Internal\mar2020\pickle_files\4341289b45b05dd234ae5175a1266aa816e1dbad.pkl,0
D:\08_Dataset\Internal\mar2020\pickle_files\5ab9d40058c5021f9f767e14e30d93143c98f355.pkl,0
D:\08_Dataset\Internal\mar2020\pickle_files\229b0be9ecae42f6fd1507e7004dd8e304c7a61b.pkl,0
D:\08_Dataset\Internal\mar2020\pickle_files\1aad2ef48fb97f8434b2af5ac54776f9b1fb72d8.pkl,0
D:\08_Dataset\Internal\mar2020\pickle_files\e98b3e8c8a2b8b8c4831e9a370255c67eafb3a26.pkl,0
D:\08_Dataset\Internal\mar2020\pickle_files\a400c4a49ce7cb90a0e38f033859973c3e70a3da.pkl,0
D:\08_Dataset\Internal\mar2020\pickle_files\0e63921b4cb30f5ffee58d8a130a76f0e9175c10.pkl,0
D:\08_Dataset\Internal\mar2020\pickle_files\0dadd0869d5ba96ab8969c900b1edeebd2f1136d.pkl,0
D:\08_Dataset\Internal\mar2020\pickle_files\25ec9fef51ccebf6d3d24e67ee873eb0923c0e69.pkl,0
D:\08_Dataset\Internal\mar2020\pickle_files\45d00d8ed7d15929ce918d1a0823defb00541992.pkl,0
D:\08_Dataset\Internal\mar2020\pickle_files\230a016ceccd6e72a5297aef602e34b0eef2dc4e.pkl,0
D:\08_Dataset\Internal\mar2020\pickle_files\9fb1918d0f613b91f5fbfea34e18eb85464ffd88.pkl,0
D:\08_Dataset\Internal\mar2020\pickle_files\6f397ba7af469622f253cd21f0d124593ec76ead.pkl,0
D:\08_Dataset\Internal\mar2020\pickle_files\55866a5194cb56698f2997b02ed2b4d7e7d1093a.pkl,0
D:\08_Dataset\Internal\mar2020\pickle_files\37074f857e74085bfaad5fbfbb97958081acc9ed.pkl,0
D:\08_Dataset\Internal\mar2020\pickle_files\8f63807a7565cba8d8c3f625b1274c8c4031468b.pkl,0
D:\08_Dataset\Internal\mar2020\pickle_files\3e64fab3fc4a1e758bfc6b29ffb027fc773c70d4.pkl,0
D:\08_Dataset\Internal\mar2020\pickle_files\ce0053f68d4fdb4af1a71f21de7f3d8436b669a5.pkl,0
D:\08_Dataset\Internal\mar2020\pickle_files\9d926128c5d018adb180214dbf4f8b832527f9c9.pkl,0
D:\08_Dataset\Internal\mar2020\pickle_files\3183a1353baa2d9b56d625bf9d9d27aaaad59ba6.pkl,0
D:\08_Dataset\Internal\mar2020\pickle_files\f30b7d0c07f782a6f08f4ca3a534e7b2fe7336cb.pkl,0
D:\08_Dataset\Internal\mar2020\pickle_files\d12675e21b85472479c5ce90d681c98a4460511d.pkl,0
D:\08_Dataset\Internal\mar2020\pickle_files\88d1fd3596c52e6a2a3d00b33769db814e0f0db3.pkl,0
D:\08_Dataset\Internal\mar2020\pickle_files\ab7cfd8879687966a91e5e5ac83ccc0183a512c7.pkl,0
D:\08_Dataset\Internal\mar2020\pickle_files\2434546ec038aef2a18a26c43ada8098bd196787.pkl,0
D:\08_Dataset\Internal\mar2020\pickle_files\fac4d910c5956661a25da39ed9ca52709dc249ac.pkl,0
D:\08_Dataset\Internal\mar2020\pickle_files\e6355bf5c5d363787879f32596e27825370d87fc.pkl,0
D:\08_Dataset\Internal\mar2020\pickle_files\ff67da792120c6e069393c819188ea07c57729b5.pkl,0
D:\08_Dataset\Internal\mar2020\pickle_files\a2936d00140bcb63de285fa6e01ba44c117109c3.pkl,0
D:\08_Dataset\Internal\mar2020\pickle_files\5ebe78c6b76b2dc6d62f823224ddd21d27533cd6.pkl,0
D:\08_Dataset\Internal\mar2020\pickle_files\705cb96236a96b52fe07bbc771c20d48878508a3.pkl,0
D:\08_Dataset\Internal\mar2020\pickle_files\fa8fce29c903bee1198b866a32ddc39b00cf5ac4.pkl,0
D:\08_Dataset\Internal\mar2020\pickle_files\80b245382bf0b607527a9ce1b36c05f80393c9c9.pkl,0
D:\08_Dataset\Internal\mar2020\pickle_files\7b7d48b04529521da52ef7029756bbe8236f5c33.pkl,0
D:\08_Dataset\Internal\mar2020\pickle_files\4eea96d7e06549afe73ed6e0e2581419b907bce5.pkl,0
D:\08_Dataset\Internal\mar2020\pickle_files\bc66b4ae0493c33a1d9e42dd3709f7dbce0c8c18.pkl,0
D:\08_Dataset\Internal\mar2020\pickle_files\999fe64f451f66c11efbc9efda7a97c0575b0048.pkl,0
D:\08_Dataset\Internal\mar2020\pickle_files\b0e726aa567a8085640504c6ecac698894ee260a.pkl,0
D:\08_Dataset\Internal\mar2020\pickle_files\c03457296fa565fb997d9aba45a9188c8a55686e.pkl,0
D:\08_Dataset\Internal\mar2020\pickle_files\cc17246df87e16c6681bec8fad1a6bd053ca733c.pkl,0
D:\08_Dataset\Internal\mar2020\pickle_files\63961cf5c7ab1775a24de1b720da5dbd4d79cdd0.pkl,0
D:\08_Dataset\Internal\mar2020\pickle_files\ea64dd469224b6f6b1cad4c38881de110ac260ef.pkl,0
D:\08_Dataset\Internal\mar2020\pickle_files\9917acf0bc05dd62ddef8a8ba5c700bda537d79a.pkl,0
D:\08_Dataset\Internal\mar2020\pickle_files\b43234755e9d84d880e52f2a690ee274146cb7ce.pkl,0
D:\08_Dataset\Internal\mar2020\pickle_files\dcde246eda6755ab4a3e80801af70091d4756fc8.pkl,0
D:\08_Dataset\Internal\mar2020\pickle_files\3c7ec797f6c106585cbcb6f81a652de8450f4380.pkl,0
D:\08_Dataset\Internal\mar2020\pickle_files\07c57dca58c8ba0d389d853984b161ccf4aae5ef.pkl,0
D:\08_Dataset\Internal\mar2020\pickle_files\ac573ce82e82de5e74db6d824761699b5da98f81.pkl,0
D:\08_Dataset\Internal\mar2020\pickle_files\66763da0c1986abecf14578603bd7bd68b6052ae.pkl,0
D:\08_Dataset\Internal\mar2020\pickle_files\b73d1a81ccc26d60463c82c90567bdea5d2e4a07.pkl,0
D:\08_Dataset\Internal\mar2020\pickle_files\ff8114f6165b38b060372f097d927f413ba6a8a7.pkl,0
D:\08_Dataset\Internal\mar2020\pickle_files\24dbbd9b13ceeb46253e26cff7cf0cc770a54680.pkl,0
D:\08_Dataset\Internal\mar2020\pickle_files\3a0ef58c8a8841e94f2277cc14125e7e0c48060e.pkl,0
D:\08_Dataset\Internal\mar2020\pickle_files\d4b3ca5e5c5c155e5e654a64ef0577200f783c75.pkl,0
D:\08_Dataset\Internal\mar2020\pickle_files\abac3e089bae4e1148d343bab1dc84e5c982ddd7.pkl,0
D:\08_Dataset\Internal\mar2020\pickle_files\4eb7bc80a8ddebd360eb542a1d06a26dc3bab614.pkl,0
D:\08_Dataset\Internal\mar2020\pickle_files\2f0e76d0547f9d129c4d4fb73aeab61364923276.pkl,0
D:\08_Dataset\Internal\mar2020\pickle_files\348e84ca6c7a55ba2a5dec88172a66f32e1af152.pkl,0
D:\08_Dataset\Internal\mar2020\pickle_files\ae9ddb0c8f272f76432a2c569488e2d5669b6010.pkl,0
D:\08_Dataset\Internal\mar2020\pickle_files\475316acd7e854d16f1df10d7885f48d801ed49d.pkl,0
D:\08_Dataset\Internal\mar2020\pickle_files\2184573faa40caf28fb3f26abbf2a664743312e6.pkl,0
D:\08_Dataset\Internal\mar2020\pickle_files\5c5972e8f9b5700c8b6bb3925d317e424f24642d.pkl,0
D:\08_Dataset\Internal\mar2020\pickle_files\b037ba64f7f5ab509a459382393a701c8e7b8d76.pkl,0
D:\08_Dataset\Internal\mar2020\pickle_files\87377b896305833eda1e3fdcd2a9fb52a40e4c86.pkl,0
D:\08_Dataset\Internal\mar2020\pickle_files\f8af4a2cbe112f10172991a1308f719f2afc6a85.pkl,0
D:\08_Dataset\Internal\mar2020\pickle_files\d601e7a1ebe64c1352d8e85e37ce7d2528811d5e.pkl,0
D:\08_Dataset\Internal\mar2020\pickle_files\b7202cf005748d0815a2f8b0bd1b2e681cb6c5e2.pkl,0
D:\08_Dataset\Internal\mar2020\pickle_files\d8ad7708b8d0cc47feb2cb6a3a3df0bf279be1a6.pkl,0
D:\08_Dataset\Internal\mar2020\pickle_files\1e4089b8a09b328a10af3783c69ac450a42100da.pkl,0
D:\08_Dataset\Internal\mar2020\pickle_files\14452d5b3d160916ec222fec792918748e9d53e1.pkl,0
D:\08_Dataset\Internal\mar2020\pickle_files\5e065c90a89734d874978649fc080fa0a5ef3d3a.pkl,0
D:\08_Dataset\Internal\mar2020\pickle_files\1c27b97ae7ccad4fba8da41210b7480d04ae2768.pkl,0
D:\08_Dataset\Internal\mar2020\pickle_files\2c4bfb8e6cc68e62f243e98a27718d0762b96d56.pkl,0
D:\08_Dataset\Internal\mar2020\pickle_files\c848b6bbcf725d8cc45dbebd022c9b7f413be302.pkl,0
D:\08_Dataset\Internal\mar2020\pickle_files\b22ac754f13129e10055c51eab1776ff8c0d089b.pkl,0
D:\08_Dataset\Internal\mar2020\pickle_files\9dee0c5fa45d2e57097f99f966d7f2e3c6cff8c1.pkl,0
D:\08_Dataset\Internal\mar2020\pickle_files\60b28501fbb637acd1032a8ea5cdd236a993116c.pkl,0
D:\08_Dataset\Internal\mar2020\pickle_files\066ab822414d512e3538fd5dc4f49743b940dc6d.pkl,0
D:\08_Dataset\Internal\mar2020\pickle_files\002beddf52832d22c267a04e850fec4f28737280.pkl,0
D:\08_Dataset\Internal\mar2020\pickle_files\7059e2b5067f2a19ca7589ce1a65500f92e9ee33.pkl,0
D:\08_Dataset\Internal\mar2020\pickle_files\597ced41b1e1b505a2727f06f6b9471f5bc21123.pkl,0
D:\08_Dataset\Internal\mar2020\pickle_files\65fb3cb193474b92d4b8e94715faec95dbaf151b.pkl,0
D:\08_Dataset\Internal\mar2020\pickle_files\d9acb66c9d9be05208ccce3fa35dc2e21eba1e47.pkl,0
D:\08_Dataset\Internal\mar2020\pickle_files\1365551afbb86456f6e130e831e5fcb7280e9215.pkl,0
D:\08_Dataset\Internal\mar2020\pickle_files\4cbff2fc106fc241077d4d3573e1d0f303c3afbc.pkl,0
D:\08_Dataset\Internal\mar2020\pickle_files\53f2556e1be75df58a25ff07e4585bac84e605e5.pkl,0
D:\08_Dataset\Internal\mar2020\pickle_files\392ab4320b10264381e2a1d63b9fd09c120864eb.pkl,0
D:\08_Dataset\Internal\mar2020\pickle_files\0969c99c93d2ebe84fb8bb1706373a991460f65b.pkl,0
D:\08_Dataset\Internal\mar2020\pickle_files\5df4e91bb4917990b3c2af7186410c60f673d8a9.pkl,0
D:\08_Dataset\Internal\mar2020\pickle_files\b42e15f89908ce673df2e516c49ea058ba87a675.pkl,0
D:\08_Dataset\Internal\mar2020\pickle_files\0096613ce88860456d9a4290a8e2507e91194e2a.pkl,0
D:\08_Dataset\Internal\mar2020\pickle_files\14498c93062bebd0515f9db8b39c27801ab6d250.pkl,0
D:\08_Dataset\Internal\mar2020\pickle_files\3dd28c2d2e398aa628e0741ae33e7e32beb3372e.pkl,0
D:\08_Dataset\Internal\mar2020\pickle_files\b2c27a2e7d0962249d8366e6c7991c663bbb7e08.pkl,0
D:\08_Dataset\Internal\mar2020\pickle_files\3097efa0fdd8753d7dfacd35fa127eada582b5b2.pkl,0
D:\08_Dataset\Internal\mar2020\pickle_files\9f293a5de204b05b2e2114bc662e6d51dc198071.pkl,0
D:\08_Dataset\Internal\mar2020\pickle_files\8d8abf4611f3541fe754f03c45e356ff9c3c9498.pkl,0
D:\08_Dataset\Internal\mar2020\pickle_files\d42ab236ffcd7f535bf532bbd6464712761a796c.pkl,0
D:\08_Dataset\Internal\mar2020\pickle_files\7afb5fdf4fac3c682877b22b90f3d9c3737271d2.pkl,0
D:\08_Dataset\Internal\mar2020\pickle_files\45a0efe08d143cd8ca93c232786b222d208a21b8.pkl,0
D:\08_Dataset\Internal\mar2020\pickle_files\4e4aee12483bc2305fceb4b986ca273abb1ed419.pkl,0
D:\08_Dataset\Internal\mar2020\pickle_files\427faa189b7aa7256e52c2dce865dd7ee13cdccc.pkl,0
D:\08_Dataset\Internal\mar2020\pickle_files\0ec2a1ffcd9cbb91b9545d08b219803bf78ce7d3.pkl,0
D:\08_Dataset\Internal\mar2020\pickle_files\78ca11d2ac63e26eb522abe29c38567cdd4f70c8.pkl,0
D:\08_Dataset\Internal\mar2020\pickle_files\9738e6537cd720d34bf8fe4416c3a8b532708544.pkl,0
D:\08_Dataset\Internal\mar2020\pickle_files\abc3b70e336d0cc74deadf55c73c32c4eb8eea14.pkl,0
D:\08_Dataset\Internal\mar2020\pickle_files\e759f66aabe72e9b5560f01e30287c26ee4ce16c.pkl,0
D:\08_Dataset\Internal\mar2020\pickle_files\f06c2e7ec331efa8467db795fe00d052d3350ea3.pkl,0
D:\08_Dataset\Internal\mar2020\pickle_files\71998ee3f6a2ef3599232035dc53f785188cbf4f.pkl,0
D:\08_Dataset\Internal\mar2020\pickle_files\c4992096f9aa3a0cff249e85e36344458c5e2987.pkl,0
D:\08_Dataset\Internal\mar2020\pickle_files\dfd2ee4a0fad6fe6d37d6369de94ac417f4a9938.pkl,0
D:\08_Dataset\Internal\mar2020\pickle_files\a59ac923e661f46c160d56667fa8c572c9f9a800.pkl,0
D:\08_Dataset\Internal\mar2020\pickle_files\26f2f0c2f8dc92e212181c579c366eba0c3157f9.pkl,0
D:\08_Dataset\Internal\mar2020\pickle_files\e3136499f2a154a9bf278117e70b62df0a2fd623.pkl,0
D:\08_Dataset\Internal\mar2020\pickle_files\cd22762182392367d34612e4ecb7f2d5dcc31f5f.pkl,0
D:\08_Dataset\Internal\mar2020\pickle_files\466a1fd806b143f6629c58bd333ad0b1c6361aa0.pkl,0
D:\08_Dataset\Internal\mar2020\pickle_files\8260e8854d8c23d4fed410eaacd7e62ed97627bd.pkl,0
D:\08_Dataset\Internal\mar2020\pickle_files\772b0df3ad4a89a078cd4ff8e5f45115778d04a2.pkl,0
D:\08_Dataset\Internal\mar2020\pickle_files\2f42d56b505b91c13c51c486c6355b648dbc8412.pkl,0
D:\08_Dataset\Internal\mar2020\pickle_files\e4250d2c1f3386d6c270c97012ece4963e5140f2.pkl,0
D:\08_Dataset\Internal\mar2020\pickle_files\c662c1cf87c0e465e9178f844ea8b44a17dedd02.pkl,0
D:\08_Dataset\Internal\mar2020\pickle_files\6eb0162cb09ef90db5b5338831f4c2620f26458a.pkl,0
D:\08_Dataset\Internal\mar2020\pickle_files\4804722f2470e6de0093ca624a93e7dac01199cc.pkl,0
D:\08_Dataset\Internal\mar2020\pickle_files\53353d4e0bb0c855326700a282d2a8c1b7165c96.pkl,0
D:\08_Dataset\Internal\mar2020\pickle_files\2c33b3579f7cc897891ea82472838f4b17ca6633.pkl,0
D:\08_Dataset\Internal\mar2020\pickle_files\02c367e8b885bd1ce244d561e06c9f6d0421fd45.pkl,0
D:\08_Dataset\Internal\mar2020\pickle_files\edd3de665d3904320eaabb5f4d6660d9eb42d885.pkl,0
D:\08_Dataset\Internal\mar2020\pickle_files\711fa1fafa3a4254d461a4e26f01dfdf33805510.pkl,0
D:\08_Dataset\Internal\mar2020\pickle_files\5b2a787f422cd49645b03a31c882a8e7a30233f9.pkl,0
D:\08_Dataset\Internal\mar2020\pickle_files\ac01fb03201c1ef8cbbc46fa4fef70258ca9a0de.pkl,0
D:\08_Dataset\Internal\mar2020\pickle_files\6976b451b6fede627cf982a7556d4ea49bb9a02c.pkl,0
D:\08_Dataset\Internal\mar2020\pickle_files\af0336dd163359105bb7b5d4233a84e6485dbeea.pkl,0
D:\08_Dataset\Internal\mar2020\pickle_files\c1e64f990b861608021f7d6a3daf52cebdaf4810.pkl,0
D:\08_Dataset\Internal\mar2020\pickle_files\1b7cf070e0d9a4c4aa4ff6f335c862adbd3e7c92.pkl,0
D:\08_Dataset\Internal\mar2020\pickle_files\ade16e09f57ab7939c201e06a8533688dc24023b.pkl,0
D:\08_Dataset\Internal\mar2020\pickle_files\1beeb8271ca87bb394c094562af8510bdd11498e.pkl,0
D:\08_Dataset\Internal\mar2020\pickle_files\d6f16fbea626c2759e554e5f9d1c5e9d103002a1.pkl,0
D:\08_Dataset\Internal\mar2020\pickle_files\3f1d2b54d715496c661dd7c5263afde4cf26fa40.pkl,0
D:\08_Dataset\Internal\mar2020\pickle_files\bec3af08b546e00c42cf66af6fe089dc0a149263.pkl,0
D:\08_Dataset\Internal\mar2020\pickle_files\14d109654f84a3bee5fc76d71dd0e15298f92f7c.pkl,0
D:\08_Dataset\Internal\mar2020\pickle_files\0b47b2d022386afb665f0ac30fb15c17676c26f7.pkl,0
D:\08_Dataset\Internal\mar2020\pickle_files\40eda99e199220489049c6816078d43bb0b9082f.pkl,0
D:\08_Dataset\Internal\mar2020\pickle_files\cef5b4a2b5af119d7953a722bda5b287a18adc71.pkl,0
D:\08_Dataset\Internal\mar2020\pickle_files\d676a1505d452dc3257afab5612a046ecbd5e8f5.pkl,0
D:\08_Dataset\Internal\mar2020\pickle_files\8cbeb13cedb6b2c544400a6d124d497ff40000e7.pkl,0
D:\08_Dataset\Internal\mar2020\pickle_files\2c8c97bb0694c7bafe202e1c7026e77ade8dd935.pkl,0
D:\08_Dataset\Internal\mar2020\pickle_files\73c04ee2338892d98a92ff1409a4c18d33ee45db.pkl,0
D:\08_Dataset\Internal\mar2020\pickle_files\28e3de864f99fc0a8b48b51ac2a545cc596548bf.pkl,0
D:\08_Dataset\Internal\mar2020\pickle_files\dfdf9ccc88dbee8b9026c1353736107f0ae4f8f6.pkl,0
D:\08_Dataset\Internal\mar2020\pickle_files\18ad8e71c41c95cef8eebab799fc2f5d46c2d12a.pkl,0
D:\08_Dataset\Internal\mar2020\pickle_files\73420e3b818cb3dbb41bbdbf52ffa40227a330ea.pkl,0
D:\08_Dataset\Internal\mar2020\pickle_files\cc38e2c954ff4e1f988f67861a38328958f94747.pkl,0
D:\08_Dataset\Internal\mar2020\pickle_files\b17caf31d69659406c2a1e1de2324c84b15aaa7e.pkl,0
D:\08_Dataset\Internal\mar2020\pickle_files\8b26fef4750fd3abcc352e886d4da498fbc41ab9.pkl,0
D:\08_Dataset\Internal\mar2020\pickle_files\9af6209faaade47742b4922d7a039dff6b3336e7.pkl,0
D:\08_Dataset\Internal\mar2020\pickle_files\3156e7105bb34fc2d95a581bdd0c20d9f0959ce0.pkl,0
D:\08_Dataset\Internal\mar2020\pickle_files\c4495eb256bf219daf5e34bfb7e38c9e311d9c56.pkl,0
D:\08_Dataset\Internal\mar2020\pickle_files\d42350fac1e02ffc8db5874c77c8c58f9cdb9b84.pkl,0
D:\08_Dataset\Internal\mar2020\pickle_files\82b0e960f91fb91a19d1a0328fbf10d002c3c0c0.pkl,0
D:\08_Dataset\Internal\mar2020\pickle_files\735f5dc62aebf7467470fcb0b5175a96df0bef6e.pkl,0
D:\08_Dataset\Internal\mar2020\pickle_files\0d3af3eb4c831a236c848b162544e6d7101db3f4.pkl,0
D:\08_Dataset\Internal\mar2020\pickle_files\ef8f276d0f7573774b09ba8f0a2a0fc771dd2652.pkl,0
D:\08_Dataset\Internal\mar2020\pickle_files\3840744b62907d127e54583efcb4c236da7ea0a3.pkl,0
D:\08_Dataset\Internal\mar2020\pickle_files\647b11e8341cab66693160795b9d2951bfa283bf.pkl,0
D:\08_Dataset\Internal\mar2020\pickle_files\dfe2f475d8c788b55e37b24f5e9f693ae49fcbcf.pkl,0
D:\08_Dataset\Internal\mar2020\pickle_files\6a12d52370fe4be94af25c8a2455ce44ee22db1c.pkl,0
D:\08_Dataset\Internal\mar2020\pickle_files\ea8e051a397aafb964458b8d788f572f06076f70.pkl,0
D:\08_Dataset\Internal\mar2020\pickle_files\471e72a3f141503c5cf221280be4175dd36d0447.pkl,0
D:\08_Dataset\Internal\mar2020\pickle_files\9ad8debffda6c5f9a61957eb8916f10d8cd4e9aa.pkl,0
D:\08_Dataset\Internal\mar2020\pickle_files\a93baaab285ff0600099ac8ec9abb30d06866152.pkl,0
D:\08_Dataset\Internal\mar2020\pickle_files\60dae3ff1a427da06aeca1a78e3977a3d650eb74.pkl,0
D:\08_Dataset\Internal\mar2020\pickle_files\963d5bb54352742b411ca1f03538032dd3cfffa3.pkl,0
D:\08_Dataset\Internal\mar2020\pickle_files\d8f78e6f6b389cca3255d629de84c607c6b71c7a.pkl,0
D:\08_Dataset\Internal\mar2020\pickle_files\753a4142cdb6416ed700764e9ef4b0a8b963f6ce.pkl,0
D:\08_Dataset\Internal\mar2020\pickle_files\2a93b9d8d7d8d11524ef901fbbf043230067fadb.pkl,0
D:\08_Dataset\Internal\mar2020\pickle_files\ad5c776febeb5b6367a80588b6aeb981de2079d2.pkl,0
D:\08_Dataset\Internal\mar2020\pickle_files\394f401fdd0b47aee24b928785be2c8f3a38edbf.pkl,0
D:\08_Dataset\Internal\mar2020\pickle_files\1cbc9f661dc797de9da0435cc87fb8d8a346e929.pkl,0
D:\08_Dataset\Internal\mar2020\pickle_files\93aed47892f7eaafef2015e0882f52829781bc82.pkl,0
D:\08_Dataset\Internal\mar2020\pickle_files\e3ea4ebda342686e53cafd6221a1046a62443dc9.pkl,0
D:\08_Dataset\Internal\mar2020\pickle_files\e3971ff19a4bb8b2cdd2bedbf4b8046480ef7223.pkl,0
D:\08_Dataset\Internal\mar2020\pickle_files\7ff7fdc14603b08d53e1b12d2b6da6a4b8c866a5.pkl,0
D:\08_Dataset\Internal\mar2020\pickle_files\6c04e3abf12986a54523ae936a3636a5d1a6f916.pkl,0
D:\08_Dataset\Internal\mar2020\pickle_files\cc0fb225b6fb6916464504c796b8f541b2c99286.pkl,0
D:\08_Dataset\Internal\mar2020\pickle_files\be0144e3235ffde0787e9f1cd34c828ec87d8e19.pkl,0
D:\08_Dataset\Internal\mar2020\pickle_files\8ab2e1649ca0e8b53d6f0f45426cf5bca3b962da.pkl,0
D:\08_Dataset\Internal\mar2020\pickle_files\8145170576567b23c434a6ea2290913e5e2441a0.pkl,0
D:\08_Dataset\Internal\mar2020\pickle_files\6e1d7faf4ee4a10e9fe73d2e6027a53fe4963f00.pkl,0
D:\08_Dataset\Internal\mar2020\pickle_files\ab3edabc96d8aff9e67c6cdeb4f9c29e9eca7ce9.pkl,0
D:\08_Dataset\Internal\mar2020\pickle_files\4c74bffcd5e39f52bc08bbd91ea2728ea7fb5356.pkl,0
D:\08_Dataset\Internal\mar2020\pickle_files\a2ebc3352ffd0f0117d37b92fa80dfa5ed41baca.pkl,0
D:\08_Dataset\Internal\mar2020\pickle_files\c56177d43f80feeef7f51e3a3bdf8548aa1296e2.pkl,0
D:\08_Dataset\Internal\mar2020\pickle_files\3f8a93d6efc9973e7ad6465a6ed55f70e2583552.pkl,0
D:\08_Dataset\Internal\mar2020\pickle_files\030e641340964985a43f63a9a23e99a69ae32edf.pkl,0
D:\08_Dataset\Internal\mar2020\pickle_files\fa0d2f2c7a175108f48199480f4d0f906a61c3c7.pkl,0
D:\08_Dataset\Internal\mar2020\pickle_files\df787bcc0d7c6f70dfe7bca4364b800395724bdc.pkl,0
D:\08_Dataset\Internal\mar2020\pickle_files\5335f2027dcc69c791bed9debeaa5e7862f2a711.pkl,0
D:\08_Dataset\Internal\mar2020\pickle_files\2924d200b0c3b0a7e899d3c48ea1d1952763defa.pkl,0
D:\08_Dataset\Internal\mar2020\pickle_files\02f0ad94dd3b6da1992f99172dc91afa5183cebd.pkl,0
D:\08_Dataset\Internal\mar2020\pickle_files\33772465855cc0b599200f60940b8240e6d73a6b.pkl,0
D:\08_Dataset\Internal\mar2020\pickle_files\7a6d3867424a743fecfab29f13c98c2d17f781da.pkl,0
D:\08_Dataset\Internal\mar2020\pickle_files\4ab84251e5563ede060d147f27fa94721020f755.pkl,0
D:\08_Dataset\Internal\mar2020\pickle_files\1e81129c4035a573482abfa570de33a1d76e7a87.pkl,0
D:\08_Dataset\Internal\mar2020\pickle_files\e08ae43df005035a3475f955999d7e1d4b95249d.pkl,0
D:\08_Dataset\Internal\mar2020\pickle_files\a96cb6c91de42b904fad1aca286167d1e9832109.pkl,0
D:\08_Dataset\Internal\mar2020\pickle_files\45031c9a127520c68fb9bf3d19b680525126ab5e.pkl,0
D:\08_Dataset\Internal\mar2020\pickle_files\849669c2395b6d84359f7710adad535dafcf63dd.pkl,0
D:\08_Dataset\Internal\mar2020\pickle_files\42e8cb457ca408995ea48c1edade18e5bda2fbc1.pkl,0
D:\08_Dataset\Internal\mar2020\pickle_files\d13311c6b151d014d0c5326dac21660933d35401.pkl,0
D:\08_Dataset\Internal\mar2020\pickle_files\c8eed4b7202d9166f101090bf8d0e031f18f2bd0.pkl,0
D:\08_Dataset\Internal\mar2020\pickle_files\3e3decf914453e074dae7f622f0cd01d20c1d404.pkl,0
D:\08_Dataset\Internal\mar2020\pickle_files\c8b3f356f0a480412666eade52915da794c29487.pkl,0
D:\08_Dataset\Internal\mar2020\pickle_files\52729f901bafe702d93a4fc7936825e0f46f0d7b.pkl,0
D:\08_Dataset\Internal\mar2020\pickle_files\6829c0a876c85bf1533ad1dc147d26f36a43bdbe.pkl,0
D:\08_Dataset\Internal\mar2020\pickle_files\c1ae41fbaf41d6b7ad46ad7225eb4ca5dcb2b97d.pkl,0
D:\08_Dataset\Internal\mar2020\pickle_files\183fa7394ecfe8b9bed7f4ae30461ec4234583ea.pkl,0
D:\08_Dataset\Internal\mar2020\pickle_files\28f1a32dbd4217b452c7d756cc413ef1ca68a0bd.pkl,0
D:\08_Dataset\Internal\mar2020\pickle_files\6ca3efba0fa1bfe9d4948d3037c871c35f932585.pkl,0
D:\08_Dataset\Internal\mar2020\pickle_files\496283d2354b3cf6f791aaa732b4927568efa467.pkl,0
D:\08_Dataset\Internal\mar2020\pickle_files\1a85896e4d3efe5d563bc1c17603e434477b7ce2.pkl,0
D:\08_Dataset\Internal\mar2020\pickle_files\08f61753e5e9f33e380812503106bec6224a0c1c.pkl,0
D:\08_Dataset\Internal\mar2020\pickle_files\d881934d1e6e5e74b012900d2318323123fa4839.pkl,0
D:\08_Dataset\Internal\mar2020\pickle_files\9c4b3b100d06ba74b7b22eeb71482917b6e09aac.pkl,0
D:\08_Dataset\Internal\mar2020\pickle_files\1eb7d744092cea75fca752733aef8f151e85f0f0.pkl,0
D:\08_Dataset\Internal\mar2020\pickle_files\d3f603769e1f5f44e7dfa4193cd7548082ca7411.pkl,0
D:\08_Dataset\Internal\mar2020\pickle_files\066f1ce5f4a9acbd081921aefd68f11e8c4aa14a.pkl,0
D:\08_Dataset\Internal\mar2020\pickle_files\ae8673e16e5f0db906a0f615555b26a6a02a10d0.pkl,0
D:\08_Dataset\Internal\mar2020\pickle_files\5f7082e1ec23274987b8411d4bcf780a0f68036b.pkl,0
D:\08_Dataset\Internal\mar2020\pickle_files\acb5631d4c776ea1cb9b16066917484a010d19b9.pkl,0
D:\08_Dataset\Internal\mar2020\pickle_files\0335a886475fd257824254c8ec14bf0b336348c7.pkl,0
D:\08_Dataset\Internal\mar2020\pickle_files\ef26548e98c343844a4f1fe092c49afda3a69039.pkl,0
D:\08_Dataset\Internal\mar2020\pickle_files\06d86edb889cd86fe6bc328efe0a35995e21afd4.pkl,0
D:\08_Dataset\Internal\mar2020\pickle_files\1af0e522ed71efb90c2e0ebdcc7f6245f7707e47.pkl,0
D:\08_Dataset\Internal\mar2020\pickle_files\4751eb141cabcf4586164caf16bc6fe507bc01e5.pkl,0
D:\08_Dataset\Internal\mar2020\pickle_files\00b78466c2729b04e2b34d109e5adfae477e7f8d.pkl,0
D:\08_Dataset\Internal\mar2020\pickle_files\b6f8d2fb4d3ffbabcc34e4aa002a166744b3e060.pkl,0
D:\08_Dataset\Internal\mar2020\pickle_files\4b2c8d6e14b2b7d0811c636cf679dbb1f223a227.pkl,0
D:\08_Dataset\Internal\mar2020\pickle_files\9f218420389eeb4eed60e86e2f92a2209651dcbd.pkl,0
D:\08_Dataset\Internal\mar2020\pickle_files\f33f4a0e96ea184be60247d616c943f740d1d1bf.pkl,0
D:\08_Dataset\Internal\mar2020\pickle_files\1cacbcc5756463795a4786796a802189e0c12821.pkl,0
D:\08_Dataset\Internal\mar2020\pickle_files\4e1789e67be726d596245b545fdc7a48f112bda1.pkl,0
D:\08_Dataset\Internal\mar2020\pickle_files\f4e8491ba846a7184e4137a2b14ad80fd243af47.pkl,0
D:\08_Dataset\Internal\mar2020\pickle_files\40619b694ea7167420c1cc78619e6caf6b7f28cc.pkl,0
D:\08_Dataset\Internal\mar2020\pickle_files\9aa4721509318fa87a571dd07ff5c1c9e873b39e.pkl,0
D:\08_Dataset\Internal\mar2020\pickle_files\39d7a216e0f8e47a125c64ec311fff9876d932e1.pkl,0
D:\08_Dataset\Internal\mar2020\pickle_files\e941d8ecd30b86555aef057b18929140df6e9532.pkl,0
D:\08_Dataset\Internal\mar2020\pickle_files\b5c3a95c55f3f3965c48c409275ac56a58b228fa.pkl,0
D:\08_Dataset\Internal\mar2020\pickle_files\e9ae007555cfd961db4f6fa6d6bd0d75d1368c86.pkl,0
D:\08_Dataset\Internal\mar2020\pickle_files\11643c82fece4a34f51d59828b814edeee02bc37.pkl,0
D:\08_Dataset\Internal\mar2020\pickle_files\bab516c585fac371a744b28aac4ddfc651d06c04.pkl,0
D:\08_Dataset\Internal\mar2020\pickle_files\3f1c68dc58b2613090fb59e8b082066d73f2db07.pkl,0
D:\08_Dataset\Internal\mar2020\pickle_files\8ed7475102428b5b31a8c3aa5d977fa1474f05c1.pkl,0
D:\08_Dataset\Internal\mar2020\pickle_files\d03d15dad891385b1e8776994e5dde7389c30349.pkl,0
D:\08_Dataset\Internal\mar2020\pickle_files\12e0c2a566e0ff7445baf2b9aedf76d56a6b6354.pkl,0
D:\08_Dataset\Internal\mar2020\pickle_files\81e99c4a8b3cea31c8c02823c40d0ce9dee854c1.pkl,0
D:\08_Dataset\Internal\mar2020\pickle_files\1ba5b0fe2d30f299660caa0df049a5346ffb2e8c.pkl,0
D:\08_Dataset\Internal\mar2020\pickle_files\2c400bfe474948c452d750b2d4b607c64c16f527.pkl,0
D:\08_Dataset\Internal\mar2020\pickle_files\55cc01dae4401df978c88cef4e4df4fbd4bea167.pkl,0
D:\08_Dataset\Internal\mar2020\pickle_files\bd26eb510c9a7d3f6fdb14274094a19e987d8e60.pkl,0
D:\08_Dataset\Internal\mar2020\pickle_files\bf6e17355e8e6e530ba10b14eefd9e56cb30da5d.pkl,0
D:\08_Dataset\Internal\mar2020\pickle_files\73f002bae3002a84727877dffe877489c86c0b1d.pkl,0
D:\08_Dataset\Internal\mar2020\pickle_files\f8126439dd2ec8b26d7609712d34ce4565b496b0.pkl,0
D:\08_Dataset\Internal\mar2020\pickle_files\cfd1ce3622b481e3fc59c2e1a977348d0ddf108d.pkl,0
D:\08_Dataset\Internal\mar2020\pickle_files\71c97bbfa2f8733514c70cbc25fa661c8410e9cf.pkl,0
D:\08_Dataset\Internal\mar2020\pickle_files\cfc4567b2bb007d841c781064fe4e625068cd1ed.pkl,0
D:\08_Dataset\Internal\mar2020\pickle_files\26326a39fa5f36bdd839231eeec00c28335af8e4.pkl,0
D:\08_Dataset\Internal\mar2020\pickle_files\88bc1b65bb51c04695c34b51eb3dbc6eeb0e03ca.pkl,0
D:\08_Dataset\Internal\mar2020\pickle_files\ad804d596bed0c16baaf3ca6d5350280411705c9.pkl,0
D:\08_Dataset\Internal\mar2020\pickle_files\b924a8c9de29a34dce518db6c80266d0a2c4a703.pkl,0
D:\08_Dataset\Internal\mar2020\pickle_files\7048c6d1ab73ee8a6556a104398eccfa3113b3b3.pkl,0
D:\08_Dataset\Internal\mar2020\pickle_files\aa0d89618a67d7480c01c8511d47ee84fb47dafd.pkl,0
D:\08_Dataset\Internal\mar2020\pickle_files\03a30d6e9a5912113414d6121f341eb532a20d91.pkl,0
D:\08_Dataset\Internal\mar2020\pickle_files\2e4466ee88b53c69b7a3b4470b6b258a4d80196d.pkl,0
D:\08_Dataset\Internal\mar2020\pickle_files\e63038b89e4a25c82136f7f8133393d37c115a8f.pkl,0
D:\08_Dataset\Internal\mar2020\pickle_files\a005619194d082c46b61769b6c9df1132afb7c47.pkl,0
D:\08_Dataset\Internal\mar2020\pickle_files\44f390b93324f0e727cdff0d82b9b3635796938a.pkl,0
D:\08_Dataset\Internal\mar2020\pickle_files\6d889801854cb86e9ee301997e5467a24884a43e.pkl,0
D:\08_Dataset\Internal\mar2020\pickle_files\1fcdd53e125406f0e9ea3edab08e5b7f22fdbf97.pkl,0
D:\08_Dataset\Internal\mar2020\pickle_files\c893e218e8ad5d9912952874fc6402f24a930d74.pkl,0
D:\08_Dataset\Internal\mar2020\pickle_files\87968be25a0c169fb3955365d8204ff64dd92b00.pkl,0
D:\08_Dataset\Internal\mar2020\pickle_files\939b59c6c7a6dc3dfeb6ebffb06951b3d658a5d0.pkl,0
D:\08_Dataset\Internal\mar2020\pickle_files\55f16403dfc3b50b75d485590686a871991b1bba.pkl,0
D:\08_Dataset\Internal\mar2020\pickle_files\bf5a8a30c1b976c103d2133543d8c31114dd55cf.pkl,0
D:\08_Dataset\Internal\mar2020\pickle_files\0569b915f618728b6af8cad7410e7e75de508e10.pkl,0
D:\08_Dataset\Internal\mar2020\pickle_files\69495cbf6c9a4ee30ade69077cd87e8cbdb92475.pkl,0
D:\08_Dataset\Internal\mar2020\pickle_files\55971202f211a414a3b9754b450575eed971cf65.pkl,0
D:\08_Dataset\Internal\mar2020\pickle_files\cf768649dfcd82314aae75adcedc22d50b6bac79.pkl,0
D:\08_Dataset\Internal\mar2020\pickle_files\b7afe74ff44bca6b3b49d1470d1eeca68321e006.pkl,0
D:\08_Dataset\Internal\mar2020\pickle_files\9fdc282c188c3f345e1a28474c7bc0bb9e7ed081.pkl,0
D:\08_Dataset\Internal\mar2020\pickle_files\288d0e2e7a64450c50cda7016c01fd3662be8296.pkl,0
D:\08_Dataset\Internal\mar2020\pickle_files\3db55803e984511b68f756b70e56f00db35581a7.pkl,0
D:\08_Dataset\Internal\mar2020\pickle_files\de80967437af34a22796cc40446b71479fc5b9b2.pkl,0
D:\08_Dataset\Internal\mar2020\pickle_files\dba546dcdebed2147ea0b8c330ba692093898057.pkl,0
D:\08_Dataset\Internal\mar2020\pickle_files\869314b7e5c7d39e3333293a1bc3cd842de36fd9.pkl,0
D:\08_Dataset\Internal\mar2020\pickle_files\47e84e1c076dcc5ec970c27f686354dfad963cec.pkl,0
D:\08_Dataset\Internal\mar2020\pickle_files\6de9ddf6e501917eceb0dbc0cb001e59cb105b1c.pkl,0
D:\08_Dataset\Internal\mar2020\pickle_files\740161e2db2636d581f568bfb5a2976865758074.pkl,0
D:\08_Dataset\Internal\mar2020\pickle_files\9de44f96c7bd929fdf9b862756feaaacc3dca008.pkl,0
D:\08_Dataset\Internal\mar2020\pickle_files\5afcce5e4a9e1e9ed96bc474991e62605b7ff685.pkl,0
D:\08_Dataset\Internal\mar2020\pickle_files\6e1b0795be8c0e9735f4adadc77ebc1c245be5ae.pkl,0
D:\08_Dataset\Internal\mar2020\pickle_files\2c1f6d4d2091adef586b982c10fbee8c1d0ca408.pkl,0
D:\08_Dataset\Internal\mar2020\pickle_files\c09dcc74c9db84d30dd94b7b5e77181c5e42ce3c.pkl,0
D:\08_Dataset\Internal\mar2020\pickle_files\08b915317bb868b45bb9d16c3b3bfde265c5f841.pkl,0
D:\08_Dataset\Internal\mar2020\pickle_files\3d338b5554c4532800f3d91ff4dc6862784b3b94.pkl,0
D:\08_Dataset\Internal\mar2020\pickle_files\101c23480280928f15956996ac17a1c24d2d46a7.pkl,0
D:\08_Dataset\Internal\mar2020\pickle_files\3b0980d2f7756eb7b7857c507f300bec18bd0bdf.pkl,0
D:\08_Dataset\Internal\mar2020\pickle_files\9ec972dbbb9c73106c7e8bf70e641c0de8499748.pkl,0
D:\08_Dataset\Internal\mar2020\pickle_files\53c98bf4fca868540154af031f89bd306db553d4.pkl,0
D:\08_Dataset\Internal\mar2020\pickle_files\6e995965d85025312b59fcce166e1ba056789f58.pkl,0
D:\08_Dataset\Internal\mar2020\pickle_files\45a88088c70483e69beb45d518deb4a51465a7bb.pkl,0
D:\08_Dataset\Internal\mar2020\pickle_files\8fe8ea596d9adb3eeb21d6f399f6d21591e01b5b.pkl,0
D:\08_Dataset\Internal\mar2020\pickle_files\e924b8e161b07d962132b61ae5bd3543302687b2.pkl,0
D:\08_Dataset\Internal\mar2020\pickle_files\a917be4711a42430a1048ff623b02b6d6efbf223.pkl,0
D:\08_Dataset\Internal\mar2020\pickle_files\053f6685feb4be1e2eac8b65cdebe99ac707cd91.pkl,0
D:\08_Dataset\Internal\mar2020\pickle_files\78dac93eb2b7d4e93e450bd1bd91490bfc13dc9f.pkl,0
D:\08_Dataset\Internal\mar2020\pickle_files\e83fdfdf274ba686444fb55208fa6e9de28d2cfd.pkl,0
D:\08_Dataset\Internal\mar2020\pickle_files\4cd4adfd126419c1957e1b9aa96ea83eb7c109be.pkl,0
D:\08_Dataset\Internal\mar2020\pickle_files\e4d345a195a8edc59251cafc64a4d682ee3f0f68.pkl,0
D:\08_Dataset\Internal\mar2020\pickle_files\fb04164446aed512d628d35e1bb8408d44a30e0c.pkl,0
D:\08_Dataset\Internal\mar2020\pickle_files\92ce442d0d6460c699fb4c75e7f87693cf94b50b.pkl,0
D:\08_Dataset\Internal\mar2020\pickle_files\b1ab44202ad09d554a371726a1ead533e6292df0.pkl,0
D:\08_Dataset\Internal\mar2020\pickle_files\f2dc8402e6fd90b5b6a2599a665536db754c95c7.pkl,0
D:\08_Dataset\Internal\mar2020\pickle_files\81447857d98ede4d1c257c39856c6f20894ebf02.pkl,0
D:\08_Dataset\Internal\mar2020\pickle_files\42864a117c16672bf058f4727374180438ea3286.pkl,0
D:\08_Dataset\Internal\mar2020\pickle_files\ccd35b9421210762232bdf38a622b8e86b559bd0.pkl,0
D:\08_Dataset\Internal\mar2020\pickle_files\534738c2db1e0607043a77b8620c592cdbff93e3.pkl,0
D:\08_Dataset\Internal\mar2020\pickle_files\f433b87509596693a4ce078b90e4d472dd65f59f.pkl,0
D:\08_Dataset\Internal\mar2020\pickle_files\bacc33063899c92b5dbc39479d424cfe844217c6.pkl,0
D:\08_Dataset\Internal\mar2020\pickle_files\b5aa1793f6772f0f851eb4a4840937a51012d7e4.pkl,0
D:\08_Dataset\Internal\mar2020\pickle_files\a7b3b6d537711aea0ce6cc62a9f3f1b87a18d420.pkl,0
D:\08_Dataset\Internal\mar2020\pickle_files\1a66610e0b793ee1510b93d26820e471ffede88c.pkl,0
D:\08_Dataset\Internal\mar2020\pickle_files\0404fad85c37a9d623abf77ae9fa2ad4e38dcf38.pkl,0
D:\08_Dataset\Internal\mar2020\pickle_files\473b088ea8b0110cfe8a09b1b6bb61d8b3dbe377.pkl,0
D:\08_Dataset\Internal\mar2020\pickle_files\779b8afc3fa2528b090f400ef3d592e0e2775955.pkl,0
D:\08_Dataset\Internal\mar2020\pickle_files\b2ac1cec048d75b127346ca44017a465f4b1f9ee.pkl,0
D:\08_Dataset\Internal\mar2020\pickle_files\15bba87f7c608e056d64c243076feb0540452c5f.pkl,0
D:\08_Dataset\Internal\mar2020\pickle_files\24104968d5e769af8f790682c394e51304cdbbae.pkl,0
D:\08_Dataset\Internal\mar2020\pickle_files\be2f88ff781f18f5301f5640ed1af55b6d7f91e2.pkl,0
D:\08_Dataset\Internal\mar2020\pickle_files\b9b1b16223b8a775c8ade9089ebdcdd629e3237f.pkl,0
D:\08_Dataset\Internal\mar2020\pickle_files\7ff9eae1bf586b47bbfa5acb3c782cf451901dbb.pkl,0
D:\08_Dataset\Internal\mar2020\pickle_files\e917a7b44c1648396158131b13d013406e389f41.pkl,0
D:\08_Dataset\Internal\mar2020\pickle_files\9d0b7021036ef53c9150364f2740a0741e421a1a.pkl,0
D:\08_Dataset\Internal\mar2020\pickle_files\d48f6ec2f54264abdd8590e77c989ab85e9b32f4.pkl,0
D:\08_Dataset\Internal\mar2020\pickle_files\a2198b6d266720e3139554c2781e0f4586d29f80.pkl,0
D:\08_Dataset\Internal\mar2020\pickle_files\165e98c71f4b1a3f092d19fec5271840267980c4.pkl,0
D:\08_Dataset\Internal\mar2020\pickle_files\8c7186253c17596cb5a8421e4f400a6d57149b45.pkl,0
D:\08_Dataset\Internal\mar2020\pickle_files\36a4748b0b86cfd7c62c4b30fa9c18076104c022.pkl,0
D:\08_Dataset\Internal\mar2020\pickle_files\30215f19082134f493bb4d5a51662ad11edfe73b.pkl,0
D:\08_Dataset\Internal\mar2020\pickle_files\a96e0362771b453a0dc19cc23bfa7a2ce7868a92.pkl,0
D:\08_Dataset\Internal\mar2020\pickle_files\cc6957482c045b899a8d3ebea827410815757cae.pkl,0
D:\08_Dataset\Internal\mar2020\pickle_files\b9922a17369fdadde0f89aaa1a0d3d2e84ac5c79.pkl,0
D:\08_Dataset\Internal\mar2020\pickle_files\26f6040a4edc989ab9d32b1615b5a33b4b733286.pkl,0
D:\08_Dataset\Internal\mar2020\pickle_files\076176e2fd3e21ccb1c5ce5f11dff25738d43326.pkl,0
D:\08_Dataset\Internal\mar2020\pickle_files\04ae8a4b00ef8bb5517804db8afa2714375ef325.pkl,0
D:\08_Dataset\Internal\mar2020\pickle_files\8cb0e0565f85fbdb1a996ceda620dcb1bce95801.pkl,0
D:\08_Dataset\Internal\mar2020\pickle_files\6b6718c7fdb3d8e34a785ef7ce19ef6411272d24.pkl,0
D:\08_Dataset\Internal\mar2020\pickle_files\549c25da91ef09a7bc6c5cbe5d12679d9bd31868.pkl,0
D:\08_Dataset\Internal\mar2020\pickle_files\66dd3495a905e2598d1c01c1e1cac852a34f2b83.pkl,0
D:\08_Dataset\Internal\mar2020\pickle_files\86299172a37e31f84aa7cfb253fe85c66ba06d27.pkl,0
D:\08_Dataset\Internal\mar2020\pickle_files\d09de726bf5610f8e14c3868ce4e1ddd91877535.pkl,0
D:\08_Dataset\Internal\mar2020\pickle_files\e5784e2c265727b1b0dcbb6a6b1b8f223f752f5b.pkl,0
D:\08_Dataset\Internal\mar2020\pickle_files\e368b2678d3a032c0a77d66b70f6eb6ac1d84489.pkl,0
D:\08_Dataset\Internal\mar2020\pickle_files\64a5226df337d8dd6646a6ce1f1793375afdb202.pkl,0
D:\08_Dataset\Internal\mar2020\pickle_files\2e491bb85abff9793082519c0b127445e63902fd.pkl,0
D:\08_Dataset\Internal\mar2020\pickle_files\981ba60409979a12a0495ad057a3b249d3ea3f90.pkl,0
D:\08_Dataset\Internal\mar2020\pickle_files\81c7277e0936d380cd7bfce8f4fdeab46e3b3c6a.pkl,0
D:\08_Dataset\Internal\mar2020\pickle_files\0ccef5b44a27cca8181cdbf2cc66c7b9137472a9.pkl,0
D:\08_Dataset\Internal\mar2020\pickle_files\97dfc526bc033aeb093227b2e747a5c84c1b8c06.pkl,0
D:\08_Dataset\Internal\mar2020\pickle_files\a0c59636e1534a735d9fce25a49c16a54b9472cd.pkl,0
D:\08_Dataset\Internal\mar2020\pickle_files\82f3a18bac5a53ab208659541f9488fc8567225f.pkl,0
D:\08_Dataset\Internal\mar2020\pickle_files\cf54094d9f463d7d8d681869c10bf37637ff65cf.pkl,0
D:\08_Dataset\Internal\mar2020\pickle_files\0a250febf1e7b5d67138e711b9959290c917d95d.pkl,0
D:\08_Dataset\Internal\mar2020\pickle_files\1f970313ca1c4173b4012a181976011de71a6501.pkl,0
D:\08_Dataset\Internal\mar2020\pickle_files\ea143bbd52fcd57e2b45aaead873c76ee094ffd1.pkl,0
D:\08_Dataset\Internal\mar2020\pickle_files\3eafee3ff01391e3530b62a0af682f6f9edde2be.pkl,0
D:\08_Dataset\Internal\mar2020\pickle_files\fac733b6a91f8209464f314f4c97109be125dc50.pkl,0
D:\08_Dataset\Internal\mar2020\pickle_files\ac5b2433243660b04d4fd4caadd1af670499901d.pkl,0
D:\08_Dataset\Internal\mar2020\pickle_files\210987eae719a938e6b108b012e57fe7cbbfb3b0.pkl,0
D:\08_Dataset\Internal\mar2020\pickle_files\caf78c53aa4472a7bef7852addad66e60d318f4c.pkl,0
D:\08_Dataset\Internal\mar2020\pickle_files\2c41b6b8fa942d9b54cc21516b6a40394b96e67e.pkl,0
D:\08_Dataset\Internal\mar2020\pickle_files\927c9f922d9e69efc0f860d55fd365fb6f16b0e4.pkl,0
D:\08_Dataset\Internal\mar2020\pickle_files\621a737c162ecbe654c5140d98b330234b02c359.pkl,0
D:\08_Dataset\Internal\mar2020\pickle_files\30589af137e51ef72926d5dcab9418981a73f731.pkl,0
D:\08_Dataset\Internal\mar2020\pickle_files\a5a42cb83b4ee86bc6e1d4249e050c85f3c01895.pkl,0
D:\08_Dataset\Internal\mar2020\pickle_files\c499496842f96d41e5902b53cc2b8066cd1eb473.pkl,0
D:\08_Dataset\Internal\mar2020\pickle_files\9fe978e94b0c318d47b324b2c5bc73cf9676fe1e.pkl,0
D:\08_Dataset\Internal\mar2020\pickle_files\8588abe02c611b5c3174c250c55006061789569f.pkl,0
D:\08_Dataset\Internal\mar2020\pickle_files\5e57ca9a16aef77d76e6442256a0eff76b32ed1a.pkl,0
D:\08_Dataset\Internal\mar2020\pickle_files\59175e80cb95cd11464165c800b5afbff17a8e00.pkl,0
D:\08_Dataset\Internal\mar2020\pickle_files\cf4b4f4122c47198833b1713c946f7cba361f35f.pkl,0
D:\08_Dataset\Internal\mar2020\pickle_files\52459980a8e27f04215821d35fb6afc1f482ef40.pkl,0
D:\08_Dataset\Internal\mar2020\pickle_files\9f18fecda957ce9dde79564c3710531274a97872.pkl,0
D:\08_Dataset\Internal\mar2020\pickle_files\f9abcdc8bb01d0988d6c31c4ec1938a4be1c4474.pkl,0
D:\08_Dataset\Internal\mar2020\pickle_files\c09d57d789deb598e725f5b76f5f15ceac2644b7.pkl,0
D:\08_Dataset\Internal\mar2020\pickle_files\9b391201ade64ee6ec5ee1a4829e0f85f816f82e.pkl,0
D:\08_Dataset\Internal\mar2020\pickle_files\fe4b6e40309c7fef8b74e501919b9f710d723de1.pkl,0
D:\08_Dataset\Internal\mar2020\pickle_files\fae1dceab0e42c152904cb6fcafea62ea629bf33.pkl,0
D:\08_Dataset\Internal\mar2020\pickle_files\a224783f807849a4a6281d3298e62cb3aefd53da.pkl,0
D:\08_Dataset\Internal\mar2020\pickle_files\885504a451cdb26462a9496394f29e48182d0f3f.pkl,0
D:\08_Dataset\Internal\mar2020\pickle_files\007ed2e3d4bf6e0584fe37fbf245700a8a8ec157.pkl,0
D:\08_Dataset\Internal\mar2020\pickle_files\9db8a11a8fc80f2c7d93100854c7f049a914bf54.pkl,0
D:\08_Dataset\Internal\mar2020\pickle_files\157cdfcb2de39fdc71cca6f671d6c98ba3507651.pkl,0
D:\08_Dataset\Internal\mar2020\pickle_files\6298176c0110f100a0c1e0b716142fa8aebec8cb.pkl,0
D:\08_Dataset\Internal\mar2020\pickle_files\f0f65654f1afa9afe732473682f2be77537b90ef.pkl,0
D:\08_Dataset\Internal\mar2020\pickle_files\153979155acda502b9bbef88d6dd784b8319737f.pkl,0
D:\08_Dataset\Internal\mar2020\pickle_files\c41b32fee63605756f349e666949a04b0a299b23.pkl,0
D:\08_Dataset\Internal\mar2020\pickle_files\fb722bb121a586a220dfebdbb33911c60d9bd15d.pkl,0
D:\08_Dataset\Internal\mar2020\pickle_files\f4b278b021b343be21e03cde64e1b4a06d4adaa7.pkl,0
D:\08_Dataset\Internal\mar2020\pickle_files\6974d5f0472ca2b8443102019d264560962e1999.pkl,0
D:\08_Dataset\Internal\mar2020\pickle_files\184deac3f1741f948d4b3d9024ec754e25126179.pkl,0
D:\08_Dataset\Internal\mar2020\pickle_files\a5abedb7700f8df143933ed47346c8248da88d67.pkl,0
D:\08_Dataset\Internal\mar2020\pickle_files\541dcb41a574b121b867f95de8ca1c4ba5093cd3.pkl,0
D:\08_Dataset\Internal\mar2020\pickle_files\616d94c3748f37fe502c18021c6c187b4a39e4ca.pkl,0
D:\08_Dataset\Internal\mar2020\pickle_files\bb63968e13edb3f9fb3ec7841f9d1bb920e2a034.pkl,0
D:\08_Dataset\Internal\mar2020\pickle_files\66dd269949bc599f5b1ecf9e5efc1ae280132d39.pkl,0
D:\08_Dataset\Internal\mar2020\pickle_files\5c8e43af3de53db2aa30d906c569838295aeabdd.pkl,0
D:\08_Dataset\Internal\mar2020\pickle_files\28d22f8e75be7d77f32296afe6dd2e5de36c764a.pkl,0
D:\08_Dataset\Internal\mar2020\pickle_files\799948f77e2e10625b4f1ce6874e699402dbf341.pkl,0
D:\08_Dataset\Internal\mar2020\pickle_files\b923abeb65a8bb1434c0251ffb53be2b2c61ed8a.pkl,0
D:\08_Dataset\Internal\mar2020\pickle_files\9b8288f8fcfee2715763ead567f643f3dd7e4c6d.pkl,0
D:\08_Dataset\Internal\mar2020\pickle_files\a6d7d25ea51a006a0d3a0b1cc13f0f038747f8ec.pkl,0
D:\08_Dataset\Internal\mar2020\pickle_files\85789c02ac1d46664b62bfa11c01d258c8d83fc2.pkl,0
D:\08_Dataset\Internal\mar2020\pickle_files\a30c08a42dac427d44f7f569e0a5ec8fdc624e41.pkl,0
D:\08_Dataset\Internal\mar2020\pickle_files\26364b312e4b0a17dcf0afe1bf8ba32991438c93.pkl,0
D:\08_Dataset\Internal\mar2020\pickle_files\cb6b592c55210c957ddc056a9f051f8d3a75dc34.pkl,0
D:\08_Dataset\Internal\mar2020\pickle_files\23d5e7b79893cab4a777d9ce48a4ddf6b9168408.pkl,0
D:\08_Dataset\Internal\mar2020\pickle_files\8f1b8a48e6c20dd3509f4728c14804865f2970c8.pkl,0
D:\08_Dataset\Internal\mar2020\pickle_files\a0e3b4820e82b6dc3ea96c1f14bab330a55e81fb.pkl,0
D:\08_Dataset\Internal\mar2020\pickle_files\748815c3d4faf79d2cf3c846c6d43b7090d6ea14.pkl,0
D:\08_Dataset\Internal\mar2020\pickle_files\c29270acc9a3c7644ddfa92f805b5c7f2cbfd56e.pkl,0
D:\08_Dataset\Internal\mar2020\pickle_files\0fb26350106c9bdd196d4e7d01eb30007663687c.pkl,0
D:\08_Dataset\Internal\mar2020\pickle_files\51e8ce1709d2fed025548de1a58d72ff26f436c2.pkl,0
D:\08_Dataset\Internal\mar2020\pickle_files\123a2e0bb836930c8241fa78e0b74baf8799afc1.pkl,0
D:\08_Dataset\Internal\mar2020\pickle_files\aeb6d7f73201a20773575feb79cff5d5883e904d.pkl,0
D:\08_Dataset\Internal\mar2020\pickle_files\3edb38f69cac557180904210c032c00db77717ca.pkl,0
D:\08_Dataset\Internal\mar2020\pickle_files\72d9d8bc3244a9e93fa77c9676749a9ca1cfd386.pkl,0
D:\08_Dataset\Internal\mar2020\pickle_files\f5a147687572b60a87514fc739289392f07d8da1.pkl,0
D:\08_Dataset\Internal\mar2020\pickle_files\48b456db06668183e371f94b18873c4210b7c9cb.pkl,0
D:\08_Dataset\Internal\mar2020\pickle_files\3b5283f530b27b28fa0fe73b5fbd0032c227d22f.pkl,0
D:\08_Dataset\Internal\mar2020\pickle_files\d5b3a6de530dfced1d9b97b32be6d8b6474c3cdf.pkl,0
D:\08_Dataset\Internal\mar2020\pickle_files\8ae7ff30c935b597da41c660f772c4a66f475a69.pkl,0
D:\08_Dataset\Internal\mar2020\pickle_files\432f0c228316d80bb96b96c2b56200885c93eb13.pkl,0
D:\08_Dataset\Internal\mar2020\pickle_files\62ed8ad509b12e743d8ba083c9f3b8cfa2d64802.pkl,0
D:\08_Dataset\Internal\mar2020\pickle_files\7fe6c7e1e6311596021c0e2ea55d40efaeef7d1f.pkl,0
D:\08_Dataset\Internal\mar2020\pickle_files\ca69e9228f75d9753cabfd7a9919ed3632af5423.pkl,0
D:\08_Dataset\Internal\mar2020\pickle_files\485b7030a58aed5bc3616c2b5e0cf2ec8c4698bd.pkl,0
D:\08_Dataset\Internal\mar2020\pickle_files\12065f57f67e591d8e797acfc7b87c4c47cb0785.pkl,0
D:\08_Dataset\Internal\mar2020\pickle_files\b372f0f39d1871b412c7ceaa9de70e457e72f64d.pkl,0
D:\08_Dataset\Internal\mar2020\pickle_files\b75167b869dba962f41289d9ab9ed57eb1ba3c35.pkl,0
D:\08_Dataset\Internal\mar2020\pickle_files\fd2546a8961829b2db45e66496904948c4c1b153.pkl,0
D:\08_Dataset\Internal\mar2020\pickle_files\8004de486d0bba31dd0daaba15ce70386aad357b.pkl,0
D:\08_Dataset\Internal\mar2020\pickle_files\2a50199150cc2ced0d9b5381cc1cf385e0e0dbd7.pkl,0
D:\08_Dataset\Internal\mar2020\pickle_files\8290bcb14e0d9d11f54f1191bf9dca421ed99694.pkl,0
D:\08_Dataset\Internal\mar2020\pickle_files\e8e112d765cd47f845b8bab691348fcee0bc57e6.pkl,0
D:\08_Dataset\Internal\mar2020\pickle_files\db1de99ba266f30518a13b3949dbc083ba6a3b77.pkl,0
D:\08_Dataset\Internal\mar2020\pickle_files\9df5c5fbd4ba9321124b0004cf0e13e81da7edf7.pkl,0
D:\08_Dataset\Internal\mar2020\pickle_files\d47ef6d3adf0c70be3ff2d15ef7db323dcdb4804.pkl,0
D:\08_Dataset\Internal\mar2020\pickle_files\aa0a06e45cee8ef63d6aed48dd17a5e25d4d6e88.pkl,0
D:\08_Dataset\Internal\mar2020\pickle_files\beb1ca2dfaca8f39b3afb1a7d374e587b55cc0af.pkl,0
D:\08_Dataset\Internal\mar2020\pickle_files\feceac619c9924cc941e564b68243c4b7fc2322b.pkl,0
D:\08_Dataset\Internal\mar2020\pickle_files\865e34d12cab4ddaf7a49abd64f4e59b4422d3eb.pkl,0
D:\08_Dataset\Internal\mar2020\pickle_files\9ba98ba5d0b237f380c2c107651b038386cd9db4.pkl,0
D:\08_Dataset\Internal\mar2020\pickle_files\d875d64e2eeb420cab0f166c5bffe9930d3493be.pkl,0
D:\08_Dataset\Internal\mar2020\pickle_files\0d3277c29ea841156cc5f4a1e64708afdbbc8218.pkl,0
D:\08_Dataset\Internal\mar2020\pickle_files\1d7e1654afbe8f9fad74ba78536d37145c6f7b70.pkl,0
D:\08_Dataset\Internal\mar2020\pickle_files\5587e73f7b12291265c592f6e9831d3e8314ddea.pkl,0
D:\08_Dataset\Internal\mar2020\pickle_files\a9879ef0d690e6866283968ad34330f86f2d44ab.pkl,0
D:\08_Dataset\Internal\mar2020\pickle_files\a4cd6f4825e24739b2c5a4b56a2afadce40ce097.pkl,0
D:\08_Dataset\Internal\mar2020\pickle_files\c86bac7da69b7a5870f117afe28cd8c54848d82f.pkl,0
D:\08_Dataset\Internal\mar2020\pickle_files\c9d5837b6508b8f16d106bdde462d87efadf7498.pkl,0
D:\08_Dataset\Internal\mar2020\pickle_files\8b17057598cb611263a7c480acdeeea5fb7536c6.pkl,0
D:\08_Dataset\Internal\mar2020\pickle_files\b166b6663d0f195fe8d2dfc15675dab78166957e.pkl,0
D:\08_Dataset\Internal\mar2020\pickle_files\9f64eb542d95a53bcdb4a183c230bdb22b885012.pkl,0
D:\08_Dataset\Internal\mar2020\pickle_files\756ca7c6cd0cbd63d9ef97b8726b7db8bf244892.pkl,0
D:\08_Dataset\Internal\mar2020\pickle_files\834f735497c729659291999883fa3d3baed600ad.pkl,0
D:\08_Dataset\Internal\mar2020\pickle_files\8bb44baf39d5038032c66faeff2d32ad80e2ab56.pkl,0
D:\08_Dataset\Internal\mar2020\pickle_files\3a0c498a80c536731cd8519bc056d534f8530dce.pkl,0
D:\08_Dataset\Internal\mar2020\pickle_files\0f326f209cd44aa27a3faac4a7c046e7ef19bd38.pkl,0
D:\08_Dataset\Internal\mar2020\pickle_files\bc228fd0edf7e3e2e07de9325fd4bb6e76ec2ae7.pkl,0
D:\08_Dataset\Internal\mar2020\pickle_files\3734b4d32294395fc91d1a759fc888770ddd1a35.pkl,0
D:\08_Dataset\Internal\mar2020\pickle_files\f78303b351e59fa42aa4d4d300f17d5d3246a69e.pkl,0
D:\08_Dataset\Internal\mar2020\pickle_files\2b13e5593d88c2cbfb005b7a3af35d7c12a2c6e6.pkl,0
D:\08_Dataset\Internal\mar2020\pickle_files\6a9e38ddac0be7f6bf5def1a62ebe0c99b90c962.pkl,0
D:\08_Dataset\Internal\mar2020\pickle_files\e9c763ba02edd13569630f5eab22fc23f1807920.pkl,0
D:\08_Dataset\Internal\mar2020\pickle_files\70825141c18ffd352dd935ab44bff79b70c0b72f.pkl,0
D:\08_Dataset\Internal\mar2020\pickle_files\b30bb1003506a63b1bfb5601d36648b4eed758c8.pkl,0
D:\08_Dataset\Internal\mar2020\pickle_files\e98acf134b333659fb7dc0dfdaaf126344c23085.pkl,0
D:\08_Dataset\Internal\mar2020\pickle_files\e28891604e5651153bdde7e64a5463687b6a904f.pkl,0
D:\08_Dataset\Internal\mar2020\pickle_files\c54b8d75f01c2ca644fdfb1f6fc694453362b7fd.pkl,0
D:\08_Dataset\Internal\mar2020\pickle_files\6096e9c326ab092609418f93d25c5e7f56e149fe.pkl,0
D:\08_Dataset\Internal\mar2020\pickle_files\b20f84247f61942f05ba9198c57d9b957ef9a9c0.pkl,0
D:\08_Dataset\Internal\mar2020\pickle_files\c871cb17adaaf021931ce83374df2f10a8f55ade.pkl,0
D:\08_Dataset\Internal\mar2020\pickle_files\819abf47062f944f148c30e31955fa52c6dd74a2.pkl,0
D:\08_Dataset\Internal\mar2020\pickle_files\6a726c02b0fdbf903a2ae9ae20d7fbb659b65bf1.pkl,0
D:\08_Dataset\Internal\mar2020\pickle_files\0aa948eaf7b90380c889f70598f0051c4c0ea9be.pkl,0
D:\08_Dataset\Internal\mar2020\pickle_files\0548098bece137d4fd95d102c65b2614df853e3f.pkl,0
D:\08_Dataset\Internal\mar2020\pickle_files\b450ea5a9f8ef9269b2a9bcc99355e2c0dc04a00.pkl,0
D:\08_Dataset\Internal\mar2020\pickle_files\e3420200ce47132503d1160f1573834019c25875.pkl,0
D:\08_Dataset\Internal\mar2020\pickle_files\160fdc326f2e2c9cba8df0ffdf0ae77c1fcaec59.pkl,0
D:\08_Dataset\Internal\mar2020\pickle_files\3653688b5b21a32564bd3cad57e91761fc8a99d9.pkl,0
D:\08_Dataset\Internal\mar2020\pickle_files\f18965e665ef7dd26586c670b6c921dddf438317.pkl,0
D:\08_Dataset\Internal\mar2020\pickle_files\5892db535b07bdc8e35fb582e354c3847a759e0c.pkl,0
D:\08_Dataset\Internal\mar2020\pickle_files\58c2bec41d08b8bda16688c826ed94313f6631c4.pkl,0
D:\08_Dataset\Internal\mar2020\pickle_files\07aea0a3345938068b6e6e91f18edf7a6947a2b9.pkl,0
D:\08_Dataset\Internal\mar2020\pickle_files\e5e01dbf145ec3a2c95105e42040f288d642594f.pkl,0
D:\08_Dataset\Internal\mar2020\pickle_files\6fd0055d125a5f7384c7a0f58e8c6ad25984d654.pkl,0
D:\08_Dataset\Internal\mar2020\pickle_files\f54d4f993ce7c79a22ae174348133b0164f407e3.pkl,0
D:\08_Dataset\Internal\mar2020\pickle_files\3bd7290094c918accd87421a04fffb79bfa370b4.pkl,0
D:\08_Dataset\Internal\mar2020\pickle_files\38178b9a1e282e167dc11f17da697bf9b8650642.pkl,0
D:\08_Dataset\Internal\mar2020\pickle_files\c56a196bc9dc822c11975535987eaf05767380cf.pkl,0
D:\08_Dataset\Internal\mar2020\pickle_files\6e5e4acd982111cdc2ad92c52105ae90ab86a346.pkl,0
D:\08_Dataset\Internal\mar2020\pickle_files\4237c439ceb83b12171a1ef2c09e3fd34f0c9570.pkl,0
D:\08_Dataset\Internal\mar2020\pickle_files\93afbc743ccd700cedb6c874b046d6350f981bb9.pkl,0
D:\08_Dataset\Internal\mar2020\pickle_files\66040b8d7de6c91c2e715dd75b0c034bee4c5aaf.pkl,0
D:\08_Dataset\Internal\mar2020\pickle_files\2e1544e1ad00c982e18fa8c9ab345c79ec81d1e3.pkl,0
D:\08_Dataset\Internal\mar2020\pickle_files\10cb1861936e8edac9e1517ed3c73f5fdaacaf92.pkl,0
D:\08_Dataset\Internal\mar2020\pickle_files\0432b35f30c95f4c0d99f85f70fc7461cfaf205d.pkl,0
D:\08_Dataset\Internal\mar2020\pickle_files\9751468fdf9fa33f90ff46b947f8e826af567bd9.pkl,0
D:\08_Dataset\Internal\mar2020\pickle_files\8ad85af10d6a7087854b10250d44d1aa24b404ec.pkl,0
D:\08_Dataset\Internal\mar2020\pickle_files\2cb69eb06453ff28bac201b44aaf66d54cbf5b63.pkl,0
D:\08_Dataset\Internal\mar2020\pickle_files\fd30370fdea11752e6a923ca417a55a3338173c1.pkl,0
D:\08_Dataset\Internal\mar2020\pickle_files\7698ad9d7d84b572684c553b5d72f5364a452c3a.pkl,0
D:\08_Dataset\Internal\mar2020\pickle_files\1a8afb345d900ddb60b7911e2bc3841b6e74a443.pkl,0
D:\08_Dataset\Internal\mar2020\pickle_files\45d54e8794966d5fd015d026d0e71feab2be5f0c.pkl,0
D:\08_Dataset\Internal\mar2020\pickle_files\972647c94db371477c351e3b75baab62d87d075f.pkl,0
D:\08_Dataset\Internal\mar2020\pickle_files\a7812de6f371ef2028358ef6403c2a1dc430b9cc.pkl,0
D:\08_Dataset\Internal\mar2020\pickle_files\a2c0ec174dd0f0e31bb935620d933f534cfdc137.pkl,0
D:\08_Dataset\Internal\mar2020\pickle_files\bbc9dfb9ce64ae92d94db60d07aaad0aebeb6f8f.pkl,0
D:\08_Dataset\Internal\mar2020\pickle_files\c41235171d82ac4f8c97b42701a8f92599ff5495.pkl,0
D:\08_Dataset\Internal\mar2020\pickle_files\c0db75f7a2eb507b3c0919d4d3a3410e3e87bf61.pkl,0
D:\08_Dataset\Internal\mar2020\pickle_files\f0d042d6dced344bf2b173225d7c776fca68ac6b.pkl,0
D:\08_Dataset\Internal\mar2020\pickle_files\cb06f18beac752f8e2cba2ec57c8925364754ae4.pkl,0
D:\08_Dataset\Internal\mar2020\pickle_files\a1385ce20ad79f55df235effd9780c31442aa234.pkl,0
D:\08_Dataset\Internal\mar2020\pickle_files\a769559cb72e4f2d434d221c4396a9d625c71e7b.pkl,0
D:\08_Dataset\Internal\mar2020\pickle_files\e479b5ba4400dcb184a6e59eaefa2cee6702b96c.pkl,0
D:\08_Dataset\Internal\mar2020\pickle_files\85fdbdc375df5136a3854c5446cdd846f139ece7.pkl,0
D:\08_Dataset\Internal\mar2020\pickle_files\40f1884d223d1ed947cd3d4ae527b8e55f7c42f1.pkl,0
D:\08_Dataset\Internal\mar2020\pickle_files\62080e6d7cd688940c1145f6db7feab63b795059.pkl,0
D:\08_Dataset\Internal\mar2020\pickle_files\d2d716680c6c986b98339ff4da7195885d3bba49.pkl,0
D:\08_Dataset\Internal\mar2020\pickle_files\d9f99bbc69422814dfda5cb34f0d3b669c9e1643.pkl,0
D:\08_Dataset\Internal\mar2020\pickle_files\f16e10208ad5f608b3b412766c87cbd358dfc518.pkl,0
D:\08_Dataset\Internal\mar2020\pickle_files\a9969a4c17080718db8c35b4499984009554cad1.pkl,0
D:\08_Dataset\Internal\mar2020\pickle_files\01c4e033fafc5c6da0ce484e6df153a54ef28df6.pkl,0
D:\08_Dataset\Internal\mar2020\pickle_files\9e360ede57fb8d2beb0aecf52ad04c2e132e5292.pkl,0
D:\08_Dataset\Internal\mar2020\pickle_files\a193fc3cee4f56037ae43bae39d7f7a69d19b591.pkl,0
D:\08_Dataset\Internal\mar2020\pickle_files\10c85170926926174c1c3352f26793df07f400fd.pkl,0
D:\08_Dataset\Internal\mar2020\pickle_files\c0e4e1a1a81fe0e926effe1772ecedb138e8d81d.pkl,0
D:\08_Dataset\Internal\mar2020\pickle_files\23bb4f598279d29ed86456f11a5c77217e5f0c71.pkl,0
D:\08_Dataset\Internal\mar2020\pickle_files\d80a1182bc81b59c42822ebff466907e896dbba0.pkl,0
D:\08_Dataset\Internal\mar2020\pickle_files\e0cdad553128ede68b53f942092a64a1a8d1bc04.pkl,0
D:\08_Dataset\Internal\mar2020\pickle_files\3bc10f1f939d4cfcfd1d43f73a549da438b08efb.pkl,0
D:\08_Dataset\Internal\mar2020\pickle_files\5af2f193f1c940a9ad52ec1634f3cb4d1abed4ea.pkl,0
D:\08_Dataset\Internal\mar2020\pickle_files\01af61c7a3a33aa8c689722074bd24d8a39998ab.pkl,0
D:\08_Dataset\Internal\mar2020\pickle_files\14caf967da4932d82cc9b3be4dcb1f425ded8cee.pkl,0
D:\08_Dataset\Internal\mar2020\pickle_files\4464a2cddc5c3664bfc4bbda02f1283a49449ee4.pkl,0
D:\08_Dataset\Internal\mar2020\pickle_files\8341bf01b879bffac9f26033e67d516f0ee74b3a.pkl,0
D:\08_Dataset\Internal\mar2020\pickle_files\36aebf22c66256a962f37b57c66540225aa3bff9.pkl,0
D:\08_Dataset\Internal\mar2020\pickle_files\78bd48e135128570fc36179ec5e49f287ad4f8c1.pkl,0
D:\08_Dataset\Internal\mar2020\pickle_files\79134cd528e2f3b057fd6804b3c0ae670f39ccc4.pkl,0
D:\08_Dataset\Internal\mar2020\pickle_files\02a87eae742d5d2a8eb940cc831dd905ab148d99.pkl,0
D:\08_Dataset\Internal\mar2020\pickle_files\5a83fce7b3ae1714e56c0685e135cdaa83069a09.pkl,0
D:\08_Dataset\Internal\mar2020\pickle_files\08f5bd761e407647769099e4d64198b6e6252eb1.pkl,0
D:\08_Dataset\Internal\mar2020\pickle_files\7aa79460e1282c4510275d1f2edcefe076493c90.pkl,0
D:\08_Dataset\Internal\mar2020\pickle_files\3da41ee0c8e9cd114e44905004ea948f880a4092.pkl,0
D:\08_Dataset\Internal\mar2020\pickle_files\a83e365b83c2c22de16f3fea2277986ed00f4ec8.pkl,0
D:\08_Dataset\Internal\mar2020\pickle_files\9f01155214d4508b8858107c7406b95fbe14b558.pkl,0
D:\08_Dataset\Internal\mar2020\pickle_files\1a673f42ce089d810954f117e5451aaa7bb833fb.pkl,0
D:\08_Dataset\Internal\mar2020\pickle_files\c8d70de2e2b256bf937103c8fe45a633ef2e76e4.pkl,0
D:\08_Dataset\Internal\mar2020\pickle_files\ec38b241339bba2a3019e48cbfd6f4a729eed3a3.pkl,0
D:\08_Dataset\Internal\mar2020\pickle_files\e979f81da53b27cd47f3b3437c35870e8b84d43d.pkl,0
D:\08_Dataset\Internal\mar2020\pickle_files\fda6a52952df29cce2adccf7b4cc263de42392de.pkl,0
D:\08_Dataset\Internal\mar2020\pickle_files\6854b48400d1d259e16334d0470239c519f298c5.pkl,0
D:\08_Dataset\Internal\mar2020\pickle_files\4df56b71a046b78c346b0ccf26ec8cd1e5b2873e.pkl,0
D:\08_Dataset\Internal\mar2020\pickle_files\d33327b84df163d66d9360384b2dbad283318549.pkl,0
D:\08_Dataset\Internal\mar2020\pickle_files\9c69213d85dbc4bcf0698305a4fd2ebaa5c6a1c9.pkl,0
D:\08_Dataset\Internal\mar2020\pickle_files\e7036ffe39f795db5a4de655d25c36e380d3941f.pkl,0
D:\08_Dataset\Internal\mar2020\pickle_files\9333fd0c46677dac6c7d5487ab744bcf1fc1edcf.pkl,0
D:\08_Dataset\Internal\mar2020\pickle_files\ce4d9fafca5bb90b5c64b71e336a95c6f206371d.pkl,0
D:\08_Dataset\Internal\mar2020\pickle_files\7b7ef4e41c2db1b15c995b83b645d28f7f00a4c7.pkl,0
D:\08_Dataset\Internal\mar2020\pickle_files\b0f10b75c589e318702cba8bee638ce3ae68486f.pkl,0
D:\08_Dataset\Internal\mar2020\pickle_files\c6be4dbbf31a2fd2a91fda8da0f7ed65b413d31a.pkl,0
D:\08_Dataset\Internal\mar2020\pickle_files\fa1f30df60e0ab7143314d1e34b05a925db0d685.pkl,0
D:\08_Dataset\Internal\mar2020\pickle_files\d05c8f3ae4c7c0fb0749b5802572f704124b933f.pkl,0
D:\08_Dataset\Internal\mar2020\pickle_files\d1f1344156c1f8431cf7350a09245455525359d4.pkl,0
D:\08_Dataset\Internal\mar2020\pickle_files\4ec987234f91026484499f62eb0b34070c391b08.pkl,0
D:\08_Dataset\Internal\mar2020\pickle_files\392eb6c410446fd340c9c2fb139778730b00b081.pkl,0
D:\08_Dataset\Internal\mar2020\pickle_files\8b042c1b17b3d6a274da92266f9f767732b40959.pkl,0
D:\08_Dataset\Internal\mar2020\pickle_files\e818316469f8efb2cf4b48ccc5127076db3e4f91.pkl,0
D:\08_Dataset\Internal\mar2020\pickle_files\4b11c56aeb902ec842eacdc0402d66ec3dce9e37.pkl,0
D:\08_Dataset\Internal\mar2020\pickle_files\438601453efecf130bf5e9e63511b82d5bc1c760.pkl,0
D:\08_Dataset\Internal\mar2020\pickle_files\a43de9e34e945aa08f9eb72e480fcfd80cc28a86.pkl,0
D:\08_Dataset\Internal\mar2020\pickle_files\14e4138de62965cf8ad81aad1361b52936ce42c7.pkl,0
D:\08_Dataset\Internal\mar2020\pickle_files\60e3f3e9219645931cbc17fbee01a80d0c337556.pkl,0
D:\08_Dataset\Internal\mar2020\pickle_files\97daa59158fc35401e27e61943117ea479bc762a.pkl,0
D:\08_Dataset\Internal\mar2020\pickle_files\30783a4c0c1cb65ad01384da1e9e20268bee7e9d.pkl,0
D:\08_Dataset\Internal\mar2020\pickle_files\d3ed729a14f4cd82d0a33df39eb80c5091d8e7f8.pkl,0
D:\08_Dataset\Internal\mar2020\pickle_files\e67db267bf07143b95bb7f7b9f5654674cebab86.pkl,0
D:\08_Dataset\Internal\mar2020\pickle_files\2388861f2bda98d81ae695b7fbd5c16bb35c15dd.pkl,0
D:\08_Dataset\Internal\mar2020\pickle_files\e7f0472909079c3013e2e0cfaebba4d395927330.pkl,0
D:\08_Dataset\Internal\mar2020\pickle_files\589768005fea45539eb58c0f96b2151913ebde52.pkl,0
D:\08_Dataset\Internal\mar2020\pickle_files\82ceca65c8056421696adefd91674802f12cd2c6.pkl,0
D:\08_Dataset\Internal\mar2020\pickle_files\163fd5a9f8bbc261ca00dc2c762741816af2dfc3.pkl,0
D:\08_Dataset\Internal\mar2020\pickle_files\03910453d77fd9b3f65c69dffb6e70ee01603dba.pkl,0
D:\08_Dataset\Internal\mar2020\pickle_files\b7cd3d5424b0d4215bb4de1dc027cfa2f261146f.pkl,0
D:\08_Dataset\Internal\mar2020\pickle_files\05936386cf2c4df74dd2f5b1260609ad4e428ad8.pkl,0
D:\08_Dataset\Internal\mar2020\pickle_files\871b51334441947b42809e86c6245161a7773ff8.pkl,0
D:\08_Dataset\Internal\mar2020\pickle_files\ccf41dfffc36d16c66daabe30365276ae9127f22.pkl,0
D:\08_Dataset\Internal\mar2020\pickle_files\413b63d99a871c1d030b798a99312902b09368de.pkl,0
D:\08_Dataset\Internal\mar2020\pickle_files\aa01916335e49eab6d5f5299b334d7383e382a78.pkl,0
D:\08_Dataset\Internal\mar2020\pickle_files\e30aa5733c29322e4e3118c8f3923374e2180388.pkl,0
D:\08_Dataset\Internal\mar2020\pickle_files\a6ebd77dc3721927d77cacec218e3ee864ffa84a.pkl,0
D:\08_Dataset\Internal\mar2020\pickle_files\efea550d0c1a5f3d84998b130619a57519712305.pkl,0
D:\08_Dataset\Internal\mar2020\pickle_files\389e257a924ea521e830c31712494d33b38841a8.pkl,0
D:\08_Dataset\Internal\mar2020\pickle_files\446bb1771e4f836d859c81926d129adb6a81a507.pkl,0
D:\08_Dataset\Internal\mar2020\pickle_files\1fd4e59140ff566b733a4a7a97982bf527439f35.pkl,0
D:\08_Dataset\Internal\mar2020\pickle_files\f4be5657afe69b0537f55c758728a9c8e95823e4.pkl,0
D:\08_Dataset\Internal\mar2020\pickle_files\044688e4e7cae6d657942d3f14eb802a1a3da166.pkl,0
D:\08_Dataset\Internal\mar2020\pickle_files\733d4a5eecbd16ca2a062ab30ed153aecdf76f6b.pkl,0
D:\08_Dataset\Internal\mar2020\pickle_files\796f1784f4e4d1448909daaa88486ab608042a22.pkl,0
D:\08_Dataset\Internal\mar2020\pickle_files\1da14ad1cb4f2c1dca8e92f0a5e6ca10c03c45e3.pkl,0
D:\08_Dataset\Internal\mar2020\pickle_files\5e84eb4e1cdfa1e84155357ce1bcfc10c7f2d712.pkl,0
D:\08_Dataset\Internal\mar2020\pickle_files\1ce5cc0376c2d939a56aefd57465ea5d2e311da9.pkl,0
D:\08_Dataset\Internal\mar2020\pickle_files\c92216ccbf82974054353c1fc57f26a4aadbf19f.pkl,0
D:\08_Dataset\Internal\mar2020\pickle_files\7447c5b4d697e193094db134589dd707ef032abb.pkl,0
D:\08_Dataset\Internal\mar2020\pickle_files\889fe6d5dc6dc9eec544e0ef0b334a7d024b5e00.pkl,0
D:\08_Dataset\Internal\mar2020\pickle_files\2b48a0e69c20d16c56671752cc2c0d45212ebdc7.pkl,0
D:\08_Dataset\Internal\mar2020\pickle_files\a9e076e9036bcde91aa686d609639bfeb503c5c7.pkl,0
D:\08_Dataset\Internal\mar2020\pickle_files\4081505c5271fa4e50ecf31d0d768096fb6a721e.pkl,0
D:\08_Dataset\Internal\mar2020\pickle_files\979b911c01bc82c6caeb5ac0c79ebc6bb2dbda7c.pkl,0
D:\08_Dataset\Internal\mar2020\pickle_files\887ebd4af45cee7f6024ed03053d20551a6e1a52.pkl,0
D:\08_Dataset\Internal\mar2020\pickle_files\11ab9c9655a18e708f76467a87e3f590683db6ab.pkl,0
D:\08_Dataset\Internal\mar2020\pickle_files\f6358f8bd6d7f00e71fc66fe6f2acf14c5cc962b.pkl,0
D:\08_Dataset\Internal\mar2020\pickle_files\a0245281699a00bfd23c5fe292b5fdbcec40bf95.pkl,0
D:\08_Dataset\Internal\mar2020\pickle_files\4617fd7b83e095c891ec34b1140d401b4ac08950.pkl,0
D:\08_Dataset\Internal\mar2020\pickle_files\cf2903b193ae4a1d402e3ce2a5aa974c901c62e4.pkl,0
D:\08_Dataset\Internal\mar2020\pickle_files\99b4cb9f3116e0e58028981f9896d860f0f6f145.pkl,0
D:\08_Dataset\Internal\mar2020\pickle_files\58f748338685f7ca192d115379f7283d34be93c1.pkl,0
D:\08_Dataset\Internal\mar2020\pickle_files\8574af7750692840051a080bed53660e3a774385.pkl,0
D:\08_Dataset\Internal\mar2020\pickle_files\2e0e637fec6d135fbd7e8a8034f3f7953b90b982.pkl,0
D:\08_Dataset\Internal\mar2020\pickle_files\e95c3cf9a781483197f2ba1635cad78136b44429.pkl,0
D:\08_Dataset\Internal\mar2020\pickle_files\0f2e51ae80d5df7533ec9bbb383ba5063c552f83.pkl,0
D:\08_Dataset\Internal\mar2020\pickle_files\ebfa7ee7dbcd696d12260a8293a3ad266563c66e.pkl,0
D:\08_Dataset\Internal\mar2020\pickle_files\65d9815411ebfab4ad87e62730ae84238e8f99ec.pkl,0
D:\08_Dataset\Internal\mar2020\pickle_files\175a674cfe3d89a0d62e9b12291988b29586b3eb.pkl,0
D:\08_Dataset\Internal\mar2020\pickle_files\c62d45e71d656b762f63412fbc6fc7e390b26eeb.pkl,0
D:\08_Dataset\Internal\mar2020\pickle_files\cde6f76b5b887f1908e107fded6fc03f23e73be4.pkl,0
D:\08_Dataset\Internal\mar2020\pickle_files\5d70158a24d7beea765f9111eb72014f7038af86.pkl,0
D:\08_Dataset\Internal\mar2020\pickle_files\96e0ccde7bd591f8c62b987816f80eef2cb2f22a.pkl,0
D:\08_Dataset\Internal\mar2020\pickle_files\ab23fe8381b6d59f9d707e43c72270abd6a0312b.pkl,0
D:\08_Dataset\Internal\mar2020\pickle_files\33cea03a49a941adf49be28f797d8e76e1d83828.pkl,0
D:\08_Dataset\Internal\mar2020\pickle_files\0e8c33f1566815e3993af98eeb1ea9b3f6e5a6a3.pkl,0
D:\08_Dataset\Internal\mar2020\pickle_files\a42b1801a3f10b1180c40c67180d9ff2ae3628af.pkl,0
D:\08_Dataset\Internal\mar2020\pickle_files\82e7ffb4e780bf16f3c42d52e2c6b0a4ef48732c.pkl,0
D:\08_Dataset\Internal\mar2020\pickle_files\bdbbbfd1b3b2e8b2ccf368815dcf06247fc08c14.pkl,0
D:\08_Dataset\Internal\mar2020\pickle_files\ab0e8f9facc4cf603ab5c542616d4031c33d1970.pkl,0
D:\08_Dataset\Internal\mar2020\pickle_files\a5be37a51d2e6e14c79b9c20575f9185f9b56550.pkl,0
D:\08_Dataset\Internal\mar2020\pickle_files\a680c4036c7f8885c7bfd0d33e4caafb999182b0.pkl,0
D:\08_Dataset\Internal\mar2020\pickle_files\b2834eec7ecd0664a912bb17cf7ab9270624d0bf.pkl,0
D:\08_Dataset\Internal\mar2020\pickle_files\c52cb1f0389247122451822b80cfd03ce168fc51.pkl,0
D:\08_Dataset\Internal\mar2020\pickle_files\c33d784cc4fdc3387bf993947a1061031365fe91.pkl,0
D:\08_Dataset\Internal\mar2020\pickle_files\a26f7976a10775351cb0a3a89fc291e5bd3ecf17.pkl,0
D:\08_Dataset\Internal\mar2020\pickle_files\981c7591d253328f3e7768b2b1894e0d99744199.pkl,0
D:\08_Dataset\Internal\mar2020\pickle_files\338248ca4044db2b7fdeb90ae3d18b969ab4aed1.pkl,0
D:\08_Dataset\Internal\mar2020\pickle_files\8afcf53acc03bd28fa9fdd54df44675d9e4d98f5.pkl,0
D:\08_Dataset\Internal\mar2020\pickle_files\4797a91a10739c2e8100c1d49804f77187294d3b.pkl,0
D:\08_Dataset\Internal\mar2020\pickle_files\438a0880cf43940d4c0445b6c5b6cdc62b35b56d.pkl,0
D:\08_Dataset\Internal\mar2020\pickle_files\7d9e486fe21d0d240252231e63c24539b063c372.pkl,0
D:\08_Dataset\Internal\mar2020\pickle_files\1f5fd7279ea3a94a2d84d44cb45f20fa0fd60e2f.pkl,0
D:\08_Dataset\Internal\mar2020\pickle_files\10d26deca79fffafa4112b7f00457cf6b850f33c.pkl,0
D:\08_Dataset\Internal\mar2020\pickle_files\32ef83ef583df3b73a8b7b5f28cd5705bbdd41d5.pkl,0
D:\08_Dataset\Internal\mar2020\pickle_files\2e1a25df5c006dcd69904cb84577779d792ae4fb.pkl,0
D:\08_Dataset\Internal\mar2020\pickle_files\9e213090a812811d0b6a2b1ab5aee690d70bc116.pkl,0
D:\08_Dataset\Internal\mar2020\pickle_files\690c0284391735f2e7d9238015f7312193e10309.pkl,0
D:\08_Dataset\Internal\mar2020\pickle_files\e75d95cc927c197446a55900dcababe4c6ed14c3.pkl,0
D:\08_Dataset\Internal\mar2020\pickle_files\46544b115adf18e6be52d8aa25bdd296d2f243dd.pkl,0
D:\08_Dataset\Internal\mar2020\pickle_files\1faf575cc967018af7bd6417ae49f59635f66459.pkl,0
D:\08_Dataset\Internal\mar2020\pickle_files\8c92f7de6cda4da2c17ab09e0a1e221307921a35.pkl,0
D:\08_Dataset\Internal\mar2020\pickle_files\8826287075d872413c823719bdf90505b92875ea.pkl,0
D:\08_Dataset\Internal\mar2020\pickle_files\a7236460b2c9353bfb811c833ec0e871e71187e7.pkl,0
D:\08_Dataset\Internal\mar2020\pickle_files\ee672170351b69519ab298b72ba5a484d4327ad0.pkl,0
D:\08_Dataset\Internal\mar2020\pickle_files\c63b0f30aefcecd4597855434fa130b7aa28e037.pkl,0
D:\08_Dataset\Internal\mar2020\pickle_files\b647adef7629252b4217f444bd378e5c6262312f.pkl,0
D:\08_Dataset\Internal\mar2020\pickle_files\c6114840e891b210452aeb31775e9f10c3e833ef.pkl,0
D:\08_Dataset\Internal\mar2020\pickle_files\d529c13a904ae0f3607d39c99eea02336afa3021.pkl,0
D:\08_Dataset\Internal\mar2020\pickle_files\2d5b44106de2b28783052627834be1eecd809168.pkl,0
D:\08_Dataset\Internal\mar2020\pickle_files\3501d237866ce805aee759ed47bafb606feb7fe7.pkl,0
D:\08_Dataset\Internal\mar2020\pickle_files\15b69066d20460969e3769d1bcd86e9a3fd49218.pkl,0
D:\08_Dataset\Internal\mar2020\pickle_files\c52bfa2f59415ad027da823fb44d61b1395fd721.pkl,0
D:\08_Dataset\Internal\mar2020\pickle_files\f3567e188cdc5722d70e8ca7890936edd6d9dd40.pkl,0
D:\08_Dataset\Internal\mar2020\pickle_files\5070c65b4f8e259621e3bb6a1d3e28c20ed73e08.pkl,0
D:\08_Dataset\Internal\mar2020\pickle_files\643d7cae4c5d9fb3a7ba3adbb9d3952ad75ed9db.pkl,0
D:\08_Dataset\Internal\mar2020\pickle_files\3bb4079228c13a0e95b7b5099bac2f3822d35d6f.pkl,0
D:\08_Dataset\Internal\mar2020\pickle_files\1ced46cd8e66d4e8bff96e4a401a70002832935b.pkl,0
D:\08_Dataset\Internal\mar2020\pickle_files\f6e30fe7aa25b1516f680623251ef6e40984a083.pkl,0
D:\08_Dataset\Internal\mar2020\pickle_files\4611a5823db7520f937d552a9a4c09b2d317f61e.pkl,0
D:\08_Dataset\Internal\mar2020\pickle_files\6607c29d585b4b89de928898a54fb32f7c70869d.pkl,0
D:\08_Dataset\Internal\mar2020\pickle_files\22109681fcb3fe05c607588a4393c0e029b25efa.pkl,0
D:\08_Dataset\Internal\mar2020\pickle_files\ab1cf164ca7f721869633cbd95e8041eecf8d42d.pkl,0
D:\08_Dataset\Internal\mar2020\pickle_files\8958ba072953458a5bbc9bbcd12ac2fb5ba3ce18.pkl,0
D:\08_Dataset\Internal\mar2020\pickle_files\ba8c0dbf5422676f4d7700f892994e13cb1b36c2.pkl,0
D:\08_Dataset\Internal\mar2020\pickle_files\60cc975d164d46808e2c63e8d2da2c4d26536da4.pkl,0
D:\08_Dataset\Internal\mar2020\pickle_files\4e19b77a6f8d90adb3ac143061fe9e2d67a32437.pkl,0
D:\08_Dataset\Internal\mar2020\pickle_files\56b53df39a8069a218c6d9fa91863c994572ec28.pkl,0
D:\08_Dataset\Internal\mar2020\pickle_files\6f1f35a27a88c2b97d605b5002cc914aa232ba6d.pkl,0
D:\08_Dataset\Internal\mar2020\pickle_files\e22eb6e59ad5a7c418dd57e209e4f05ec9e7ddec.pkl,0
D:\08_Dataset\Internal\mar2020\pickle_files\9dbc03ca52728cc0432331add6c6f68cb7bad89c.pkl,0
D:\08_Dataset\Internal\mar2020\pickle_files\1a287009c143dc089c76face37cb62d20c3af4e4.pkl,0
D:\08_Dataset\Internal\mar2020\pickle_files\8e08a4e518b535e9371a88ba313685d1247ee6bd.pkl,0
D:\08_Dataset\Internal\mar2020\pickle_files\c6fbbdfe33dabf0224279efd288bed62ad44bacb.pkl,0
D:\08_Dataset\Internal\mar2020\pickle_files\8bd073d6ab9e8cc1c973647c769d1597ae3a037b.pkl,0
D:\08_Dataset\Internal\mar2020\pickle_files\b8e97f4848c04f67dae9cd70822b5a8976a9a402.pkl,0
D:\08_Dataset\Internal\mar2020\pickle_files\b533e47ab68682678a1730425430e3129f7448f6.pkl,0
D:\08_Dataset\Internal\mar2020\pickle_files\7759a370d900da07139a1ee6abf39d51573976be.pkl,0
D:\08_Dataset\Internal\mar2020\pickle_files\0b4a5964c21e3ed2aff34e5f8fcab7871aac0e2b.pkl,0
D:\08_Dataset\Internal\mar2020\pickle_files\9870e841f836fa42b5d495bbd0a9d6189f0c706e.pkl,0
D:\08_Dataset\Internal\mar2020\pickle_files\27143b154a26c3506f96558ebe60d9a35a6998f6.pkl,0
D:\08_Dataset\Internal\mar2020\pickle_files\9b9e74d2fe09f3a6095d7b10b843288a7774eeab.pkl,0
D:\08_Dataset\Internal\mar2020\pickle_files\86fcb7c85a905a58d640f10bb6dc962deee1dcb7.pkl,0
D:\08_Dataset\Internal\mar2020\pickle_files\e201923d3f80d50e2ff1f467bf60f18c5eb6997e.pkl,0
D:\08_Dataset\Internal\mar2020\pickle_files\7499547fae0b2ae9cfb70ddb2e3fe27ff50d26d0.pkl,0
D:\08_Dataset\Internal\mar2020\pickle_files\6e91c719e06cf76455c3d7ed1395c7993832513a.pkl,0
D:\08_Dataset\Internal\mar2020\pickle_files\d5cc9994c19e4d200f7db4e05f0a0a31e0bad2da.pkl,0
D:\08_Dataset\Internal\mar2020\pickle_files\f70b6d8677eab591b1b2bb1d5e9807bd247c2a75.pkl,0
D:\08_Dataset\Internal\mar2020\pickle_files\09ef67e879009449f01541a760db8af49658a3af.pkl,0
D:\08_Dataset\Internal\mar2020\pickle_files\7c821c289d3d3bf61301c83c88261f26defa6012.pkl,0
D:\08_Dataset\Internal\mar2020\pickle_files\41bdbae55b5402672bad706a9e8077311587b2ad.pkl,0
D:\08_Dataset\Internal\mar2020\pickle_files\a6e0350ba9e7a85792016a994b1924f39b974144.pkl,0
D:\08_Dataset\Internal\mar2020\pickle_files\ddfce5ffc1eb502cc39c62336534b6401a052bfd.pkl,0
D:\08_Dataset\Internal\mar2020\pickle_files\aa273e148440700f2824d9cc0a829bea68931b55.pkl,0
D:\08_Dataset\Internal\mar2020\pickle_files\117b328c8a927390d61cf0ff137be09082fb9108.pkl,0
D:\08_Dataset\Internal\mar2020\pickle_files\f6efb4fc2f2d4eb9d5c38c11ce4f92fd5365d40a.pkl,0
D:\08_Dataset\Internal\mar2020\pickle_files\6b3cd86d30ffd6abd010309f0d077c046a612cb9.pkl,0
D:\08_Dataset\Internal\mar2020\pickle_files\089a8c5cb87e383e951850e91a8c44dadcbf066d.pkl,0
D:\08_Dataset\Internal\mar2020\pickle_files\d5a62a7b2e690a98371a2374e59a71bc06d2f35f.pkl,0
D:\08_Dataset\Internal\mar2020\pickle_files\98aaa4e02e5e9bdec7d76a173b4b84c84f95f461.pkl,0
D:\08_Dataset\Internal\mar2020\pickle_files\88b8da8b1fbaf0b91699e2a0ba212c5e8adc6e5d.pkl,0
D:\08_Dataset\Internal\mar2020\pickle_files\e3ec6be344dbaa41950ed4c7bbef0fa935f3e6d9.pkl,0
D:\08_Dataset\Internal\mar2020\pickle_files\0acaa9fb7a0c7c3346a63775a201373153e420eb.pkl,0
D:\08_Dataset\Internal\mar2020\pickle_files\feb103ae82a609e2a65d7022dc5993e491c94045.pkl,0
D:\08_Dataset\Internal\mar2020\pickle_files\0fb7191efd240934ba96a604a40368a0c63c6b36.pkl,0
D:\08_Dataset\Internal\mar2020\pickle_files\9da5e73364088e92fce7cfc9f2475abae98407df.pkl,0
D:\08_Dataset\Internal\mar2020\pickle_files\7c6e6d3456d9aba8395ece29733d75ee60a09207.pkl,0
D:\08_Dataset\Internal\mar2020\pickle_files\c1cc5c0b45b54944391e626c006486237a3add15.pkl,0
D:\08_Dataset\Internal\mar2020\pickle_files\d2cc244ea9f760f10fce43d19e9041aa772e835d.pkl,0
D:\08_Dataset\Internal\mar2020\pickle_files\f48319975da0c6b8dc954440de6d4a1f279fb93d.pkl,0
D:\08_Dataset\Internal\mar2020\pickle_files\a1fa0eec8b3cc7965c36523c0caf4dc8d3919c25.pkl,0
D:\08_Dataset\Internal\mar2020\pickle_files\7207e6d5e14ae872597cba62ce642dfb0f9839d2.pkl,0
D:\08_Dataset\Internal\mar2020\pickle_files\b786cc02581ef6a4141d2ecbf7d9c7bef6438956.pkl,0
D:\08_Dataset\Internal\mar2020\pickle_files\c3c39e0bc21b49845d17a618c414a5ba48d6ad95.pkl,0
D:\08_Dataset\Internal\mar2020\pickle_files\ae79674bd2c07adb6f45f52da8ec6ba8f9e132a7.pkl,0
D:\08_Dataset\Internal\mar2020\pickle_files\681b1b4c64069ce42dde6a3d0149b02337c14f6d.pkl,0
D:\08_Dataset\Internal\mar2020\pickle_files\9f703ba656effd841a9cda729ac80f1cae8ec76a.pkl,0
D:\08_Dataset\Internal\mar2020\pickle_files\224dc86beb9c63d2dac90a3a040ee3317732fb74.pkl,0
D:\08_Dataset\Internal\mar2020\pickle_files\b5918f3e6165553f78643012f2be1e2aa49bd07b.pkl,0
D:\08_Dataset\Internal\mar2020\pickle_files\848961157c63d8275e8aa2ca0c720d441453abbd.pkl,0
D:\08_Dataset\Internal\mar2020\pickle_files\bd763e668bb7249eb566a8d778e0849a269fc084.pkl,0
D:\08_Dataset\Internal\mar2020\pickle_files\6a39133fda4daac8ce0913471779a65f8fd44ea7.pkl,0
D:\08_Dataset\Internal\mar2020\pickle_files\a50f7caa3c2d4e67395f39cf71d2550c1a16609d.pkl,0
D:\08_Dataset\Internal\mar2020\pickle_files\b3524beaee9a1de33cc2063a30e0be777ba9e81d.pkl,0
D:\08_Dataset\Internal\mar2020\pickle_files\493decd395e03344bfe9c450996284ed51ae5df9.pkl,0
D:\08_Dataset\Internal\mar2020\pickle_files\39ddee262dede53278cd83282a8fcf5ba6d66f23.pkl,0
D:\08_Dataset\Internal\mar2020\pickle_files\14ec98968c1c0feea2a02e088ca919214cd6de59.pkl,0
D:\08_Dataset\Internal\mar2020\pickle_files\7c2222a6c4c434bdcec82732da805cb659fe8095.pkl,0
D:\08_Dataset\Internal\mar2020\pickle_files\a0498ce685248b4f7a545ad74b2ec788c2f55c47.pkl,0
D:\08_Dataset\Internal\mar2020\pickle_files\4fa8ac8cb13bdc0aaeb6e0dce5969ad81fb7c3fd.pkl,0
D:\08_Dataset\Internal\mar2020\pickle_files\30e0e9f041b92b336ec571810dfa56772cea9234.pkl,0
D:\08_Dataset\Internal\mar2020\pickle_files\dd5589a77f0547fdf34d4b4a78edc0b9e5031aef.pkl,0
D:\08_Dataset\Internal\mar2020\pickle_files\0613070e09f09ecd0c0813cf7462377810004565.pkl,0
D:\08_Dataset\Internal\mar2020\pickle_files\bb7538444d80759d467f9ce956628ee693013a0a.pkl,0
D:\08_Dataset\Internal\mar2020\pickle_files\3bc3fa2daf82f5df6140840c55d700e9f31325dd.pkl,0
D:\08_Dataset\Internal\mar2020\pickle_files\91c8e30544b4036d17c76d69f654b322684b54bd.pkl,0
D:\08_Dataset\Internal\mar2020\pickle_files\30404d2952d57bed3fa2d8b229e43bad1abcca05.pkl,0
D:\08_Dataset\Internal\mar2020\pickle_files\6626fce0f3659144e4a3c18520ae24ee75847082.pkl,0
D:\08_Dataset\Internal\mar2020\pickle_files\a7e07bf065240cbc8010d65f00019ba48371ea57.pkl,0
D:\08_Dataset\Internal\mar2020\pickle_files\2579d5d126a4fb60f4f8c4b30615ee337d5b4a71.pkl,0
D:\08_Dataset\Internal\mar2020\pickle_files\13b7a4b4c1118eed44c41c2377e91c393749977d.pkl,0
D:\08_Dataset\Internal\mar2020\pickle_files\01c5a9b511e24f861c49dfa97f3915a7041c5f29.pkl,0
D:\08_Dataset\Internal\mar2020\pickle_files\def09bad16d25e52b8381d9ec0aaee46c8f128a4.pkl,0
D:\08_Dataset\Internal\mar2020\pickle_files\ccacd3578ffcf945ccfe646069fb297e4434c878.pkl,0
D:\08_Dataset\Internal\mar2020\pickle_files\cdf404304670062fee0c7251739599521c1e6662.pkl,0
D:\08_Dataset\Internal\mar2020\pickle_files\ed382f6b19b3aeb598ba7d9e7e3a33bcfa852aff.pkl,0
D:\08_Dataset\Internal\mar2020\pickle_files\b3d03035c7b6d4de2f1db74e6879434c2727cefa.pkl,0
D:\08_Dataset\Internal\mar2020\pickle_files\e3055b04900e5274842752dc3a3c5f5e55dc8973.pkl,0
D:\08_Dataset\Internal\mar2020\pickle_files\9b3c7386014ec22e862db5cbeaba8f3502aaf976.pkl,0
D:\08_Dataset\Internal\mar2020\pickle_files\fdbde60e3b47b7da1e52c12ca3bacf0580ea2e2e.pkl,0
D:\08_Dataset\Internal\mar2020\pickle_files\e3b1e666a79995618ede41d985346e20185b6d8d.pkl,0
D:\08_Dataset\Internal\mar2020\pickle_files\0185b33011fb820921e2e118320beb22bf4f27cd.pkl,0
D:\08_Dataset\Internal\mar2020\pickle_files\3d12bf76371e1c6ac44e0d4cd8fa1c19983851c2.pkl,0
D:\08_Dataset\Internal\mar2020\pickle_files\05d66b3f4d0324a5f8082acf4acd782cc2d5a5c4.pkl,0
D:\08_Dataset\Internal\mar2020\pickle_files\dfa1c0952a9d0fb14e8d84b18b88322a3ba1a75e.pkl,0
D:\08_Dataset\Internal\mar2020\pickle_files\05c5af1b8785eadc85b9533621d735f0293076e7.pkl,0
D:\08_Dataset\Internal\mar2020\pickle_files\2a679c903ea3b54ae84c93284e8b36aecbc5c31d.pkl,0
D:\08_Dataset\Internal\mar2020\pickle_files\8dc978a036c084567c84ac75e97587195c7ba1fe.pkl,0
D:\08_Dataset\Internal\mar2020\pickle_files\0fbf3d2edf2efc6d83f9d09ed21d028df6f28ad9.pkl,0
D:\08_Dataset\Internal\mar2020\pickle_files\267d97ff9f294c3fbe8bb607984489a0b1bd5577.pkl,0
D:\08_Dataset\Internal\mar2020\pickle_files\a1d95c4b0d3c2c21cf7f8243b7062c42bf0e3888.pkl,0
D:\08_Dataset\Internal\mar2020\pickle_files\3dbb3a0be600a7cd183890de5c38525d32da18d6.pkl,0
D:\08_Dataset\Internal\mar2020\pickle_files\738afade02b0637fa8b50815c1f4c86d59625257.pkl,0
D:\08_Dataset\Internal\mar2020\pickle_files\c0cfc18bd14e0867fadb498c4ab8cc781985865d.pkl,0
D:\08_Dataset\Internal\mar2020\pickle_files\501dd50d6178653b122ef78c99d6606048dadc14.pkl,0
D:\08_Dataset\Internal\mar2020\pickle_files\8abf308e5d6532c604f4865c1cf837760b6ac9b8.pkl,0
D:\08_Dataset\Internal\mar2020\pickle_files\07afcca5bd1e4228fc0c85872670a4f1848c4b4e.pkl,0
D:\08_Dataset\Internal\mar2020\pickle_files\c8f539d31593b54a10d3ee27646f23e8b7232151.pkl,0
D:\08_Dataset\Internal\mar2020\pickle_files\8c882440536b83bd32e9cb5a43194ebc359d719f.pkl,0
D:\08_Dataset\Internal\mar2020\pickle_files\44e37f8010bfd44e23aaf767dd44d996798254eb.pkl,0
D:\08_Dataset\Internal\mar2020\pickle_files\ff68de385e30fc47bf09a82ca3f757f7b703d81c.pkl,0
D:\08_Dataset\Internal\mar2020\pickle_files\21949102ea5754083f262998608c93e151d390bf.pkl,0
D:\08_Dataset\Internal\mar2020\pickle_files\ebdfcc5001d851b4eddbac43cecc8b7cbb3d18a5.pkl,0
D:\08_Dataset\Internal\mar2020\pickle_files\48f54d4c2a0650eb9b5ca6a458a7744f12b36220.pkl,0
D:\08_Dataset\Internal\mar2020\pickle_files\7f5331a57b18674f7c15397439efb339af3bd3c6.pkl,0
D:\08_Dataset\Internal\mar2020\pickle_files\a84e2483d074be3f89f377fdb48483d9d7065464.pkl,0
D:\08_Dataset\Internal\mar2020\pickle_files\9e53c099d1b4006fbbbae717147e317baa08db42.pkl,0
D:\08_Dataset\Internal\mar2020\pickle_files\4a3ba44acb01607ad84ee0787680926193466e5b.pkl,0
D:\08_Dataset\Internal\mar2020\pickle_files\0fedffdeceade4aef869a03f7412a7c5d8ac785c.pkl,0
D:\08_Dataset\Internal\mar2020\pickle_files\79fa1a4e48068476497dce860b000eedb12fb256.pkl,0
D:\08_Dataset\Internal\mar2020\pickle_files\1b091f2218a931beff23a7f8679f29a92d797889.pkl,0
D:\08_Dataset\Internal\mar2020\pickle_files\63256ceaab4d74615b6b6a0d98fd08ea55621d68.pkl,0
D:\08_Dataset\Internal\mar2020\pickle_files\c38cf2706e3b98b1aac539d854709d118fa10f86.pkl,0
D:\08_Dataset\Internal\mar2020\pickle_files\a647ef8d91dab1eebc1c8a53a28e67105fdb5a27.pkl,0
D:\08_Dataset\Internal\mar2020\pickle_files\432d242a5f1aeafb432c1f24784d7e7fa4bb7abd.pkl,0
D:\08_Dataset\Internal\mar2020\pickle_files\7cf84b4bf1ec237e4bdae03f06d839315f909daf.pkl,0
D:\08_Dataset\Internal\mar2020\pickle_files\7f4f00ac132cb9695cb95ab3b9e9f0d089061a07.pkl,0
D:\08_Dataset\Internal\mar2020\pickle_files\86b7d7c8924a037bcfbc8a69d8b19704837ebfb3.pkl,0
D:\08_Dataset\Internal\mar2020\pickle_files\52a0dca5eec868299b3cdac37f44c54bfaf20775.pkl,0
D:\08_Dataset\Internal\mar2020\pickle_files\9aa32392c6de564535a0f20d720cbe6373d39418.pkl,0
D:\08_Dataset\Internal\mar2020\pickle_files\2050638fd80302bcf70ef140e31aba0c52124826.pkl,0
D:\08_Dataset\Internal\mar2020\pickle_files\79d4a6f3909200f955caabc2d35a5bb295ccd61e.pkl,0
D:\08_Dataset\Internal\mar2020\pickle_files\04123fc1eea885b81b088f8cd65d263b7d7ab57d.pkl,0
D:\08_Dataset\Internal\mar2020\pickle_files\fe00aa2bf4a5e402176be76e27f89add9f15c7d1.pkl,0
D:\08_Dataset\Internal\mar2020\pickle_files\af3840bba05dbc0cbfa1d10e4506be54b8d9f69e.pkl,0
D:\08_Dataset\Internal\mar2020\pickle_files\21160c68198752c758a91538c98330b9940f86c6.pkl,0
D:\08_Dataset\Internal\mar2020\pickle_files\2b724e70511eacec377cd289d023269a2521846e.pkl,0
D:\08_Dataset\Internal\mar2020\pickle_files\98fdd036b4c178702f3c72f41e508043d3b6309f.pkl,0
D:\08_Dataset\Internal\mar2020\pickle_files\28a85e5f4b1c44cc86e9cf403378d84e5bc56a33.pkl,0
D:\08_Dataset\Internal\mar2020\pickle_files\e708d9bb522b328cfa1d71fd92455ec1b404a3ac.pkl,0
D:\08_Dataset\Internal\mar2020\pickle_files\ad96afed02f4cc3fc97029db309ca639ba89bef6.pkl,0
D:\08_Dataset\Internal\mar2020\pickle_files\1e82c3dcf9672fe9e2c443300c9101ef8417aefd.pkl,0
D:\08_Dataset\Internal\mar2020\pickle_files\09a7f0ab15a070e181363d0991ac6bf8ca4b6332.pkl,0
D:\08_Dataset\Internal\mar2020\pickle_files\92e5759f4b82c077bbd474f068c9385002fae29d.pkl,0
D:\08_Dataset\Internal\mar2020\pickle_files\e7101e0e799ba27077b40faf18316c4d4cfaa1a5.pkl,0
D:\08_Dataset\Internal\mar2020\pickle_files\6cdcf0db3dfb48219bdf7a1629ee6e7e9bcfd014.pkl,0
D:\08_Dataset\Internal\mar2020\pickle_files\4502dafd4383fea0989785b710b260bdcdd9aff0.pkl,0
D:\08_Dataset\Internal\mar2020\pickle_files\22495fd05211f6d7a78345931ad630619180bf9c.pkl,0
D:\08_Dataset\Internal\mar2020\pickle_files\b5a59b781a96ba9a0595965b9c8ea1c3d5d9f6f4.pkl,0
D:\08_Dataset\Internal\mar2020\pickle_files\4c096c0138db71e4d101a81b8546a6b2b597e181.pkl,0
D:\08_Dataset\Internal\mar2020\pickle_files\3b0159420bf0f15aa3f013aa4d1be1bc1e7216d3.pkl,0
D:\08_Dataset\Internal\mar2020\pickle_files\8bfa2a68ad193e47138261f50ffff5fd2ccf06c8.pkl,0
D:\08_Dataset\Internal\mar2020\pickle_files\4f43c63f47e50ede6e4963d5ee5e24b96356578e.pkl,0
D:\08_Dataset\Internal\mar2020\pickle_files\6a2bdc5cddcbebde5ba663389314384eaff21b21.pkl,0
D:\08_Dataset\Internal\mar2020\pickle_files\42d5b6e2013938903f39748204e7629ddbb09035.pkl,0
D:\08_Dataset\Internal\mar2020\pickle_files\cd087c5cabaf4422d707909ee719d4da172afb9b.pkl,0
D:\08_Dataset\Internal\mar2020\pickle_files\f28f91d5033ecf7a5ac764214ecc07a2bce91b2f.pkl,0
D:\08_Dataset\Internal\mar2020\pickle_files\b01a78f044c296baafb531b8f17085934376c5db.pkl,0
D:\08_Dataset\Internal\mar2020\pickle_files\781bc3b79d4cb1ff8e83966334deab2476d3da1b.pkl,0
D:\08_Dataset\Internal\mar2020\pickle_files\f2739b66523a3c9b635d591e12e46206d1feef58.pkl,0
D:\08_Dataset\Internal\mar2020\pickle_files\e758a0b793b9cd47b8f62d569c753b207d7dda9c.pkl,0
D:\08_Dataset\Internal\mar2020\pickle_files\b5c3dd2b8561a643c535df524be1fe2b2d266c7f.pkl,0
D:\08_Dataset\Internal\mar2020\pickle_files\f1710329602544103a18698fa8b5b16a283bc265.pkl,0
D:\08_Dataset\Internal\mar2020\pickle_files\913ac388d43eb4a43eaff77bcac03e1284e46c63.pkl,0
D:\08_Dataset\Internal\mar2020\pickle_files\d6f275b60075894d11461a328cd59f8f00c42add.pkl,0
D:\08_Dataset\Internal\mar2020\pickle_files\cb3725e748421519c4a0c6c939fae50fa70acd40.pkl,0
D:\08_Dataset\Internal\mar2020\pickle_files\6510d412fab240f9fc70580a94b39624ad1228f7.pkl,0
D:\08_Dataset\Internal\mar2020\pickle_files\5b82c0a1ed27f1e7766fc9943ee696b513a130f7.pkl,0
D:\08_Dataset\Internal\mar2020\pickle_files\83a9c8bf71c4db6a4117e9f445f9432d1d2b5a92.pkl,0
D:\08_Dataset\Internal\mar2020\pickle_files\94211ac42fe1b12cfb8dd27f0965f0e37f047ff3.pkl,0
D:\08_Dataset\Internal\mar2020\pickle_files\46d20b0a4698e660d41165f47010445cd6717249.pkl,0
D:\08_Dataset\Internal\mar2020\pickle_files\8d51d7c4906277ecc7bc2233b11acfb6c9675281.pkl,0
D:\08_Dataset\Internal\mar2020\pickle_files\c5c8a7d09cf7e395f528710920570009e4d4dfcd.pkl,0
D:\08_Dataset\Internal\mar2020\pickle_files\afb7f7d1c52d3cc5a222d9b2e388c6bf4ef5c11a.pkl,0
D:\08_Dataset\Internal\mar2020\pickle_files\4ef293ad2afc66e52056d9afaccea591c7b4105c.pkl,0
D:\08_Dataset\Internal\mar2020\pickle_files\df59554c07f6e270f53c9853f7468bcb4f594bb7.pkl,0
D:\08_Dataset\Internal\mar2020\pickle_files\52c975e356e4d0fe8f72fadeb8471f283680f8bc.pkl,0
D:\08_Dataset\Internal\mar2020\pickle_files\7de29a340fe224a55519571759dfe2e3afe8564f.pkl,0
D:\08_Dataset\Internal\mar2020\pickle_files\13abcce1bb2b4c3a4711a3cfc54ba098e37b1b2f.pkl,0
D:\08_Dataset\Internal\mar2020\pickle_files\7eb1dfec12ddfe817700abc92f90fddf10a80627.pkl,0
D:\08_Dataset\Internal\mar2020\pickle_files\353dd95758bf950844dc2d389290dd308185ec1e.pkl,0
D:\08_Dataset\Internal\mar2020\pickle_files\70fb2f428d43b9b47e17ef5f231523ffa6268a3b.pkl,0
D:\08_Dataset\Internal\mar2020\pickle_files\99672ff45afba469ccc1bc188b55590b5b095b8c.pkl,0
D:\08_Dataset\Internal\mar2020\pickle_files\80cd203bfafd108037906dcd9f29bc4fe385117c.pkl,0
D:\08_Dataset\Internal\mar2020\pickle_files\ac1caec3d8a5fe09cc2b4a932edcb4d6b00e236f.pkl,0
D:\08_Dataset\Internal\mar2020\pickle_files\c60c27dab7a2aa0b15e6ea57aca096b6b5f1a166.pkl,0
D:\08_Dataset\Internal\mar2020\pickle_files\c739f01423e8e3176cad4e834bd81c1af9a13eaf.pkl,0
D:\08_Dataset\Internal\mar2020\pickle_files\b887977297e45bf19d906ae4542bfc0affb284dd.pkl,0
D:\08_Dataset\Internal\mar2020\pickle_files\e10c20f9c5f964df0188fb072f9092d85810144e.pkl,0
D:\08_Dataset\Internal\mar2020\pickle_files\04c5f1af7bb74c74c8dc943e4513a9f2cbea2fc8.pkl,0
D:\08_Dataset\Internal\mar2020\pickle_files\04c7bc36b6cd33649f6b150df78af871849fa637.pkl,0
D:\08_Dataset\Internal\mar2020\pickle_files\965a17281667113381de14965af815413dfac51e.pkl,0
D:\08_Dataset\Internal\mar2020\pickle_files\18a418a77fcdf0e7f8c581ca873fffc24329f89e.pkl,0
D:\08_Dataset\Internal\mar2020\pickle_files\54ddf102b06ee5e927b91d929afa9e699ca3ebd6.pkl,0
D:\08_Dataset\Internal\mar2020\pickle_files\25c89b085241094a0e5e3c4b9bf13bba5ceb14b3.pkl,0
D:\08_Dataset\Internal\mar2020\pickle_files\f2259b9e2dfdc2d43fb6e6ac953a10dd56135aec.pkl,0
D:\08_Dataset\Internal\mar2020\pickle_files\62043b42d5ae81cb875875f151114cb66d621b8b.pkl,0
D:\08_Dataset\Internal\mar2020\pickle_files\e0ecd579eeb3c95986b4d7bbd9baea0dfd257a02.pkl,0
D:\08_Dataset\Internal\mar2020\pickle_files\21b9182cd7049bae0ac4583c37a3f1de52a2f0b8.pkl,0
D:\08_Dataset\Internal\mar2020\pickle_files\6be3d654797ea281716d3d9b5111256ad3ee2f3b.pkl,0
D:\08_Dataset\Internal\mar2020\pickle_files\03504d6180c974858630daa69dd3912f20019af6.pkl,0
D:\08_Dataset\Internal\mar2020\pickle_files\758efaa3d64cfa000eb4c76b5925ddddcd4690dc.pkl,0
D:\08_Dataset\Internal\mar2020\pickle_files\0fa511e6fd05d191814c16240e584d552011b798.pkl,0
D:\08_Dataset\Internal\mar2020\pickle_files\e920c582524762301d41ca1df8db512deec6efde.pkl,0
D:\08_Dataset\Internal\mar2020\pickle_files\5ce626d8eafaa40ab50f801f5a623deabbb3d9c2.pkl,0
D:\08_Dataset\Internal\mar2020\pickle_files\b36cbd3a8e8a200e5b29a094fd8f4ab8b8149f6d.pkl,0
D:\08_Dataset\Internal\mar2020\pickle_files\5bd35257816a99142d186835c8615ca9a7193b66.pkl,0
D:\08_Dataset\Internal\mar2020\pickle_files\c7b54046a9cd897e5012f5fc353e77992528b8c8.pkl,0
D:\08_Dataset\Internal\mar2020\pickle_files\13dae793ab015d2f487cdf586d5d1a1cc1a46352.pkl,0
D:\08_Dataset\Internal\mar2020\pickle_files\0b7ee0fb4e77c42d94da563e841d41101310218c.pkl,0
D:\08_Dataset\Internal\mar2020\pickle_files\6e5a4fdb4447e215cf5eb0127a5780fd5742d29c.pkl,0
D:\08_Dataset\Internal\mar2020\pickle_files\6b164b42469af16ca724364c5d172adc59cdec9f.pkl,0
D:\08_Dataset\Internal\mar2020\pickle_files\8ab05aa3a6801597bfc335757dc6f981f5fd8df2.pkl,0
D:\08_Dataset\Internal\mar2020\pickle_files\d58ef2406ab7da19ab38164e0d92b4ad0de97696.pkl,0
D:\08_Dataset\Internal\mar2020\pickle_files\e8815549ebecec0edc07a13c484d4eccc739e4c4.pkl,0
D:\08_Dataset\Internal\mar2020\pickle_files\1a15700b6b070c8231360905ff51603a85c525e1.pkl,0
D:\08_Dataset\Internal\mar2020\pickle_files\f3e2bf00df60be6cdc7d377630c5b198b707a5f0.pkl,0
D:\08_Dataset\Internal\mar2020\pickle_files\dc8fd625270e711670b5ea46773d9a662c4a9692.pkl,0
D:\08_Dataset\Internal\mar2020\pickle_files\d689c56b650fd2d6c086886560446af190553d4b.pkl,0
D:\08_Dataset\Internal\mar2020\pickle_files\61419c9d7839ed32dbbe1b8e0f7b475dbee26c2a.pkl,0
D:\08_Dataset\Internal\mar2020\pickle_files\a7ef0965391a830fb55bfc03edbe69a81c6dc24e.pkl,0
D:\08_Dataset\Internal\mar2020\pickle_files\4fe2ba7a984c933fc34e9bbb2aef1d0a75a10ac3.pkl,0
D:\08_Dataset\Internal\mar2020\pickle_files\dda85776defb8e4f70f6b7173265faee583093d2.pkl,0
D:\08_Dataset\Internal\mar2020\pickle_files\78acbae8826612de1eaeee68b22fe807e007a8c0.pkl,0
D:\08_Dataset\Internal\mar2020\pickle_files\1a32120c1c14b9a82c799fd06f5a7cc92f3887f4.pkl,0
D:\08_Dataset\Internal\mar2020\pickle_files\cfe9a662596322913181494c95a6ef68ab66e008.pkl,0
D:\08_Dataset\Internal\mar2020\pickle_files\074c5cd96ba61911c3d8a1ae6826137d190f098b.pkl,0
D:\08_Dataset\Internal\mar2020\pickle_files\de2719cd66a3128e15a1023164b3a27ab8b3e3cd.pkl,0
D:\08_Dataset\Internal\mar2020\pickle_files\0e6a97bac3e86d9875a68bc1a3af5239c3577e97.pkl,0
D:\08_Dataset\Internal\mar2020\pickle_files\3ba4e550be35b3e7b0527a9236a2816ccaec323b.pkl,0
D:\08_Dataset\Internal\mar2020\pickle_files\3e9c7445509b49d627f208d973f786b38168c172.pkl,0
D:\08_Dataset\Internal\mar2020\pickle_files\8b2c2af0b846735255356cf6bd810a2a47abc056.pkl,0
D:\08_Dataset\Internal\mar2020\pickle_files\a0c017e3aa2acc6ff5935960bf794de45a3709e4.pkl,0
D:\08_Dataset\Internal\mar2020\pickle_files\2bf9e560abf752530270180dbd8ac46def10000e.pkl,0
D:\08_Dataset\Internal\mar2020\pickle_files\c223555ef4c915e179a3a5e887d6068cb98871f7.pkl,0
D:\08_Dataset\Internal\mar2020\pickle_files\8f8d084225f1b19dddd1173a4d15c1e42b92ef62.pkl,0
D:\08_Dataset\Internal\mar2020\pickle_files\00afbc2944f06e6a1a70f58f42deedfabd38e41b.pkl,0
D:\08_Dataset\Internal\mar2020\pickle_files\f0bccd6decb8ff74476fc4b566c931e442e11891.pkl,0
D:\08_Dataset\Internal\mar2020\pickle_files\f2a88a0c7f7a995e0fa00da8a83b49c290ce3a1b.pkl,0
D:\08_Dataset\Internal\mar2020\pickle_files\e0cd30f64110dd9a6d830ffad274bcb604b05391.pkl,0
D:\08_Dataset\Internal\mar2020\pickle_files\526fa842270f87e7f9c3b3ca6f6012d1809f2de5.pkl,0
D:\08_Dataset\Internal\mar2020\pickle_files\6c9b64d106faa3628e445b04ef47c281e9f65f4d.pkl,0
D:\08_Dataset\Internal\mar2020\pickle_files\b13d9a9295e0d846f15981797c0b7d1fd328a4fc.pkl,0
D:\08_Dataset\Internal\mar2020\pickle_files\86c05cb586e3d6d76a1038bb749d56fd7b777ee5.pkl,0
D:\08_Dataset\Internal\mar2020\pickle_files\ee16dab7ed2f2fb85c58e6a3e75b7937e9dafbe0.pkl,0
D:\08_Dataset\Internal\mar2020\pickle_files\9d12888c4e499a6384b89683a992c954bf1fb17f.pkl,0
D:\08_Dataset\Internal\mar2020\pickle_files\8b4a1938dd79337a0fe986ab053076e638d5dabd.pkl,0
D:\08_Dataset\Internal\mar2020\pickle_files\80d51c91e5ef67bf8f88992f00b6bd2bdaf5e024.pkl,0
D:\08_Dataset\Internal\mar2020\pickle_files\45263799642e9899ef663ffb47d2079c4899509c.pkl,0
D:\08_Dataset\Internal\mar2020\pickle_files\f85d28209c6afeb9d4ce14d3c4af01e7cd2274b9.pkl,0
D:\08_Dataset\Internal\mar2020\pickle_files\bc4f5913cbf703a2ca15c59a12c932e2da2d6509.pkl,0
D:\08_Dataset\Internal\mar2020\pickle_files\8516452bac14592da7e74c3b541f534ef9b75c78.pkl,0
D:\08_Dataset\Internal\mar2020\pickle_files\8f8be3c936250306a74bdb8b84e80bdf5156bf31.pkl,0
D:\08_Dataset\Internal\mar2020\pickle_files\3497288ad012febb67c3e3873dedeb1657626701.pkl,0
D:\08_Dataset\Internal\mar2020\pickle_files\100f51c59050dcb266dcd5cded3b5418e07dff34.pkl,0
D:\08_Dataset\Internal\mar2020\pickle_files\28a9b833aae081ceda50579dc470254a3c297e25.pkl,0
D:\08_Dataset\Internal\mar2020\pickle_files\389d87eff402e23b89d5528be4383ab98dcf85c6.pkl,0
D:\08_Dataset\Internal\mar2020\pickle_files\3036b1216fb097014ede09763ae6c157e231c584.pkl,0
D:\08_Dataset\Internal\mar2020\pickle_files\b7cc590f2739f7f479253117ddb0d2dadbece1cc.pkl,0
D:\08_Dataset\Internal\mar2020\pickle_files\9f73aa5d5ba0447da89d1651ce3e5f0918ce1a2b.pkl,0
D:\08_Dataset\Internal\mar2020\pickle_files\92916ca33833c20b4c0d0bc4d44c0f4719d2fd5f.pkl,0
D:\08_Dataset\Internal\mar2020\pickle_files\b74d6562fd2532d747f9557252d3778c7fe8bccb.pkl,0
D:\08_Dataset\Internal\mar2020\pickle_files\c0ad06c0cfbbe3c8d10d1d5751e99b01f9433b29.pkl,0
D:\08_Dataset\Internal\mar2020\pickle_files\9b8a5c7d41ae9ec6f478d375fc5bbef0ddfca6db.pkl,0
D:\08_Dataset\Internal\mar2020\pickle_files\3885f79ab137c6568d864e3f0da83bb060158076.pkl,0
D:\08_Dataset\Internal\mar2020\pickle_files\b175857b7032f6336aa52a511a12f9210f189c09.pkl,0
D:\08_Dataset\Internal\mar2020\pickle_files\62d1aec6bba1e4d5ca3b6a13050435b485fa379d.pkl,0
D:\08_Dataset\Internal\mar2020\pickle_files\dd3c14c63c79e695f3d46242610559679fd82dd2.pkl,0
D:\08_Dataset\Internal\mar2020\pickle_files\b702cf10d14455c899de34001eae342c1ba5b6cf.pkl,0
D:\08_Dataset\Internal\mar2020\pickle_files\fe895e24f0a9113d9ddde137fd662d0e1350772b.pkl,0
D:\08_Dataset\Internal\mar2020\pickle_files\cd02b996ed8a3e8fe57cc40080fdf1e1d5659f2e.pkl,0
D:\08_Dataset\Internal\mar2020\pickle_files\3e82d41293b4f13f624f2e67c6af67fabb5e2f5f.pkl,0
D:\08_Dataset\Internal\mar2020\pickle_files\604412142a4f148e01d8992e042731d8993bfd7b.pkl,0
D:\08_Dataset\Internal\mar2020\pickle_files\b96d0b9c1a2a0e712bc97818f37636ad1c73769e.pkl,0
D:\08_Dataset\Internal\mar2020\pickle_files\c710414495b3e10668af3b02f8b99e78f3c92099.pkl,0
D:\08_Dataset\Internal\mar2020\pickle_files\4af19c8e7a67d4fcc4337215368f576fc92e9ce1.pkl,0
D:\08_Dataset\Internal\mar2020\pickle_files\828b9db13d88688a4fcc1a8867699d9495acb10f.pkl,0
D:\08_Dataset\Internal\mar2020\pickle_files\14981d74b2561551d89451ec3d89c592e8bc19d8.pkl,0
D:\08_Dataset\Internal\mar2020\pickle_files\e5c3d910379495e409098ea3fe5269cece853cb0.pkl,0
D:\08_Dataset\Internal\mar2020\pickle_files\c5af804f3471a850d942d6a74327cfe9ee47b400.pkl,0
D:\08_Dataset\Internal\mar2020\pickle_files\065f7d8449ecc69a91a74a0e6b6606502bb515d6.pkl,0
D:\08_Dataset\Internal\mar2020\pickle_files\bb1b529af32b0423166025dafb52e6cafb45b549.pkl,0
D:\08_Dataset\Internal\mar2020\pickle_files\a0060fa98bc85e5267a91dccf065950b3f86adb2.pkl,0
D:\08_Dataset\Internal\mar2020\pickle_files\0f9cd6ffd66af0c66d5778318281ddef81de7fd6.pkl,0
D:\08_Dataset\Internal\mar2020\pickle_files\60fa435b28c298c2833ba30bb07e0c8eb15135aa.pkl,0
D:\08_Dataset\Internal\mar2020\pickle_files\16415d90734e92fccc1f79953e89a36e4c0bd384.pkl,0
D:\08_Dataset\Internal\mar2020\pickle_files\89dd07d1d8b942dc1f74ac1a1fdc2061fc886416.pkl,0
D:\08_Dataset\Internal\mar2020\pickle_files\c187cd08fb58b83ed4ed51d98e4adf17b3711c23.pkl,0
D:\08_Dataset\Internal\mar2020\pickle_files\d2ca80b06040bd895b161a4e194eec86cbb7ba62.pkl,0
D:\08_Dataset\Internal\mar2020\pickle_files\ec4e1faf76b71bd9ca24c96a00fe4d6e2911f66c.pkl,0
D:\08_Dataset\Internal\mar2020\pickle_files\ca9f6cfbdb697e8099ab734867cbed918782d8e4.pkl,0
D:\08_Dataset\Internal\mar2020\pickle_files\8157bb73f7a7c1c4184b543161ce4d54f77fcd19.pkl,0
D:\08_Dataset\Internal\mar2020\pickle_files\1fbd16f8e35b3012fd011ead72779d98934ebabc.pkl,0
D:\08_Dataset\Internal\mar2020\pickle_files\40985d6293aa7170ee78945d42f9575b5a3df153.pkl,0
D:\08_Dataset\Internal\mar2020\pickle_files\c798178e3899f6ec7b749f1673d8218d6eb7bd6f.pkl,0
D:\08_Dataset\Internal\mar2020\pickle_files\25f9d60ddfec74db9dc1eb3ada32cbf8dfb0b8bd.pkl,0
D:\08_Dataset\Internal\mar2020\pickle_files\916d1181bec40fae66e0027927014fec5c7eaa55.pkl,0
D:\08_Dataset\Internal\mar2020\pickle_files\e63df9a09d65e4d2b03560ac2c3f74904ae0603f.pkl,0
D:\08_Dataset\Internal\mar2020\pickle_files\e0424a79565cfc211582fdd209a7d02efbcc4f63.pkl,0
D:\08_Dataset\Internal\mar2020\pickle_files\1c353767f8c5bae0e091bc0d23002de6e8af044e.pkl,0
D:\08_Dataset\Internal\mar2020\pickle_files\672bada4503aad1a877f073e7af5186a4429a54b.pkl,0
D:\08_Dataset\Internal\mar2020\pickle_files\8c6ce2ce26b7987964ffaa3482617dc9f730aa86.pkl,0
D:\08_Dataset\Internal\mar2020\pickle_files\123a64082e39dddbe9d6274152c545732ba704ab.pkl,0
D:\08_Dataset\Internal\mar2020\pickle_files\1b330ae77a3767dc6e7c600359ac9d9b6e26849a.pkl,0
D:\08_Dataset\Internal\mar2020\pickle_files\37b5e6cf2425f7de9b2c9777380534a4843669f6.pkl,0
D:\08_Dataset\Internal\mar2020\pickle_files\d800f1a795b0d7d80f3c3f4ed5e090ddc1128b92.pkl,0
D:\08_Dataset\Internal\mar2020\pickle_files\1e1cd1f19401d4e7b4b7e44649a5e14d664e29c5.pkl,0
D:\08_Dataset\Internal\mar2020\pickle_files\f3a3f8607921c4924fda271f772768fb0243104c.pkl,0
D:\08_Dataset\Internal\mar2020\pickle_files\ceb5ebd20c29a6a780e8c01f05c52a3eac951be5.pkl,0
D:\08_Dataset\Internal\mar2020\pickle_files\33db50ef71c01cd860c135939c2e832eeb670fe6.pkl,0
D:\08_Dataset\Internal\mar2020\pickle_files\462678a97e57024f6068625a91e685a5576a686c.pkl,0
D:\08_Dataset\Internal\mar2020\pickle_files\bb4ff81dec7b9ee91b29ab2748656be3ac132d48.pkl,0
D:\08_Dataset\Internal\mar2020\pickle_files\1dec040ed037dedd4e56da3c862d2f1f076f2172.pkl,0
D:\08_Dataset\Internal\mar2020\pickle_files\ea09316a0194d2978756e8a2fccb24c7910dfdba.pkl,0
D:\08_Dataset\Internal\mar2020\pickle_files\99511fbf583e42b8b0c1566ffa68c00d51d7e18a.pkl,0
D:\08_Dataset\Internal\mar2020\pickle_files\807cf0ab5898b6113dc0cc557693262386c20167.pkl,0
D:\08_Dataset\Internal\mar2020\pickle_files\ef0d2d655c9054780930d8196a8b77f08f41ec5a.pkl,0
D:\08_Dataset\Internal\mar2020\pickle_files\2a73dd07cd83169af4dc48622604c98630fff2d4.pkl,0
D:\08_Dataset\Internal\mar2020\pickle_files\a3e890ea8cdaf63940bec0d4d670cba814b01c36.pkl,0
D:\08_Dataset\Internal\mar2020\pickle_files\05b0c223258383e4274a7edb11ffad480a7cb3fb.pkl,0
D:\08_Dataset\Internal\mar2020\pickle_files\140db2ed96f2b9399127752d8e31a36c972b6cb8.pkl,0
D:\08_Dataset\Internal\mar2020\pickle_files\1e6bdbfdf0529c11ce379f02520eec8216b7f009.pkl,0
D:\08_Dataset\Internal\mar2020\pickle_files\5ba5208e91c4a84e5cf35ce05ceee91ec5aa992b.pkl,0
D:\08_Dataset\Internal\mar2020\pickle_files\bc1cbc7d62549446b4e962e6119b17cf0493a279.pkl,0
D:\08_Dataset\Internal\mar2020\pickle_files\7fc445ded7c1da7769eaa09b2fbdf431ace38876.pkl,0
D:\08_Dataset\Internal\mar2020\pickle_files\6800ed5ac6f390df5ea6deab0f07609f63259f99.pkl,0
D:\08_Dataset\Internal\mar2020\pickle_files\10f597ce8f99b630e505968402546d0cd04437c4.pkl,0
D:\08_Dataset\Internal\mar2020\pickle_files\814a6bf9bcde97c3cc9f0edacb3be6aa25763a4c.pkl,0
D:\08_Dataset\Internal\mar2020\pickle_files\668dd526c339d446d13bbb647bbe4a40879c8faa.pkl,0
D:\08_Dataset\Internal\mar2020\pickle_files\b99a42aa715c161c4a6c25dba8b49ca073ffddaf.pkl,0
D:\08_Dataset\Internal\mar2020\pickle_files\6fdcd759359b4e838d05d7ae1cb209e8ca5d0ecb.pkl,0
D:\08_Dataset\Internal\mar2020\pickle_files\f7b3a3a7340a40b1029575c25e345b6fe8a36f7f.pkl,0
D:\08_Dataset\Internal\mar2020\pickle_files\00b14c6f3041cacda734283301c952e3eec82adb.pkl,0
D:\08_Dataset\Internal\mar2020\pickle_files\37abb8e114460ed9d06a1d3e221ec7825c55da23.pkl,0
D:\08_Dataset\Internal\mar2020\pickle_files\f0c26f2633a479925c9ee45fd4b9ed6aa6d24fa2.pkl,0
D:\08_Dataset\Internal\mar2020\pickle_files\37602d03f0141d21ecceb0bb73ffe44b59923891.pkl,0
D:\08_Dataset\Internal\mar2020\pickle_files\1190f5c48819b0d58abb4d6702b6937432399bbc.pkl,0
D:\08_Dataset\Internal\mar2020\pickle_files\d46960ec1070d720b8bd1a42d2eb80fcef52c944.pkl,0
D:\08_Dataset\Internal\mar2020\pickle_files\68841e80d621ab08cd28b779133419f5d8c4c170.pkl,0
D:\08_Dataset\Internal\mar2020\pickle_files\37e42fb7f39b94850e2e7a10c946b1c3e441117a.pkl,0
D:\08_Dataset\Internal\mar2020\pickle_files\a3eef0b7f0dd3f6dc7d7d292d39f02f1daeb8108.pkl,0
D:\08_Dataset\Internal\mar2020\pickle_files\1e4c6777280a284567859b2823b4e313bb4ed685.pkl,0
D:\08_Dataset\Internal\mar2020\pickle_files\63bcfeb3b31da1fa4d792d5ffff6eaf1931660a2.pkl,0
D:\08_Dataset\Internal\mar2020\pickle_files\a2eb584dc33626d98eab6d910bf8c13b3537b60c.pkl,0
D:\08_Dataset\Internal\mar2020\pickle_files\e0f025ecded666323fe7d2bb3a2029cbf7c8b70d.pkl,0
D:\08_Dataset\Internal\mar2020\pickle_files\4feb5f87035bd823a6f33758aaa810f379c71493.pkl,0
D:\08_Dataset\Internal\mar2020\pickle_files\d0c3b3f9ca5c3e79c81c29e08d26d7003f51b772.pkl,0
D:\08_Dataset\Internal\mar2020\pickle_files\ed4e8515f11e3709c3cac80582d47ceb13c1410e.pkl,0
D:\08_Dataset\Internal\mar2020\pickle_files\2629e4b319aef01afea7dd210c3dc074ea3e346a.pkl,0
D:\08_Dataset\Internal\mar2020\pickle_files\52a17228701c54dce41e4d2cc1da3657a9b980e9.pkl,0
D:\08_Dataset\Internal\mar2020\pickle_files\479d1eb1e16f7bb1b3b87474d24240fa4ae5e44c.pkl,0
D:\08_Dataset\Internal\mar2020\pickle_files\0dcf62313c7774dfb080d617178d42b3d3633d03.pkl,0
D:\08_Dataset\Internal\mar2020\pickle_files\46a3e970ae3d032131e89926a1a1effbd8ab8266.pkl,0
D:\08_Dataset\Internal\mar2020\pickle_files\4096a76c277501574289e593d22d06c71501767e.pkl,0
D:\08_Dataset\Internal\mar2020\pickle_files\d678d6c69a9c98b3a043d7895131361b081acb61.pkl,0
D:\08_Dataset\Internal\mar2020\pickle_files\94b4ec8580cc26db875ad3fd318a9645267dd68c.pkl,0
D:\08_Dataset\Internal\mar2020\pickle_files\878f559faeab254fabd675a9ac6142a6fbcaeb47.pkl,0
D:\08_Dataset\Internal\mar2020\pickle_files\c29366cb7f05e5dba235ec7c54a3df6ef6b3e1a2.pkl,0
D:\08_Dataset\Internal\mar2020\pickle_files\501f0c65deae49cf4a782b33aa9a2b14a3154248.pkl,0
D:\08_Dataset\Internal\mar2020\pickle_files\340dac79bc014986b9a3b5fa9f41260bd65ac407.pkl,0
D:\08_Dataset\Internal\mar2020\pickle_files\d10d224139157fee63323afac4f310017d8b41e2.pkl,0
D:\08_Dataset\Internal\mar2020\pickle_files\bf394ca15a85da52ff3a6b95b778be9eb3a3ffe4.pkl,0
D:\08_Dataset\Internal\mar2020\pickle_files\710b636bf77b1fbfa81766213df0a7fb11b5bf31.pkl,0
D:\08_Dataset\Internal\mar2020\pickle_files\381a951e61ba548e8dfa00e23347bcd46c4b02f5.pkl,0
D:\08_Dataset\Internal\mar2020\pickle_files\a4488284d959d9e923a3ab39ebf18cbf1f6d1e3b.pkl,0
D:\08_Dataset\Internal\mar2020\pickle_files\06f717da52a234b11f2057da061580bd8385c2c7.pkl,0
D:\08_Dataset\Internal\mar2020\pickle_files\65ee81aeb9ee3ff0573083771446929d8a9a2d41.pkl,0
D:\08_Dataset\Internal\mar2020\pickle_files\e1eb8f4bf7a20cc1bcab01e2635fceb333608a58.pkl,0
D:\08_Dataset\Internal\mar2020\pickle_files\1892b8b572c5201fb4952edf7a75671df58b7c58.pkl,0
D:\08_Dataset\Internal\mar2020\pickle_files\ca4ece48ed8cd4c85e96a810ee333cc8436cc117.pkl,0
D:\08_Dataset\Internal\mar2020\pickle_files\7596e933be20e15daf5db1e5344222ac670db027.pkl,0
D:\08_Dataset\Internal\mar2020\pickle_files\f98cca411eff470f064fa6a010a7d0d262da09ff.pkl,0
D:\08_Dataset\Internal\mar2020\pickle_files\c1be8ca1988b69f1217f9dd73f8369de83d8437b.pkl,0
D:\08_Dataset\Internal\mar2020\pickle_files\7848fe1647e9c62f015f2acb485f0f8dfb9a0aed.pkl,0
D:\08_Dataset\Internal\mar2020\pickle_files\f3ef3a091022c71d306584add598f5947c1d5729.pkl,0
D:\08_Dataset\Internal\mar2020\pickle_files\a4f3d8558a55e0e36acbf8a2e5532b482feb59b9.pkl,0
D:\08_Dataset\Internal\mar2020\pickle_files\6536eb9edb32179d8eef728030300b3aaa3ef1da.pkl,0
D:\08_Dataset\Internal\mar2020\pickle_files\ab73cc7af0184c84db66c91f865a4fb64ed8f502.pkl,0
D:\08_Dataset\Internal\mar2020\pickle_files\17bd133b5dc6a2f6e96f7198675f507d3080c751.pkl,0
D:\08_Dataset\Internal\mar2020\pickle_files\4700efadb580ef09a5d82a6162e6299cb3b2b269.pkl,0
D:\08_Dataset\Internal\mar2020\pickle_files\306b6e4922c0e3d38973f4b4c6e12a2a917e1dd0.pkl,0
D:\08_Dataset\Internal\mar2020\pickle_files\d8dc72c018e9ecd8ae78ba50e6b9170a84e7efd8.pkl,0
D:\08_Dataset\Internal\mar2020\pickle_files\222731c5ad4f9dd836fe5cef6fe8331d7d72b436.pkl,0
D:\08_Dataset\Internal\mar2020\pickle_files\351eeb693ef12a3e183f9abb9ffde90960f52fda.pkl,0
D:\08_Dataset\Internal\mar2020\pickle_files\780afd16414808937feef55798b44d83bfcc5ea6.pkl,0
D:\08_Dataset\Internal\mar2020\pickle_files\efacbcd392082579ec44c1c96913a293f7fb79d4.pkl,0
D:\08_Dataset\Internal\mar2020\pickle_files\fab2ec1b75764aba53cc33289c5e19424fd38e75.pkl,0
D:\08_Dataset\Internal\mar2020\pickle_files\23d8480742385d02969ab1fc2d944d3409ffa632.pkl,0
D:\08_Dataset\Internal\mar2020\pickle_files\8c85579aef6c9aad65add367ff67c1ba2bbccb5c.pkl,0
D:\08_Dataset\Internal\mar2020\pickle_files\f2f6a66b1308119e786652df80ef5b6c06f042dc.pkl,0
D:\08_Dataset\Internal\mar2020\pickle_files\98d8e09d672365a44df84b00086da7f31c89250f.pkl,0
D:\08_Dataset\Internal\mar2020\pickle_files\fc4f804501441e3adffebe734407a632bbb1f87f.pkl,0
D:\08_Dataset\Internal\mar2020\pickle_files\2fb186a7e417a26ae6dce024a2414c9d48acce90.pkl,0
D:\08_Dataset\Internal\mar2020\pickle_files\c105d543cf35524a551581b8410c86f8a5273b6e.pkl,0
D:\08_Dataset\Internal\mar2020\pickle_files\c3d8756890e48f9526506fdc337c4cac0cdfc8fb.pkl,0
D:\08_Dataset\Internal\mar2020\pickle_files\80fff45105870da17ea8e21b1d6dc2a36d14415d.pkl,0
D:\08_Dataset\Internal\mar2020\pickle_files\ebb3b1b6841a7078eefcba9cc45fe1aa949ec759.pkl,0
D:\08_Dataset\Internal\mar2020\pickle_files\0959070711d0e87ceaa82213aff06a7b3abb1c5d.pkl,0
D:\08_Dataset\Internal\mar2020\pickle_files\8de357055c773607283c16b0dee49274fd52f29c.pkl,0
D:\08_Dataset\Internal\mar2020\pickle_files\9823271cf1bdf65f0dbaccb684354bfa767ddbd8.pkl,0
D:\08_Dataset\Internal\mar2020\pickle_files\f0ef55fc029b1702ceb7476d5f4fe5d74ee5bdb3.pkl,0
D:\08_Dataset\Internal\mar2020\pickle_files\5fc2c1d2590aecff5043a1a138ff8f50d6e9abdc.pkl,0
D:\08_Dataset\Internal\mar2020\pickle_files\31e469ab21c38de3b1c3229f0387560e926fa737.pkl,0
D:\08_Dataset\Internal\mar2020\pickle_files\1b376c177c5629c0e620431af1a9e8c16bf23d53.pkl,0
D:\08_Dataset\Internal\mar2020\pickle_files\3610be26d37d41e704f949d3c03e412fc9daa610.pkl,0
D:\08_Dataset\Internal\mar2020\pickle_files\f1a2cfc04260a05a7cf119b9136b0a76472e8479.pkl,0
D:\08_Dataset\Internal\mar2020\pickle_files\d47f2fcb6cf2655fe493a68c7fc463e35f487f58.pkl,0
D:\08_Dataset\Internal\mar2020\pickle_files\d23e26214f7c56a9f85d1732185a39405fa4e36e.pkl,0
D:\08_Dataset\Internal\mar2020\pickle_files\2cdcaf275d5c1da59542a2f0a40881854fa4f4ca.pkl,0
D:\08_Dataset\Internal\mar2020\pickle_files\2446ef9fb0f932463f9d95145bb6fc54e85354e1.pkl,0
D:\08_Dataset\Internal\mar2020\pickle_files\dfdb35ee6857a2bc0c85a3d6e6b2e3ebfe7b4edd.pkl,0
D:\08_Dataset\Internal\mar2020\pickle_files\5ca66d82a1293ab47ff7e7a3b6427f30e4de553b.pkl,0
D:\08_Dataset\Internal\mar2020\pickle_files\4e1dc8a103dffccd99ceb13d59e76c2b040124c4.pkl,0
D:\08_Dataset\Internal\mar2020\pickle_files\1487be68ecfccd4f607f26e29b633fb07d2af341.pkl,0
D:\08_Dataset\Internal\mar2020\pickle_files\01c784175e5eab1e2dbd1e4dc88ba88955b06709.pkl,0
D:\08_Dataset\Internal\mar2020\pickle_files\be80530de4572f2336cf708e6c4af2e6bff5879f.pkl,0
D:\08_Dataset\Internal\mar2020\pickle_files\27487b02b735b64e77f80521448a9224a3b16f3a.pkl,0
D:\08_Dataset\Internal\mar2020\pickle_files\16f874b42f00b80d1b96d5f369bc8b21d261d7a8.pkl,0
D:\08_Dataset\Internal\mar2020\pickle_files\85834293d65416f690ce0d5ffdcbb3acdc2b8dd4.pkl,0
D:\08_Dataset\Internal\mar2020\pickle_files\9b64586bfc67162364ffeed33cd9d9ac664a419c.pkl,0
D:\08_Dataset\Internal\mar2020\pickle_files\396896111dec1b5db205c8649eb8aef768de8eb8.pkl,0
D:\08_Dataset\Internal\mar2020\pickle_files\28bfb70e98139930626086c5952a467918d0d667.pkl,0
D:\08_Dataset\Internal\mar2020\pickle_files\9ba8298ae2f7d7b9e56d6e567b18a091cc7cb24b.pkl,0
D:\08_Dataset\Internal\mar2020\pickle_files\f7f461a0ce5436726814e773fb1f381ff2400bca.pkl,0
D:\08_Dataset\Internal\mar2020\pickle_files\fc264ab35c0338b8394e550d294b333855679091.pkl,0
D:\08_Dataset\Internal\mar2020\pickle_files\c6919f72d4ba2abf195143686921cb3477303a51.pkl,0
D:\08_Dataset\Internal\mar2020\pickle_files\22d7cc90ab0f18ff5ed5417e90aa4a413e434ad3.pkl,0
D:\08_Dataset\Internal\mar2020\pickle_files\3757d942ece8b0f5582fb13cd4344242b69d84c0.pkl,0
D:\08_Dataset\Internal\mar2020\pickle_files\9b9ca145e6bd85a39abab8f0a36173490e9262d3.pkl,0
D:\08_Dataset\Internal\mar2020\pickle_files\65db07fcee23efad1ad11c3ad610275f4f75a774.pkl,0
D:\08_Dataset\Internal\mar2020\pickle_files\9d904fdc2c176dbcbfaa49f91a5e30e980afc0b2.pkl,0
D:\08_Dataset\Internal\mar2020\pickle_files\85abf03be4eebfd8870b3ab3fb8fffe7dfb7ad28.pkl,0
D:\08_Dataset\Internal\mar2020\pickle_files\d089e4a014faa4ad1c9db3b5b7037ee15ddcabc3.pkl,0
D:\08_Dataset\Internal\mar2020\pickle_files\a14f82396f60569732e8c1a46fad2a339dee067f.pkl,0
D:\08_Dataset\Internal\mar2020\pickle_files\5ebb92f51e16b3f0b18a0d4c870ece3f34f465ac.pkl,0
D:\08_Dataset\Internal\mar2020\pickle_files\f53de6714cb80560b1ce6c52a732391370181374.pkl,0
D:\08_Dataset\Internal\mar2020\pickle_files\3ef7b3d9798bbc187224ce8509d8a70987f7e371.pkl,0
D:\08_Dataset\Internal\mar2020\pickle_files\3f83414690ea2011603b8a35bebbb29ca0c15f3d.pkl,0
D:\08_Dataset\Internal\mar2020\pickle_files\c601a61fdeed76936260ee06427bc549e85a4b76.pkl,0
D:\08_Dataset\Internal\mar2020\pickle_files\ef762c375486594f6604f39311d32442156ac8bb.pkl,0
D:\08_Dataset\Internal\mar2020\pickle_files\7e6d2d68dabf9d08ca347adb4b811abc43661e6f.pkl,0
D:\08_Dataset\Internal\mar2020\pickle_files\86476819229f4bf00f32e5f0969e19c5b61d1b2a.pkl,0
D:\08_Dataset\Internal\mar2020\pickle_files\4bd9852f1f063b9fd1e1829b756d381e14609fa7.pkl,0
D:\08_Dataset\Internal\mar2020\pickle_files\fe49df71b950a304512a3633f7e3db9380664855.pkl,0
D:\08_Dataset\Internal\mar2020\pickle_files\26facb74082de47bb76a64de2f01c706990f02cf.pkl,0
D:\08_Dataset\Internal\mar2020\pickle_files\409fd8507580160fafb837d26dd9848923d488ac.pkl,0
D:\08_Dataset\Internal\mar2020\pickle_files\8125ebb7dc792094a2a8af1fa1ed65ef4c0bb2b7.pkl,0
D:\08_Dataset\Internal\mar2020\pickle_files\1e06eacf455188753a27b2e1f732f66586160bc7.pkl,0
D:\08_Dataset\Internal\mar2020\pickle_files\25098272afd0947483c7c38ef8d67d6420054f41.pkl,0
D:\08_Dataset\Internal\mar2020\pickle_files\e5c3496d702f6e982699b2c127811293a1aae171.pkl,0
D:\08_Dataset\Internal\mar2020\pickle_files\852a029e88877c0b083dbd084fbf3fdfdac5412f.pkl,0
D:\08_Dataset\Internal\mar2020\pickle_files\c0e459de0aeaba682ede560774db3ff60f8273fb.pkl,0
D:\08_Dataset\Internal\mar2020\pickle_files\e2f8038cdc74d1df2078bd460bcf8fed7adfacf9.pkl,0
D:\08_Dataset\Internal\mar2020\pickle_files\683b9d22b374d21d4de96be0012747a2cd548b61.pkl,0
D:\08_Dataset\Internal\mar2020\pickle_files\c10b6995861da38e538a1ffd5acc0bb3fc147a6c.pkl,0
D:\08_Dataset\Internal\mar2020\pickle_files\11be93ee4b7837a39500f3f455916e7b9af4b4b1.pkl,0
D:\08_Dataset\Internal\mar2020\pickle_files\ce832ba19dbc423c249a2f6c481b0b93c774fc37.pkl,0
D:\08_Dataset\Internal\mar2020\pickle_files\df517319ff0d47d1899536d12cf1581c6d2820aa.pkl,0
D:\08_Dataset\Internal\mar2020\pickle_files\3ec3e6339f3f30950b16d7cb213a6725fdd0d441.pkl,0
D:\08_Dataset\Internal\mar2020\pickle_files\628e5b035e2040353c8e63f0f62f71c9a2429eb6.pkl,0
D:\08_Dataset\Internal\mar2020\pickle_files\349068fdee2d414db85eac3e54ab0e8545345653.pkl,0
D:\08_Dataset\Internal\mar2020\pickle_files\75a9fccf239704b5aa640662afb46e2fa246e8ff.pkl,0
D:\08_Dataset\Internal\mar2020\pickle_files\881a178a60182707907573de9d657f035179b910.pkl,0
D:\08_Dataset\Internal\mar2020\pickle_files\c15abd97f009a6731a1e3ecd487e031fe6b3342f.pkl,0
D:\08_Dataset\Internal\mar2020\pickle_files\2aedf0c59668027c1a10a5e426bf155471919104.pkl,0
D:\08_Dataset\Internal\mar2020\pickle_files\a0ed9172c603b896611477afff6c5bf5392f0392.pkl,0
D:\08_Dataset\Internal\mar2020\pickle_files\77d011acaf5df65300aa7d1996cc456459b54b36.pkl,0
D:\08_Dataset\Internal\mar2020\pickle_files\1b4523e065679235326578bc5adf1436be79cd83.pkl,0
D:\08_Dataset\Internal\mar2020\pickle_files\5f85d362cf1aa200cc2d45f621b8d4f0b58ca6ea.pkl,0
D:\08_Dataset\Internal\mar2020\pickle_files\4f39d870c1613acd8a4dde4746b19e35f98f402f.pkl,0
D:\08_Dataset\Internal\mar2020\pickle_files\2d450ff9d0b0718b59ac7587fd95d7b8a6cbaf3f.pkl,0
D:\08_Dataset\Internal\mar2020\pickle_files\a87d39cf553debd875fe52f1d91f1a317bd266e4.pkl,0
D:\08_Dataset\Internal\mar2020\pickle_files\7b162d5ef22fd659b3537b210baff240ca6d2b0a.pkl,0
D:\08_Dataset\Internal\mar2020\pickle_files\e01861a85119ae427f8cc9402143023a80f0dcb2.pkl,0
D:\08_Dataset\Internal\mar2020\pickle_files\842b22aeb7cc7000e7d77a999c4c5d83d7ec2c1a.pkl,0
D:\08_Dataset\Internal\mar2020\pickle_files\b0286d59cfe6759c0eacfcdc0d94dfefd823bf5a.pkl,0
D:\08_Dataset\Internal\mar2020\pickle_files\cda36935ec7807eefcf44059679d96035ccf2e25.pkl,0
D:\08_Dataset\Internal\mar2020\pickle_files\a40fbe63a1183f284e1f07bd6fdc64f7b00cf650.pkl,0
D:\08_Dataset\Internal\mar2020\pickle_files\6862c78779a5381a2bbe20127bd7e3a19c91ccbf.pkl,0
D:\08_Dataset\Internal\mar2020\pickle_files\8f35a6aec96271cf57704271bad5da62c259bd31.pkl,0
D:\08_Dataset\Internal\mar2020\pickle_files\f342fa3065aef1f5a05bd628c2dee3e47cdc27c8.pkl,0
D:\08_Dataset\Internal\mar2020\pickle_files\0f7e09837b9ad0870b8b389819fe0d5ff844558c.pkl,0
D:\08_Dataset\Internal\mar2020\pickle_files\705b72ac3b977b3c870081038a275d3b6971d605.pkl,0
D:\08_Dataset\Internal\mar2020\pickle_files\841c86ac322e9e92c3baf08ac5d2bd0ac6852595.pkl,0
D:\08_Dataset\Internal\mar2020\pickle_files\00554ce4c10feba64d467a065a0990595651dc08.pkl,0
D:\08_Dataset\Internal\mar2020\pickle_files\d2321ae419c289a67c962eb4f5a4c9ef01884460.pkl,0
D:\08_Dataset\Internal\mar2020\pickle_files\8fd316d61802b38a0c387d5951b50ed3f12812b2.pkl,0
D:\08_Dataset\Internal\mar2020\pickle_files\b74e3f89197c7e51a66c3467f7656421220fb6d9.pkl,0
D:\08_Dataset\Internal\mar2020\pickle_files\945681dc16d23173668905de65e528de0745a553.pkl,0
D:\08_Dataset\Internal\mar2020\pickle_files\8a3949fd6896e931904ba7c68a5d004cda4c9898.pkl,0
D:\08_Dataset\Internal\mar2020\pickle_files\9a1faf43a85cf97ea536ae19c5050a3369c28dd8.pkl,0
D:\08_Dataset\Internal\mar2020\pickle_files\7ce17f4f6423e3c335a529aec9463c59aa86f567.pkl,0
D:\08_Dataset\Internal\mar2020\pickle_files\fe9403fbdef1602e2dbd3b6af849479cc2f21303.pkl,0
D:\08_Dataset\Internal\mar2020\pickle_files\294b4c421802fa9f591dc3e110b177b5bee640d0.pkl,0
D:\08_Dataset\Internal\mar2020\pickle_files\34df8506f0458bd4602a0d22f27886755cf266df.pkl,0
D:\08_Dataset\Internal\mar2020\pickle_files\5856f55800cd8e88c345ceb7b72604b6875ef311.pkl,0
D:\08_Dataset\Internal\mar2020\pickle_files\cbe50f7d1b83431f403a60d2e9044157080a6c88.pkl,0
D:\08_Dataset\Internal\mar2020\pickle_files\fd063d22187ef6db84214becc4bc494f5db0b8ee.pkl,0
D:\08_Dataset\Internal\mar2020\pickle_files\4d7a6b55ce4b397ab67481e8195bfa0a90a2ecf1.pkl,0
D:\08_Dataset\Internal\mar2020\pickle_files\84748420a86b75773b15b9569023f7c909e72a7e.pkl,0
D:\08_Dataset\Internal\mar2020\pickle_files\ea4371c31c1845098f8bd4a733180d93d61851bf.pkl,0
D:\08_Dataset\Internal\mar2020\pickle_files\6624bff82cb11335cb2599f5e6ef30bb1d6819c6.pkl,0
D:\08_Dataset\Internal\mar2020\pickle_files\61755afa0eebe7203c0e14d22eba37e176d01d8c.pkl,0
D:\08_Dataset\Internal\mar2020\pickle_files\1da89284f44c6230b3b404006b46bf26cf745abb.pkl,0
D:\08_Dataset\Internal\mar2020\pickle_files\189ec22e341e6f36443ca33646c4b5640111040c.pkl,0
D:\08_Dataset\Internal\mar2020\pickle_files\128c59cdca69e9fbf1d3e6d456a4186a385ff89c.pkl,0
D:\08_Dataset\Internal\mar2020\pickle_files\cabbc60442745d27adbc8af7735f4750f7c7053a.pkl,0
D:\08_Dataset\Internal\mar2020\pickle_files\3ab60dfb0cf775893cb6420798a8439ba5f1fc9e.pkl,0
D:\08_Dataset\Internal\mar2020\pickle_files\0adcdcf0b17cd06060c10bfb9c8efa5dd2ef054f.pkl,0
D:\08_Dataset\Internal\mar2020\pickle_files\eb576430c5b9001aeb96f32f23474cb15a86c401.pkl,0
D:\08_Dataset\Internal\mar2020\pickle_files\c4ed2a4e68689773ece443e3e3a0e6e0a552c51c.pkl,0
D:\08_Dataset\Internal\mar2020\pickle_files\f7c500f989fbd618e02de63ee4646645591dec83.pkl,0
D:\08_Dataset\Internal\mar2020\pickle_files\53397cf2f71e578a8b78834c0703d1cb97cbd75c.pkl,0
D:\08_Dataset\Internal\mar2020\pickle_files\1d6b2ab11ec9881177a8ffe84e3d69197380841a.pkl,0
D:\08_Dataset\Internal\mar2020\pickle_files\dfddaa6159e790086f9902d76df9d520df29eb2d.pkl,0
D:\08_Dataset\Internal\mar2020\pickle_files\7decdeee456e90e072d4554bcc3695679acd11d4.pkl,0
D:\08_Dataset\Internal\mar2020\pickle_files\ba8569e74aca831c22c92ab49bb55f4c7fc56edf.pkl,0
D:\08_Dataset\Internal\mar2020\pickle_files\2e62c61072c96b20cda7962655fc2bd3c3960d54.pkl,0
D:\08_Dataset\Internal\mar2020\pickle_files\1d431ae0e4318763bc6f3f74e889ceeecf05d11e.pkl,0
D:\08_Dataset\Internal\mar2020\pickle_files\a1c8a2a183186c06545dc9a8e50885ea33ce92c5.pkl,0
D:\08_Dataset\Internal\mar2020\pickle_files\19adf1bbde52cbc639b55cca4456093b2cc9a809.pkl,0
D:\08_Dataset\Internal\mar2020\pickle_files\c6747115ea39711bd38db3275fbe7dca499ca667.pkl,0
D:\08_Dataset\Internal\mar2020\pickle_files\86c6eab8820ec65e7b20a0c60be132675aa7443e.pkl,0
D:\08_Dataset\Internal\mar2020\pickle_files\b6d437b942194b19f45015d22d5bc4ab98058038.pkl,0
D:\08_Dataset\Internal\mar2020\pickle_files\14e9c9bfdf93807725e005093becd50b67656c79.pkl,0
D:\08_Dataset\Internal\mar2020\pickle_files\eb22e6d8f5464bc8b60dd37ea5e047da17899487.pkl,0
D:\08_Dataset\Internal\mar2020\pickle_files\4aa26fe2dd2343a27efcd46e80069129c234eae2.pkl,0
D:\08_Dataset\Internal\mar2020\pickle_files\66418be2a4f5489f42ae00d70d48a571de55cdc8.pkl,0
D:\08_Dataset\Internal\mar2020\pickle_files\f1eb79ca21d03ff8fb292201b2976848d24b6073.pkl,0
D:\08_Dataset\Internal\mar2020\pickle_files\f5f79c87d8b278c33bd580dc3b291da65ff83048.pkl,0
D:\08_Dataset\Internal\mar2020\pickle_files\27e701c9eff12f35549248fc402fe6f5219a1f8a.pkl,0
D:\08_Dataset\Internal\mar2020\pickle_files\1bd90caff9f3ab1d3cb7136ce9146c1c2e69368b.pkl,0
D:\08_Dataset\Internal\mar2020\pickle_files\9c4936a4b98ef8f011adafcce4570399fb979cae.pkl,0
D:\08_Dataset\Internal\mar2020\pickle_files\f6ab8c403d5d182a2383a6ebd0f7eede509b980c.pkl,0
D:\08_Dataset\Internal\mar2020\pickle_files\b124b7e9d8161e549d7aa53befe72dca2485713c.pkl,0
D:\08_Dataset\Internal\mar2020\pickle_files\833aca39fda7dfc6640b88aa42a71ae4ff5ef357.pkl,0
D:\08_Dataset\Internal\mar2020\pickle_files\567723f346446b7a14a731800ed7175836be18ab.pkl,0
D:\08_Dataset\Internal\mar2020\pickle_files\6c96e30c9bfbb3d022a5418b1cdaffe9e5517eaf.pkl,0
D:\08_Dataset\Internal\mar2020\pickle_files\b70a5fb04c69123f6c6797f1ece453fc3c4385c9.pkl,0
D:\08_Dataset\Internal\mar2020\pickle_files\33b96ab4c7966519861a31c2866f16872593f2ce.pkl,0
D:\08_Dataset\Internal\mar2020\pickle_files\56bb109d474120ceaaf75c813cdc1ae96a499d22.pkl,0
D:\08_Dataset\Internal\mar2020\pickle_files\bd7cd2b3ba641c6e67bfa1ac7b8b40becebadac4.pkl,0
D:\08_Dataset\Internal\mar2020\pickle_files\53c94302c3414329d3afaf6917bb85a94f988a3e.pkl,0
D:\08_Dataset\Internal\mar2020\pickle_files\031c25bd010ad1ed4bd5d5b5ac0f1b60918102bd.pkl,0
D:\08_Dataset\Internal\mar2020\pickle_files\8d6080e7a89b294b044a649ffbc40943a940ae04.pkl,0
D:\08_Dataset\Internal\mar2020\pickle_files\8cc6a7fb869d8f0dad4ff259982b94267725269e.pkl,0
D:\08_Dataset\Internal\mar2020\pickle_files\fbf415fe23d987b7141917d9b155ffa7276c10ab.pkl,0
D:\08_Dataset\Internal\mar2020\pickle_files\e172ee23a9c966dc1aed032d65c91f93020c6537.pkl,0
D:\08_Dataset\Internal\mar2020\pickle_files\e28d4cfd985f1f90f26d09c8d400317974ad444d.pkl,0
D:\08_Dataset\Internal\mar2020\pickle_files\62b685d14b766dd734a3b95e5726256b36219c1e.pkl,0
D:\08_Dataset\Internal\mar2020\pickle_files\e06ee67fb99c5a65ca80c50aee395ae233d5d9e0.pkl,0
D:\08_Dataset\Internal\mar2020\pickle_files\e0dc0cd05470347acad2e13d538df4a5e3e0cf15.pkl,0
D:\08_Dataset\Internal\mar2020\pickle_files\9e4de1be083abb84ff9386124d2fe46b543d150e.pkl,0
D:\08_Dataset\Internal\mar2020\pickle_files\8a4d3b5da03de10147952088b5a83e73cff1201c.pkl,0
D:\08_Dataset\Internal\mar2020\pickle_files\2705adee672244e3b15af318d14dde51bc9ddce4.pkl,0
D:\08_Dataset\Internal\mar2020\pickle_files\2bbc665f19c73968f1c4e33946ccc345d89ebf0e.pkl,0
D:\08_Dataset\Internal\mar2020\pickle_files\3b3fd5ddc5f7609975f33e76532e23a6f343dd76.pkl,0
D:\08_Dataset\Internal\mar2020\pickle_files\6d2e696b849a0f26600de725a44c06b3c07c94c3.pkl,0
D:\08_Dataset\Internal\mar2020\pickle_files\02845e97bca05b6c6525234b16d07a34fdde286b.pkl,0
D:\08_Dataset\Internal\mar2020\pickle_files\f63b99e75d6c93a4689481bb20495465569ac4d2.pkl,0
D:\08_Dataset\Internal\mar2020\pickle_files\202a3e3c1826908221cff5156c70d524595bd8e4.pkl,0
D:\08_Dataset\Internal\mar2020\pickle_files\bd17f1fc92d75b02c5aa8f3bbacf41ba3f305656.pkl,0
D:\08_Dataset\Internal\mar2020\pickle_files\4b7fd3f66ddb92253dfaa67564e8db1c29a031de.pkl,0
D:\08_Dataset\Internal\mar2020\pickle_files\8b89c3003b9b1f328cfacae9b889e0c757c87dec.pkl,0
D:\08_Dataset\Internal\mar2020\pickle_files\8cac58909c4846c8b23d121758214a169b497e7f.pkl,0
D:\08_Dataset\Internal\mar2020\pickle_files\318ccd9e996e70ab317c54c36161fa4005bb686b.pkl,0
D:\08_Dataset\Internal\mar2020\pickle_files\5787090e3e0c51da2a62225726c8278694f8c703.pkl,0
D:\08_Dataset\Internal\mar2020\pickle_files\6fe8df79b3db1c0fb9226a5dbc46a4c30bbd1154.pkl,0
D:\08_Dataset\Internal\mar2020\pickle_files\3b6b5e62bbfb3267ceda891d3bf2e7a53d77669b.pkl,0
D:\08_Dataset\Internal\mar2020\pickle_files\3cf574a4c337ef0db73914af95daa08d573ca7b5.pkl,0
D:\08_Dataset\Internal\mar2020\pickle_files\07b74a4efceebabc235ce12d49ffbbe63d80ea66.pkl,0
D:\08_Dataset\Internal\mar2020\pickle_files\e61bb78d45f8b202b979d1e5abe7fdcf4f842600.pkl,0
D:\08_Dataset\Internal\mar2020\pickle_files\08e68ab421605977fc3cc479f3f1d059d60136e6.pkl,0
D:\08_Dataset\Internal\mar2020\pickle_files\f7a738de7cc46677396cc36b6d9b6b6c0506c20d.pkl,0
D:\08_Dataset\Internal\mar2020\pickle_files\b88675663bc99b7cebfa0e0edf655eeaa51725a8.pkl,0
D:\08_Dataset\Internal\mar2020\pickle_files\ba5458e505dde73f774a9fc8683e28c51c8d6e7b.pkl,0
D:\08_Dataset\Internal\mar2020\pickle_files\2e53a3e8735c539d61e6c4a393d9bc9c545e98b7.pkl,0
D:\08_Dataset\Internal\mar2020\pickle_files\fd9c13646d781beef2c882cd12e20c5058907041.pkl,0
D:\08_Dataset\Internal\mar2020\pickle_files\cefb8995517fe42ee3cdf6f15fa07dbf9a8f47ed.pkl,0
D:\08_Dataset\Internal\mar2020\pickle_files\e4c5a372905405614d3501436ebc6a6d66cda403.pkl,0
D:\08_Dataset\Internal\mar2020\pickle_files\e5ed54d6714212481bab468c38dba80f7c497753.pkl,0
D:\08_Dataset\Internal\mar2020\pickle_files\c74bed06a63865febf012c55b407721a02a9d5f4.pkl,0
D:\08_Dataset\Internal\mar2020\pickle_files\674d4eed203780988209032a7b6b427bedba02f8.pkl,0
D:\08_Dataset\Internal\mar2020\pickle_files\c76e485d3b606ac1aa9a9789655d91e3434ae582.pkl,0
D:\08_Dataset\Internal\mar2020\pickle_files\6e90fe9b8ab1c5efdd2307261acb6c673bfa6b4e.pkl,0
D:\08_Dataset\Internal\mar2020\pickle_files\f80d8f56ef13672afecff37c1e4e9ce9584798a8.pkl,0
D:\08_Dataset\Internal\mar2020\pickle_files\54d1780ab023da6e3a59f01d6d94aa1d3cf4baca.pkl,0
D:\08_Dataset\Internal\mar2020\pickle_files\62a2bca656fc30c09093f6f286b4b15cce3ec9a3.pkl,0
D:\08_Dataset\Internal\mar2020\pickle_files\297026b8b3d5e922c76b9ec15baa6b36f15605c8.pkl,0
D:\08_Dataset\Internal\mar2020\pickle_files\de30c45302a00414d8f12e19209eda5b27a215f7.pkl,0
D:\08_Dataset\Internal\mar2020\pickle_files\8357ba018231b1f93c4c7e68920df1cbc9b0aba8.pkl,0
D:\08_Dataset\Internal\mar2020\pickle_files\a81682c6563fc45fe22fb8b9c434a5b33488664d.pkl,0
D:\08_Dataset\Internal\mar2020\pickle_files\9ed725079cedbe68918f9fa3f4624330229337eb.pkl,0
D:\08_Dataset\Internal\mar2020\pickle_files\63df33e5f1163547b4dd91c740b13d98ff805a4e.pkl,0
D:\08_Dataset\Internal\mar2020\pickle_files\ad2fe1e7452a46314c57a6977f512c4ad1771d1a.pkl,0
D:\08_Dataset\Internal\mar2020\pickle_files\679a62965eaa88b863801d9651829eac9ad31541.pkl,0
D:\08_Dataset\Internal\mar2020\pickle_files\afd3785439987fc5c6476b2b52422b5d12306408.pkl,0
D:\08_Dataset\Internal\mar2020\pickle_files\c772d32fbfdce053e125a52c4a4416ee89624528.pkl,0
D:\08_Dataset\Internal\mar2020\pickle_files\63d8d43cff01486c10ca10f617214cf29609bacf.pkl,0
D:\08_Dataset\Internal\mar2020\pickle_files\35d498feaba9092db0e8fdbe3a02fcafa431bdde.pkl,0
D:\08_Dataset\Internal\mar2020\pickle_files\8224fdd1dba8463062db7a8b125ab1c2d0362f89.pkl,0
D:\08_Dataset\Internal\mar2020\pickle_files\77144a21f078b40509425fda7faa0f15e960074c.pkl,0
D:\08_Dataset\Internal\mar2020\pickle_files\fc39e6ae0cc9f8a71e3fb418f6f1fdc4364b9100.pkl,0
D:\08_Dataset\Internal\mar2020\pickle_files\f53aa8df272593cfa3b82e7efde8eb15f9081b46.pkl,0
D:\08_Dataset\Internal\mar2020\pickle_files\784730c4303ebac594e32c650005d868296cc5f8.pkl,0
D:\08_Dataset\Internal\mar2020\pickle_files\49d2cffc3aa753c812e210f80a75dba9552da0ce.pkl,0
D:\08_Dataset\Internal\mar2020\pickle_files\2e099f7b7b6842e0194682b3f91817bf1258165a.pkl,0
D:\08_Dataset\Internal\mar2020\pickle_files\a0754768bfd18a274775ae7a65e9e8b67b1755f5.pkl,0
D:\08_Dataset\Internal\mar2020\pickle_files\bcf7094b865eb2ddbda65c559b89bee86f1f67a3.pkl,0
D:\08_Dataset\Internal\mar2020\pickle_files\3543cc86b4d88661c543a92c17358eaaaffbb0c5.pkl,0
D:\08_Dataset\Internal\mar2020\pickle_files\7c807a3c4c932e4bd2ccb6b1f78c76a38a71501c.pkl,0
D:\08_Dataset\Internal\mar2020\pickle_files\b6af1ae5622d4f7107fe11ef4f388682415de320.pkl,0
D:\08_Dataset\Internal\mar2020\pickle_files\241a820bcbfa19b46dfc8f6510d8c348f066a767.pkl,0
D:\08_Dataset\Internal\mar2020\pickle_files\2bc820abf2a5dc4da4b910ae54e7329cf7ae4721.pkl,0
D:\08_Dataset\Internal\mar2020\pickle_files\84eccd083249e3e872e8a1836515c7139f820a6d.pkl,0
D:\08_Dataset\Internal\mar2020\pickle_files\058f99afc1ffd7ba1ea1f058260122fe782a3cd6.pkl,0
D:\08_Dataset\Internal\mar2020\pickle_files\1a4c100bdcc6aed2549ade4a7a12eeb03864ade9.pkl,0
D:\08_Dataset\Internal\mar2020\pickle_files\390a70c50d9722d2912ef6cbcc26bd517011e75a.pkl,0
D:\08_Dataset\Internal\mar2020\pickle_files\5d80a87efb16e4f5ed7733b9cb5a6bfc266e8a68.pkl,0
D:\08_Dataset\Internal\mar2020\pickle_files\423fa56adac787a51ef1308f77e0e558732094c8.pkl,0
D:\08_Dataset\Internal\mar2020\pickle_files\ac8d3ccefaf31bd7a9d884de33248d4bfe43da52.pkl,0
D:\08_Dataset\Internal\mar2020\pickle_files\a2af6390f5772f6ec6591cbdcd8aca7b00d5a7ad.pkl,0
D:\08_Dataset\Internal\mar2020\pickle_files\8180efd8c0f9395e6e2c8745297aed45f9be47f6.pkl,0
D:\08_Dataset\Internal\mar2020\pickle_files\2998aa0dacab4da17ef584d5f59f05aaf606a109.pkl,0
D:\08_Dataset\Internal\mar2020\pickle_files\6b344deea4dba0595345572f41bfb77e0c9b1e92.pkl,0
D:\08_Dataset\Internal\mar2020\pickle_files\8e5624f2c482ea902011ae9c54180177d5cce466.pkl,0
D:\08_Dataset\Internal\mar2020\pickle_files\42addb96f79902af917e355509562ab710dc9be8.pkl,0
D:\08_Dataset\Internal\mar2020\pickle_files\249d4acddce701c4f2650ad05a02a27e336b5b54.pkl,0
D:\08_Dataset\Internal\mar2020\pickle_files\3b85eaee13f7505c58f57e9a0a0c7ba47a63faa4.pkl,0
D:\08_Dataset\Internal\mar2020\pickle_files\2cacb3d8ec3973c00dc0cef8f63c83178255f794.pkl,0
D:\08_Dataset\Internal\mar2020\pickle_files\09e1e5af5614ad69fa86b2404a6e7eb5afe65cc4.pkl,0
D:\08_Dataset\Internal\mar2020\pickle_files\ad12015d4f1002013c18936effbc0fdeb7190666.pkl,0
D:\08_Dataset\Internal\mar2020\pickle_files\4f51d899084c731142f3a2945a729d63f3dcfc2b.pkl,0
D:\08_Dataset\Internal\mar2020\pickle_files\d18fb6e07248e83842420c34a87e588e1b72567c.pkl,0
D:\08_Dataset\Internal\mar2020\pickle_files\544a72bd04507dfede179440dcf1b72504c77323.pkl,0
D:\08_Dataset\Internal\mar2020\pickle_files\c2393b52a585b0836a312808b7a763697cff65de.pkl,0
D:\08_Dataset\Internal\mar2020\pickle_files\a5eb9e3b8be80b734379093e54489799718fae6f.pkl,0
D:\08_Dataset\Internal\mar2020\pickle_files\3b4dd8c43d76a2d64e783c591e2737a03899264e.pkl,0
D:\08_Dataset\Internal\mar2020\pickle_files\0f02afcf8ee96f89714b3a4034949d974ec3f68c.pkl,0
D:\08_Dataset\Internal\mar2020\pickle_files\7d1fb2199943490007ca6a4440249ba7e7d996b6.pkl,0
D:\08_Dataset\Internal\mar2020\pickle_files\b1d65892878d2dcbd7a01ba2184213f8c92024fc.pkl,0
D:\08_Dataset\Internal\mar2020\pickle_files\c090b828544dc36cc12fce21992b48aa73288b98.pkl,0
D:\08_Dataset\Internal\mar2020\pickle_files\6a095b828074bb59ddf11c6a8c02507378a40504.pkl,0
D:\08_Dataset\Internal\mar2020\pickle_files\161f2f66fe6419c56d7972ba180a9498f93662c3.pkl,0
D:\08_Dataset\Internal\mar2020\pickle_files\0caf2dee25174482bdd16b35548df6953c86f3a8.pkl,0
D:\08_Dataset\Internal\mar2020\pickle_files\9cfe65eb19b1047fd3d21eb2f1936a75b81a5ec5.pkl,0
D:\08_Dataset\Internal\mar2020\pickle_files\b1dfa5421ec035e197b0d989dcc4a1587db00fa0.pkl,0
D:\08_Dataset\Internal\mar2020\pickle_files\cc84f64c8d2c2ef831bcad06e9f8ea5aa518bcd7.pkl,0
D:\08_Dataset\Internal\mar2020\pickle_files\a47527bcd61be40307c2fb96cb8531070bdff294.pkl,0
D:\08_Dataset\Internal\mar2020\pickle_files\8a781472bc4adae73947053db5eb9ac555b44b46.pkl,0
D:\08_Dataset\Internal\mar2020\pickle_files\85c57b9c1d568d77915df37366f56efaa82719aa.pkl,0
D:\08_Dataset\Internal\mar2020\pickle_files\f6b83edaac2e049c1733fe64e7b46443c1c44fea.pkl,0
D:\08_Dataset\Internal\mar2020\pickle_files\b32666e34faed4b0acf1ffcfdcc284568ff61269.pkl,0
D:\08_Dataset\Internal\mar2020\pickle_files\7a4a9a1947b07448582ec236bada390017342707.pkl,0
D:\08_Dataset\Internal\mar2020\pickle_files\8e830af8cddacee01d44747352ab62418665248d.pkl,0
D:\08_Dataset\Internal\mar2020\pickle_files\42b1001ba170a1e75fb3d0f1ecffab336df30737.pkl,0
D:\08_Dataset\Internal\mar2020\pickle_files\9f23cf616b35872132230f98bb88816ba6cf849d.pkl,0
D:\08_Dataset\Internal\mar2020\pickle_files\abe7e34f4e87d48c0547117803047f22251d557d.pkl,0
D:\08_Dataset\Internal\mar2020\pickle_files\f190aba72c50f20326a7dd578441edffc3f7c764.pkl,0
D:\08_Dataset\Internal\mar2020\pickle_files\08b5b50b872ea50478ae613b0404274e7cb9f42a.pkl,0
D:\08_Dataset\Internal\mar2020\pickle_files\7ef26235812d9ab011824c3d51788047fddfe2cb.pkl,0
D:\08_Dataset\Internal\mar2020\pickle_files\d9f34f55b27597eaecb338ddbd8f78736f14cd46.pkl,0
D:\08_Dataset\Internal\mar2020\pickle_files\a8d0aaca7163c7be24719c50fc5cd95f1fcc1f06.pkl,0
D:\08_Dataset\Internal\mar2020\pickle_files\a58ecbb2beded8b67942a3d70abf71ca8d3e9f74.pkl,0
D:\08_Dataset\Internal\mar2020\pickle_files\84dac9e362a424ff917e6f7c70aa13f6bb6dfe5a.pkl,0
D:\08_Dataset\Internal\mar2020\pickle_files\a7383d6fe4a16fa4acedcf230dd04707c441a308.pkl,0
D:\08_Dataset\Internal\mar2020\pickle_files\e07e5dee9193b2049890a3c96ae6861bcd40a1cb.pkl,0
D:\08_Dataset\Internal\mar2020\pickle_files\dee8a369b574fd09f62111c67bda7e2016819042.pkl,0
D:\08_Dataset\Internal\mar2020\pickle_files\8695e4a9c175be90057f45d57f387939a0853e4d.pkl,0
D:\08_Dataset\Internal\mar2020\pickle_files\c3763215dac6daa215093832597da0434a64f8fc.pkl,0
D:\08_Dataset\Internal\mar2020\pickle_files\2b3cc855f7b60b506c35b1c9cbf59d5805b53a59.pkl,0
D:\08_Dataset\Internal\mar2020\pickle_files\f3be4464b69cdd66b2003d0eed5b246bd6c64c00.pkl,0
D:\08_Dataset\Internal\mar2020\pickle_files\4f827f65624cf6823e8735e955e5dae6d446957e.pkl,0
D:\08_Dataset\Internal\mar2020\pickle_files\97afdca479051c51f395cb392ffe77d7ae7421c9.pkl,0
D:\08_Dataset\Internal\mar2020\pickle_files\b78fbe60fdd0d09240a4bf11038159d17a8f5d4a.pkl,0
D:\08_Dataset\Internal\mar2020\pickle_files\45173ffafa4b90680a1d471b6705893be9448145.pkl,0
D:\08_Dataset\Internal\mar2020\pickle_files\e362409971b1ae30d2fb0599ab6f07095e037da1.pkl,0
D:\08_Dataset\Internal\mar2020\pickle_files\6f4264bf65cac3616ad9fc8f944032539cbf70f7.pkl,0
D:\08_Dataset\Internal\mar2020\pickle_files\ca2dae14aaf891ce5a8a2988bf03f27254f4205b.pkl,0
D:\08_Dataset\Internal\mar2020\pickle_files\a510fd46cef18fcc506fdf62e58eca7878dd41b5.pkl,0
D:\08_Dataset\Internal\mar2020\pickle_files\4cf48ef6552bfb57af0c2319a51f094fd2a4c242.pkl,0
D:\08_Dataset\Internal\mar2020\pickle_files\d5ee86ba03a03ef8c93d93accafe40461084c839.pkl,0
D:\08_Dataset\Internal\mar2020\pickle_files\2798e3af9d6e47b438c1c0fa4ddf5e31b18ad0f9.pkl,0
D:\08_Dataset\Internal\mar2020\pickle_files\8501a1070602ceabb8eb3633c731200af2945a59.pkl,0
D:\08_Dataset\Internal\mar2020\pickle_files\47b2ddd61e5f403b5e3716c3b4dec0b0bca4d554.pkl,0
D:\08_Dataset\Internal\mar2020\pickle_files\c8d70efd7171e90925aeb0d176ce4a7b88433151.pkl,0
D:\08_Dataset\Internal\mar2020\pickle_files\90f91c405af906625fedc52ac02df85c89b406ea.pkl,0
D:\08_Dataset\Internal\mar2020\pickle_files\6e0d6e53deb60a86f9143fb6a524f1ddcad83fba.pkl,0
D:\08_Dataset\Internal\mar2020\pickle_files\d826126cf26ca0c5c45d49ecfb11a5ba3b9de7b9.pkl,0
D:\08_Dataset\Internal\mar2020\pickle_files\2f1113395ca0491080d1092c3636cda6cf711998.pkl,0
D:\08_Dataset\Internal\mar2020\pickle_files\835a7702544b289cc483c2b0a2cc58b377ec07f3.pkl,0
D:\08_Dataset\Internal\mar2020\pickle_files\d8291c58179e9e332363af540ebc53fc7177a95a.pkl,0
D:\08_Dataset\Internal\mar2020\pickle_files\d1105bed3f49efdf09dea6d8ec9329791a4aa29d.pkl,0
D:\08_Dataset\Internal\mar2020\pickle_files\3845e3e3bfcd0917684b162354cdb28fcc9478fc.pkl,0
D:\08_Dataset\Internal\mar2020\pickle_files\1cee3fa8419bdf4cbc266461277e3fdd9b93de25.pkl,0
D:\08_Dataset\Internal\mar2020\pickle_files\e2165899f8f335f5524e9dfcd4bad91dc3b01681.pkl,0
D:\08_Dataset\Internal\mar2020\pickle_files\485c3e7e87c1a32dd56c5a056d9417abd03cd358.pkl,0
D:\08_Dataset\Internal\mar2020\pickle_files\9ba995c61d6f9e6e7d85d00c9586163db55fdbfa.pkl,0
D:\08_Dataset\Internal\mar2020\pickle_files\212aaea83ed4b32241e2a56c1f7d3825e906c7d7.pkl,0
D:\08_Dataset\Internal\mar2020\pickle_files\a78f484574fbd90529e52f3abf1c6043cb77e844.pkl,0
D:\08_Dataset\Internal\mar2020\pickle_files\ff5811a8811684f95f31d4eebc3c7fd7421b6088.pkl,0
D:\08_Dataset\Internal\mar2020\pickle_files\7874bd33f6c0b59c2e1248bf806698f8d456a498.pkl,0
D:\08_Dataset\Internal\mar2020\pickle_files\0a0fb46580d878e4ab0ba39c6370280eb774b4bf.pkl,0
D:\08_Dataset\Internal\mar2020\pickle_files\be7a5440f6892bdbc05e4bbd60fbc6c0f1896336.pkl,0
D:\08_Dataset\Internal\mar2020\pickle_files\1969eafbe38edaa87df37151dcf07f7f2440239d.pkl,0
D:\08_Dataset\Internal\mar2020\pickle_files\06e3a8f3e7c16a66818099adb78a7caaaf2f3edb.pkl,0
D:\08_Dataset\Internal\mar2020\pickle_files\6c37fefcfcfafabf8e7d1b425e76103f13f0489e.pkl,0
D:\08_Dataset\Internal\mar2020\pickle_files\ac61554f3f2044dbe7d10605d17990c8c36b3281.pkl,0
D:\08_Dataset\Internal\mar2020\pickle_files\e581dd84169b1b81579b09d716765b16d99a966c.pkl,0
D:\08_Dataset\Internal\mar2020\pickle_files\c19969b75d86bee4e6d71f6373248e794c1cf8c9.pkl,0
D:\08_Dataset\Internal\mar2020\pickle_files\2c92b4391405d8ec81a14457940cabac1facb413.pkl,0
D:\08_Dataset\Internal\mar2020\pickle_files\5d75e3e9e96ec53b0196f04162734a8fa6ffa3ee.pkl,0
D:\08_Dataset\Internal\mar2020\pickle_files\4a471184c0da046b77fc0370a62a6d85deb06d35.pkl,0
D:\08_Dataset\Internal\mar2020\pickle_files\534a240227090bcd93d4ecf3f934942fe34bb635.pkl,0
D:\08_Dataset\Internal\mar2020\pickle_files\d421de0a75bd5a5577063227fab099cf63d3005b.pkl,0
D:\08_Dataset\Internal\mar2020\pickle_files\32370eb1634d6186b575a54bc8867e8610f16269.pkl,0
D:\08_Dataset\Internal\mar2020\pickle_files\833f1e9b4680a5287aef57253d872637e616263e.pkl,0
D:\08_Dataset\Internal\mar2020\pickle_files\04a637d8e1726ef36a8b69cebf16a4482b42a391.pkl,0
D:\08_Dataset\Internal\mar2020\pickle_files\e893004ae768c40f218640d01be9cfa03ca7e7d7.pkl,0
D:\08_Dataset\Internal\mar2020\pickle_files\d072c0e8e8c95de4f02eed48a7ba88277175ae98.pkl,0
D:\08_Dataset\Internal\mar2020\pickle_files\6da5528133975a9c4873e05669d47af9b377c9a4.pkl,0
D:\08_Dataset\Internal\mar2020\pickle_files\f718d53046f74e58c7f0138ee71e026007d0acc9.pkl,0
D:\08_Dataset\Internal\mar2020\pickle_files\24af3a0abf495bd27fe876a93fe97a57d43c5585.pkl,0
D:\08_Dataset\Internal\mar2020\pickle_files\5ad94bd88fb064108a02767360fb66b2bc047b7b.pkl,0
D:\08_Dataset\Internal\mar2020\pickle_files\2c6742e4d64c3633da9761576b7fe1f528c1096e.pkl,0
D:\08_Dataset\Internal\mar2020\pickle_files\31e855c2fbd8f69b0cc149696e3fd9ca887a30c4.pkl,0
D:\08_Dataset\Internal\mar2020\pickle_files\999a327744b0ec21e01644bb67feff9cc65385c7.pkl,0
D:\08_Dataset\Internal\mar2020\pickle_files\a93505eff89a505588662a110ecaf2308c78d574.pkl,0
D:\08_Dataset\Internal\mar2020\pickle_files\4d43ea73edb53175bd9f91a3e49f9d32d88c8eff.pkl,0
D:\08_Dataset\Internal\mar2020\pickle_files\92ebaa8b7a2bf56264c2bcea470b42d9523dc6b3.pkl,0
D:\08_Dataset\Internal\mar2020\pickle_files\0bfee4c5733f5b919d091ec1fd80c051f100a0d9.pkl,0
D:\08_Dataset\Internal\mar2020\pickle_files\b7d065f513f4fb48d4ec12061495e1fe4af08544.pkl,0
D:\08_Dataset\Internal\mar2020\pickle_files\117f22ce39a28f677b53c9b852165bf402812bb3.pkl,0
D:\08_Dataset\Internal\mar2020\pickle_files\b3dbe69b3e17fea095a06156b953420a9a12f6f9.pkl,0
D:\08_Dataset\Internal\mar2020\pickle_files\fe2e96e51302c28ee3dd9ee13a804de80f338548.pkl,0
D:\08_Dataset\Internal\mar2020\pickle_files\d84c1bc2e8c9afce9fb79916df9bca169f93a936.pkl,0
D:\08_Dataset\Internal\mar2020\pickle_files\43f41b9df5d640c709b7f2a53df13f66a163fb67.pkl,0
D:\08_Dataset\Internal\mar2020\pickle_files\ed5ec55dbc6b3bda505f0a4c699c257c90c02020.pkl,0
D:\08_Dataset\Internal\mar2020\pickle_files\4dd580df2e4ef972bdb6e81341ab2522b5651e8c.pkl,0
D:\08_Dataset\Internal\mar2020\pickle_files\bdc4fc6232b9a93d5d1431829cb46268755ed5f7.pkl,0
D:\08_Dataset\Internal\mar2020\pickle_files\3421124253058dc21453ebac531b67aeb999f627.pkl,0
D:\08_Dataset\Internal\mar2020\pickle_files\adc57d0b7822f2768da7544a076ffacf3e6cb09d.pkl,0
D:\08_Dataset\Internal\mar2020\pickle_files\29845e10f210fe4e83bb4a46b24d292e761b2629.pkl,0
D:\08_Dataset\Internal\mar2020\pickle_files\bb503ba3c35c7160aae4cb1b30565a98867d4425.pkl,0
D:\08_Dataset\Internal\mar2020\pickle_files\954e1d0412a78a8aeed1a3882afad2e140965bfa.pkl,0
D:\08_Dataset\Internal\mar2020\pickle_files\c45154ba0b66cb97ee090a6a9d5ace52e8cfcb01.pkl,0
D:\08_Dataset\Internal\mar2020\pickle_files\6245ade3aa35e68265a6767371d9f970e8af90b9.pkl,0
D:\08_Dataset\Internal\mar2020\pickle_files\3e28885695a64909883ca90e04491334d92734e0.pkl,0
D:\08_Dataset\Internal\mar2020\pickle_files\c496bfb80ad1ecb49f215e1d51de0fb23c6f2296.pkl,0
D:\08_Dataset\Internal\mar2020\pickle_files\1b405223effb5fbd92dcf302eb1358acffab41fa.pkl,0
D:\08_Dataset\Internal\mar2020\pickle_files\528a5bda59185b73c927025e294ddbd372c9ff49.pkl,0
D:\08_Dataset\Internal\mar2020\pickle_files\dd0f1bd9084d6f410c1187b879cbc732e255f53b.pkl,0
D:\08_Dataset\Internal\mar2020\pickle_files\9daf0318096a459a4e9c483969dee5d7f611e236.pkl,0
D:\08_Dataset\Internal\mar2020\pickle_files\506467cbd6f2215789df1d445f3d29653ee5a13c.pkl,0
D:\08_Dataset\Internal\mar2020\pickle_files\7dffc4907022b88ee65a1c4ad6cad768067012c7.pkl,0
D:\08_Dataset\Internal\mar2020\pickle_files\ddfbc2af1e5827a68b4e9f166e02c8f3228308e3.pkl,0
D:\08_Dataset\Internal\mar2020\pickle_files\a3da56b62d530d78b70375164a2a50ed4ad1765c.pkl,0
D:\08_Dataset\Internal\mar2020\pickle_files\e4c55851bdd4c8ac1ed0f6135180899cdbe2007e.pkl,0
D:\08_Dataset\Internal\mar2020\pickle_files\52bd4d66f142965c6309228c2fcb7959f0403f48.pkl,0
D:\08_Dataset\Internal\mar2020\pickle_files\5d4e6d6aa1cdcecfb9ef91438ba2af03e227e4b9.pkl,0
D:\08_Dataset\Internal\mar2020\pickle_files\6352f312b0fd5ab4f50250778cefb49fae2febfd.pkl,0
D:\08_Dataset\Internal\mar2020\pickle_files\8541be5e9ed8dd399082e527aab37fa55f588180.pkl,0
D:\08_Dataset\Internal\mar2020\pickle_files\7cabb656e22e41cb52f32087210550cc3ce4c246.pkl,0
D:\08_Dataset\Internal\mar2020\pickle_files\78cd1be2485144e23fe21f43a423356eb568e089.pkl,0
D:\08_Dataset\Internal\mar2020\pickle_files\99f08e6bebbaff16722642eaf5347d793b1c84e7.pkl,0
D:\08_Dataset\Internal\mar2020\pickle_files\857a2bffb6a2ab6944c9c8851b66ec21cd6ac8e0.pkl,0
D:\08_Dataset\Internal\mar2020\pickle_files\302cc37ef60cc83d4ffaa4ec188aff7511f125bc.pkl,0
D:\08_Dataset\Internal\mar2020\pickle_files\03a8923887eef5a792858ee36f6f48e9a37b4478.pkl,0
D:\08_Dataset\Internal\mar2020\pickle_files\2de68282f8eafc4c625eb4d447db68bb2c01d05b.pkl,0
D:\08_Dataset\Internal\mar2020\pickle_files\af3f29f8ac2bf79976dc27397f21ea1bf41ce9ee.pkl,0
D:\08_Dataset\Internal\mar2020\pickle_files\1798bb1290ba2c44f0a349179ab58bbf0d1aae99.pkl,0
D:\08_Dataset\Internal\mar2020\pickle_files\43079c210c90b5dc1b6eb1872f956397e66c23a9.pkl,0
D:\08_Dataset\Internal\mar2020\pickle_files\49090d29803897ae7a5e4b64b3d5e1a1b692da28.pkl,0
D:\08_Dataset\Internal\mar2020\pickle_files\00ae2c01a2a4b1966a036b14e0eeee4ba02c5f43.pkl,0
D:\08_Dataset\Internal\mar2020\pickle_files\062b189fa01f8f52418c5b3f7d40198a6e537a50.pkl,0
D:\08_Dataset\Internal\mar2020\pickle_files\617c1156836f51510c71e8acb527609895e9b0af.pkl,0
D:\08_Dataset\Internal\mar2020\pickle_files\72716de4da79881791d3140d38c0df90d38ce5c5.pkl,0
D:\08_Dataset\Internal\mar2020\pickle_files\f193e90325cee9b1d9b4651c3770f5cc56c7348a.pkl,0
D:\08_Dataset\Internal\mar2020\pickle_files\fb089183ced076a75bc0ec2798c18e5d9889c2a9.pkl,0
D:\08_Dataset\Internal\mar2020\pickle_files\7870ef757b2f4079dd10d420a0b9c9b7da85fc59.pkl,0
D:\08_Dataset\Internal\mar2020\pickle_files\6d065e68bc5d1e6c49a4c9cfe025e56bada895be.pkl,0
D:\08_Dataset\Internal\mar2020\pickle_files\e8c35745c7ff45c6d44e34c523e69c1e9867ca65.pkl,0
D:\08_Dataset\Internal\mar2020\pickle_files\5e7cb9e15a469cc0261dbb5a4b75727d0e019f77.pkl,0
D:\08_Dataset\Internal\mar2020\pickle_files\31d073befc28a0f8c39737a954b6e48e42552b76.pkl,0
D:\08_Dataset\Internal\mar2020\pickle_files\fba68f4bb4a1fd5d46b7165c243250b2393c8fbe.pkl,0
D:\08_Dataset\Internal\mar2020\pickle_files\82fc7d07f5b8ee37cfbb310b7bdb80c3a89bfc21.pkl,0
D:\08_Dataset\Internal\mar2020\pickle_files\5422811cbe0b6a44a0f189e938453e7dbce60161.pkl,0
D:\08_Dataset\Internal\mar2020\pickle_files\22b66dd5b7f1241b8083523187604fa516d10c1b.pkl,0
D:\08_Dataset\Internal\mar2020\pickle_files\45ba46c1565964176ffea9ee6646bad08d490b7a.pkl,0
D:\08_Dataset\Internal\mar2020\pickle_files\549dbf03dcbe1a314c4bfebe25e7e6ae107a9935.pkl,0
D:\08_Dataset\Internal\mar2020\pickle_files\1b4a0bf7d2be3a47d794abc415177d4e4907b328.pkl,0
D:\08_Dataset\Internal\mar2020\pickle_files\dbf28e9650b3b3b59e0b8830c0f039b205a2d5e8.pkl,0
D:\08_Dataset\Internal\mar2020\pickle_files\fbe8dd52b6feb9b20f9391b2f13dcd8b7b5bdfd6.pkl,0
D:\08_Dataset\Internal\mar2020\pickle_files\168c27aa0bfd62722d47c947d872d2d3ecf05795.pkl,0
D:\08_Dataset\Internal\mar2020\pickle_files\6427b3fe5062c890f2f1962abd87fde8af05fa23.pkl,0
D:\08_Dataset\Internal\mar2020\pickle_files\289d253f44f6591451fc2a169c5dfec1a7bb91d9.pkl,0
D:\08_Dataset\Internal\mar2020\pickle_files\44c2098e8bdd9e3f3a46da980bf4f0e4964bca71.pkl,0
D:\08_Dataset\Internal\mar2020\pickle_files\5cfbb682fff69df3122b067c0fdf7998b912ae38.pkl,0
D:\08_Dataset\Internal\mar2020\pickle_files\f4d49b736b323d5cf097f7e156242fa36ac680dd.pkl,0
D:\08_Dataset\Internal\mar2020\pickle_files\8452df33c587e36a903ecfe3f0ba8619dbbcad94.pkl,0
D:\08_Dataset\Internal\mar2020\pickle_files\3e3b9d6d4cb6ae034ab7ab7832955984e4332865.pkl,0
D:\08_Dataset\Internal\mar2020\pickle_files\741b49b25846fe24995dfa3942eb3d6869faba16.pkl,0
D:\08_Dataset\Internal\mar2020\pickle_files\c6a31e6f7c24c9c72811c35765427c4611cc2c12.pkl,0
D:\08_Dataset\Internal\mar2020\pickle_files\d2930f29739de5f4fdf2f9909794ac5d3559e919.pkl,0
D:\08_Dataset\Internal\mar2020\pickle_files\c7fba720f81fa1f5d38c3e87d6e86ba0c594dcad.pkl,0
D:\08_Dataset\Internal\mar2020\pickle_files\8f365b9c58b33203c472963660736cf1f5e299b2.pkl,0
D:\08_Dataset\Internal\mar2020\pickle_files\6e2601d41c0674e1631656659b39e654c631986d.pkl,0
D:\08_Dataset\Internal\mar2020\pickle_files\b07f6f08a30c7e6fa50864a9f74d4b1dc3374489.pkl,0
D:\08_Dataset\Internal\mar2020\pickle_files\4368b3118a9624cf4e20476012398252e84d7ae8.pkl,0
D:\08_Dataset\Internal\mar2020\pickle_files\e273b526f58e0d1dc3ad7d749f31c91299ecaa91.pkl,0
D:\08_Dataset\Internal\mar2020\pickle_files\2bb8f7089b4d369e6b18b5209341841419f8427e.pkl,0
D:\08_Dataset\Internal\mar2020\pickle_files\57d4ddd4385e9240fe3f7af7b7b577c994c48069.pkl,0
D:\08_Dataset\Internal\mar2020\pickle_files\d1354fd0ef48dc9a1abe0b7712b4dc70ebbf2d48.pkl,0
D:\08_Dataset\Internal\mar2020\pickle_files\70130bd313d96146f3166e62b4a617174ef0f778.pkl,0
D:\08_Dataset\Internal\mar2020\pickle_files\c01611887ff99cc4ceb7a50ef906f893524ede28.pkl,0
D:\08_Dataset\Internal\mar2020\pickle_files\f503c93fdca903cccecaf3bea0570d0e31b87a3b.pkl,0
D:\08_Dataset\Internal\mar2020\pickle_files\2ea0b3e6ddf466e7b8b2821a8eb4dab1a1e0b02d.pkl,0
D:\08_Dataset\Internal\mar2020\pickle_files\5ba4ba6df5d9b9640df1c4543224a95a75da010a.pkl,0
D:\08_Dataset\Internal\mar2020\pickle_files\c535225e9f28de865008c31713aed8b4c10ce608.pkl,0
D:\08_Dataset\Internal\mar2020\pickle_files\9bbd7da69496805aa84dffd1b9f3520b2212d48b.pkl,0
D:\08_Dataset\Internal\mar2020\pickle_files\a1768056a4a350e222054cacea4918ddff1ffacb.pkl,0
D:\08_Dataset\Internal\mar2020\pickle_files\65b1365402c9ab4233752374fd58d8a4125a5a0b.pkl,0
D:\08_Dataset\Internal\mar2020\pickle_files\b2353751f7aafb69be9fa7ee7a17e6377237546a.pkl,0
D:\08_Dataset\Internal\mar2020\pickle_files\cca747e202ea10a1353fe11aa0a1d6646f0b59f4.pkl,0
D:\08_Dataset\Internal\mar2020\pickle_files\cccb832bbeff3b731dc444f421484a39120dca81.pkl,0
D:\08_Dataset\Internal\mar2020\pickle_files\0b9d2f0c57074e5994081bbafd779fe520e0f6bf.pkl,0
D:\08_Dataset\Internal\mar2020\pickle_files\3670bb04075e11066653df418e807f58567b450a.pkl,0
D:\08_Dataset\Internal\mar2020\pickle_files\d0f3ed674b892bd517150efd875049c08c0e942c.pkl,0
D:\08_Dataset\Internal\mar2020\pickle_files\82793b81c160a1110192bb609814e45279bfe6bc.pkl,0
D:\08_Dataset\Internal\mar2020\pickle_files\aee4bdd74baa1325cc924125571ebe4a3ba9fffa.pkl,0
D:\08_Dataset\Internal\mar2020\pickle_files\c9553a197553075be1db46774fcfefde0cffdd52.pkl,0
D:\08_Dataset\Internal\mar2020\pickle_files\3e89b8cfa71fd56197ef580637a07ab35fb569c0.pkl,0
D:\08_Dataset\Internal\mar2020\pickle_files\62c5d3469b610c8cf46868663b9499efc672c9e7.pkl,0
D:\08_Dataset\Internal\mar2020\pickle_files\0e8c4b60947070e29de9b9732b29074d5c4263e0.pkl,0
D:\08_Dataset\Internal\mar2020\pickle_files\61f3cc434dceeac586f2ee90c46cfafe32d00823.pkl,0
D:\08_Dataset\Internal\mar2020\pickle_files\499ff8ef4af54166976a4f15f677014226de740e.pkl,0
D:\08_Dataset\Internal\mar2020\pickle_files\433890f1af5d22776dd1d3b77057e85661c7b485.pkl,0
D:\08_Dataset\Internal\mar2020\pickle_files\37a88c78483b984279d3ff08245ed3cef5c8c118.pkl,0
D:\08_Dataset\Internal\mar2020\pickle_files\b52fd52b0f625a7c58ce6bf3c648fbad077d963a.pkl,0
D:\08_Dataset\Internal\mar2020\pickle_files\abcdb11454ec0b5913e0da755b3251b434b7bdcb.pkl,0
D:\08_Dataset\Internal\mar2020\pickle_files\ee3952b423fc1cd1bc383dbeac49678844d69f25.pkl,0
D:\08_Dataset\Internal\mar2020\pickle_files\f96b8304ef4f3fd601d858976395d0299c869a9e.pkl,0
D:\08_Dataset\Internal\mar2020\pickle_files\8450dc7ffe81ece3bc7a33093dc8ba1c9f25f5e8.pkl,0
D:\08_Dataset\Internal\mar2020\pickle_files\01d2d6be89b9a802ac32b1a4ebe12bb04d158d44.pkl,0
D:\08_Dataset\Internal\mar2020\pickle_files\0d596e2ce1b2c3d7fbfaf88fddd52efd74c339da.pkl,0
D:\08_Dataset\Internal\mar2020\pickle_files\b836ba2f9683bb07b805b09c075e5680afec9e19.pkl,0
D:\08_Dataset\Internal\mar2020\pickle_files\07dd13a8d39f0b6128d71dcc6dd82f3a64421b62.pkl,0
D:\08_Dataset\Internal\mar2020\pickle_files\b64fed9d050a85897e38cfbd6f52c005c0baece1.pkl,0
D:\08_Dataset\Internal\mar2020\pickle_files\f7dea7e6623f6c35e74596f0f34f071ad699b1da.pkl,0
D:\08_Dataset\Internal\mar2020\pickle_files\cc048cc7c1d29e0690003bb0c8fdfb74a7e7c30b.pkl,0
D:\08_Dataset\Internal\mar2020\pickle_files\bb5c11ac4f9d698f71dd48b00b4ebd07b739ca74.pkl,0
D:\08_Dataset\Internal\mar2020\pickle_files\6bd02f44738719278fbc62422518fd260788d316.pkl,0
D:\08_Dataset\Internal\mar2020\pickle_files\931e34cffb7300b045a6325f74ce54bfd0b27278.pkl,0
D:\08_Dataset\Internal\mar2020\pickle_files\e70c18942ad77349fe0f5d9e26b09d5e657e0efe.pkl,0
D:\08_Dataset\Internal\mar2020\pickle_files\adf8c342fee421866d04e9c4a23bd134b188684b.pkl,0
D:\08_Dataset\Internal\mar2020\pickle_files\5b1b42ddd934723d1f290645dbb4539367064a20.pkl,0
D:\08_Dataset\Internal\mar2020\pickle_files\0a32576644032a0f9f1b099eca6714c9939831f5.pkl,0
D:\08_Dataset\Internal\mar2020\pickle_files\e91605754d29a13d465f032af3893a0f3c84c4a8.pkl,0
D:\08_Dataset\Internal\mar2020\pickle_files\8f24855977a93331459608d8f3cab7f3661d68e9.pkl,0
D:\08_Dataset\Internal\mar2020\pickle_files\5e420ebb433b6467c8679aef0a3d89cc0cf95af4.pkl,0
D:\08_Dataset\Internal\mar2020\pickle_files\ae840fd6b81ef8423c74fdcb05bbc664c32cab45.pkl,0
D:\08_Dataset\Internal\mar2020\pickle_files\f8c40516ec262172daff1cedae736dedf398ff1c.pkl,0
D:\08_Dataset\Internal\mar2020\pickle_files\3c9ada09b943097dc2c7a4a7167e255c00c7186c.pkl,0
D:\08_Dataset\Internal\mar2020\pickle_files\0304ddeda0a953e7a9b25b0da6692cd8f0abaff8.pkl,0
D:\08_Dataset\Internal\mar2020\pickle_files\15c5dd9ab648fee5490d43324951fd3a9e438340.pkl,0
D:\08_Dataset\Internal\mar2020\pickle_files\5bcdf9b172e64474d0d97fda32c3e9d325078af3.pkl,0
D:\08_Dataset\Internal\mar2020\pickle_files\9b4409521739fcae1a65fafb683ae50076493796.pkl,0
D:\08_Dataset\Internal\mar2020\pickle_files\a214fbefb0074d4c72d47924ee4e6b11b953de23.pkl,0
D:\08_Dataset\Internal\mar2020\pickle_files\54b1e703124bd214177dab94f0bdbb49dfd43ab7.pkl,0
D:\08_Dataset\Internal\mar2020\pickle_files\61a4ed0bd049860763d1c92ed8778dabcacecfb5.pkl,0
D:\08_Dataset\Internal\mar2020\pickle_files\9b57bf309b3d39dbee14e2139e97bbf179316dcb.pkl,0
D:\08_Dataset\Internal\mar2020\pickle_files\f19e939a52525f4bf96daae1faff5322f2222b90.pkl,0
D:\08_Dataset\Internal\mar2020\pickle_files\bc457ca952ee755361e262d74b6c6ce39a01dde9.pkl,0
D:\08_Dataset\Internal\mar2020\pickle_files\7fb68e369cf472b92d6a42adfb7362dcbaf7cbdd.pkl,0
D:\08_Dataset\Internal\mar2020\pickle_files\181c2bbec840c62a484b301b7696e6919b751967.pkl,0
D:\08_Dataset\Internal\mar2020\pickle_files\e1977baf192ed68fa8a0e5231887e9cafebc9295.pkl,0
D:\08_Dataset\Internal\mar2020\pickle_files\fbcfd4459dbec8bd5698cefbcb7cc6bd5ee8796c.pkl,0
D:\08_Dataset\Internal\mar2020\pickle_files\8d528de2bf90214c47c277ee6a59fdd4dc94068a.pkl,0
D:\08_Dataset\Internal\mar2020\pickle_files\0698ca0281b3b3639c0cb6fda324dd3e2fd1659d.pkl,0
D:\08_Dataset\Internal\mar2020\pickle_files\48731e34c86d66e24521302df8667ada2f9c3ca0.pkl,0
D:\08_Dataset\Internal\mar2020\pickle_files\70dc818723ab93283ca57130f2f5e4551d0d0d07.pkl,0
D:\08_Dataset\Internal\mar2020\pickle_files\ced6c747906adff4fc09eaecd01324597b4cc0c9.pkl,0
D:\08_Dataset\Internal\mar2020\pickle_files\e0cd074a4365ebd35c8ceba00c584f6f81e89278.pkl,0
D:\08_Dataset\Internal\mar2020\pickle_files\51aa588c9ba96c6edd2826ef02275a723d129e3a.pkl,0
D:\08_Dataset\Internal\mar2020\pickle_files\4eb7f0d57c851d04d0610c0f19252e076bdb83e9.pkl,0
D:\08_Dataset\Internal\mar2020\pickle_files\792f495c293b379f8c518a9f42345e9bfca71033.pkl,0
D:\08_Dataset\Internal\mar2020\pickle_files\a2a3610e194df50ecdf86b3875d811f9705a2c4f.pkl,0
D:\08_Dataset\Internal\mar2020\pickle_files\8a090ddf8132242344817ae24648f86be35f58b8.pkl,0
D:\08_Dataset\Internal\mar2020\pickle_files\d63f5e428d9231e497324325ad49bb0790c6ce6a.pkl,0
D:\08_Dataset\Internal\mar2020\pickle_files\b49f1628c7664a9b43c731a0ef5e6411b37d5676.pkl,0
D:\08_Dataset\Internal\mar2020\pickle_files\e805e09f2519f83d7f1a1d76316b44b4b556e434.pkl,0
D:\08_Dataset\Internal\mar2020\pickle_files\a51287c644a6794066c7326dfa367d1a5efb1ee4.pkl,0
D:\08_Dataset\Internal\mar2020\pickle_files\dd44481fca7505ee357a4ba1fc890d5f13e62da9.pkl,0
D:\08_Dataset\Internal\mar2020\pickle_files\c8169dbe4c3e96286b4fbce9c6a21273a99daaa9.pkl,0
D:\08_Dataset\Internal\mar2020\pickle_files\5f249190d3258ac391f983369db4b27ece8798ba.pkl,0
D:\08_Dataset\Internal\mar2020\pickle_files\e5c722d21302316d503d619659e2c72dc527832f.pkl,0
D:\08_Dataset\Internal\mar2020\pickle_files\779df40edb75ad9f8e478f562e2e09e2cd331b45.pkl,0
D:\08_Dataset\Internal\mar2020\pickle_files\8be398659a300b11f03e58341324c39aa83c2e29.pkl,0
D:\08_Dataset\Internal\mar2020\pickle_files\2ca973d8c27a4777372cdcf50040115f1a58e304.pkl,0
D:\08_Dataset\Internal\mar2020\pickle_files\2a3f863ebf4a3c9644a9b4be8eaac793d7bf0993.pkl,0
D:\08_Dataset\Internal\mar2020\pickle_files\75756ae8c5af93e96837c7f5c0e44878e43791eb.pkl,0
D:\08_Dataset\Internal\mar2020\pickle_files\9004761efdad8d19c4bb619c9ae032856a7cfd1b.pkl,0
D:\08_Dataset\Internal\mar2020\pickle_files\49e334e5b9342a86cbadeb1287921437cb8a1a55.pkl,0
D:\08_Dataset\Internal\mar2020\pickle_files\24f978ccbbd589d0ad03400bfc42999b22cf6b7f.pkl,0
D:\08_Dataset\Internal\mar2020\pickle_files\2bc1f30d6a147c91510a2a11f5823f33a34b989c.pkl,0
D:\08_Dataset\Internal\mar2020\pickle_files\683b9eeab7d626b1dced3e48c3dfa1ceeddaf315.pkl,0
D:\08_Dataset\Internal\mar2020\pickle_files\97b242961509ee67a60b4ba149449e614ef355b7.pkl,0
D:\08_Dataset\Internal\mar2020\pickle_files\3a8b6aa60dcbf31a322f63a1f4bda0c4158742aa.pkl,0
D:\08_Dataset\Internal\mar2020\pickle_files\9711f4f1d3334e32bb627b9dfb5b0c4f44d4341d.pkl,0
D:\08_Dataset\Internal\mar2020\pickle_files\a966b28912b0825f6b4e04f19712ffd589f02211.pkl,0
D:\08_Dataset\Internal\mar2020\pickle_files\2b34a93dea8b6661f42eaf5c54c12206e609249c.pkl,0
D:\08_Dataset\Internal\mar2020\pickle_files\f7f34c5298e3f250170518dc4997b856f41a675e.pkl,0
D:\08_Dataset\Internal\mar2020\pickle_files\15a20011b9276590b179c8bdbaa785336cc939d7.pkl,0
D:\08_Dataset\Internal\mar2020\pickle_files\9f81bb71412a6e251d963c3a1fbef145fbb30b0e.pkl,0
D:\08_Dataset\Internal\mar2020\pickle_files\0322433e04a1d193389de608f472adb112998276.pkl,0
D:\08_Dataset\Internal\mar2020\pickle_files\269ea4b6e2f33796e29d63365f548b1579a475b7.pkl,0
D:\08_Dataset\Internal\mar2020\pickle_files\0b79bd1a1dc9fdf7f2b293e9a7998670d3f7ab77.pkl,0
D:\08_Dataset\Internal\mar2020\pickle_files\e9b5c9aa42a9cf33e7398ae7fdd3e955534fedbc.pkl,0
D:\08_Dataset\Internal\mar2020\pickle_files\d1e258b20e4768f40fe7eea3280eacf90d423311.pkl,0
D:\08_Dataset\Internal\mar2020\pickle_files\ea5c90d1b8535b267c1e4adda8df849bed5d5660.pkl,0
D:\08_Dataset\Internal\mar2020\pickle_files\36199265a37d6dd0ad8b0e7f77b46244e4feae3c.pkl,0
D:\08_Dataset\Internal\mar2020\pickle_files\11975589308bb4587cc3f10c0a69e5219b44a5fb.pkl,0
D:\08_Dataset\Internal\mar2020\pickle_files\8bea896f8700548f5cb4a597f7162999ab1901e1.pkl,0
D:\08_Dataset\Internal\mar2020\pickle_files\857d73174167608a2620411ab8c5aba4fa994cfa.pkl,0
D:\08_Dataset\Internal\mar2020\pickle_files\708622605e925cad0089dea8b08696ddd22d98f7.pkl,0
D:\08_Dataset\Internal\mar2020\pickle_files\2fbc2974a6184d68045893dbf2b2928486c0039e.pkl,0
D:\08_Dataset\Internal\mar2020\pickle_files\03f99b7437f7e8d2641462422105e87b56f14f5d.pkl,0
D:\08_Dataset\Internal\mar2020\pickle_files\0eee6b7887c5918bf8e1c2f137ae4a1eac57b4bc.pkl,0
D:\08_Dataset\Internal\mar2020\pickle_files\a0f89c3338f59b893ea040f84af292263f2307b6.pkl,0
D:\08_Dataset\Internal\mar2020\pickle_files\1ef58e9e56ec5ce4392f991e8a0cf2d9944ecc90.pkl,0
D:\08_Dataset\Internal\mar2020\pickle_files\a4d43350c1ad26df122f7b56543242b1830ec44c.pkl,0
D:\08_Dataset\Internal\mar2020\pickle_files\60b03db0de2d367da80c793a22b3621d6a6fa7f9.pkl,0
D:\08_Dataset\Internal\mar2020\pickle_files\09a45ae04ff49cf0188ca6fbcc7ecb2f1213ca18.pkl,0
D:\08_Dataset\Internal\mar2020\pickle_files\7f82bb732ef4028510a20854677dcaf54b5476e6.pkl,0
D:\08_Dataset\Internal\mar2020\pickle_files\211daf022b9859d80fc9462ee0c95c42ab4d62f6.pkl,0
D:\08_Dataset\Internal\mar2020\pickle_files\11d975884639e123a60c3c36e3f0b31056bad55e.pkl,0
D:\08_Dataset\Internal\mar2020\pickle_files\8897ef751ab9582496cc2265a6defedd3aa667ac.pkl,0
D:\08_Dataset\Internal\mar2020\pickle_files\166db69eab3f080a7c1841eac0ff410955a3c723.pkl,0
D:\08_Dataset\Internal\mar2020\pickle_files\c772295305aed145e86ee2929a286fc1468c25ac.pkl,0
D:\08_Dataset\Internal\mar2020\pickle_files\e09427f7dd9be1df7533bfe077ce81cf0fabb344.pkl,0
D:\08_Dataset\Internal\mar2020\pickle_files\c60951956bf137afa5d6f9cd1ba534b4704f8ab9.pkl,0
D:\08_Dataset\Internal\mar2020\pickle_files\5a568d0b2b0eac8a58fd428859139f1c196d863a.pkl,0
D:\08_Dataset\Internal\mar2020\pickle_files\fe265a424f1ca8dcf6fb6154292e53b1e83683f4.pkl,0
D:\08_Dataset\Internal\mar2020\pickle_files\0386e82c6c431b999b0cc52eb60d05aa1d727d74.pkl,0
D:\08_Dataset\Internal\mar2020\pickle_files\6954cb7dac62d8810a2026d57d2ca5339b357b15.pkl,0
D:\08_Dataset\Internal\mar2020\pickle_files\f60cd485466c5f7bdba3cdbdbbffd89e0aff7244.pkl,0
D:\08_Dataset\Internal\mar2020\pickle_files\994473c3b40ad89211365d9867ad7e62421e54e5.pkl,0
D:\08_Dataset\Internal\mar2020\pickle_files\5dcb9947f6dbc2c622bb7c40c26dd561b70afadb.pkl,0
D:\08_Dataset\Internal\mar2020\pickle_files\0b13458978b8cc223db347571627eafd83568e65.pkl,0
D:\08_Dataset\Internal\mar2020\pickle_files\a633ac969c250d501321abc3e665020b9c70d02b.pkl,0
D:\08_Dataset\Internal\mar2020\pickle_files\40ebfaa21c9e02a3f07d5fdfb19c46e254f379b4.pkl,0
D:\08_Dataset\Internal\mar2020\pickle_files\c3702dd7c585ff6c8871ac53f68b9983793a5688.pkl,0
D:\08_Dataset\Internal\mar2020\pickle_files\b5fb0ceea853fcb04c0e0138bb29cb16da34fbf5.pkl,0
D:\08_Dataset\Internal\mar2020\pickle_files\96e41b4a1186c2bd6274b0a56ed6a9a2909bc33c.pkl,0
D:\08_Dataset\Internal\mar2020\pickle_files\8d47ab68371cfa251a893f8728ee7bef6a586208.pkl,0
D:\08_Dataset\Internal\mar2020\pickle_files\e39ba8623285cd48caffc1508126f25bbfd2466c.pkl,0
D:\08_Dataset\Internal\mar2020\pickle_files\28b159a735cc98d4ed44a2223deb55c4699a0230.pkl,0
D:\08_Dataset\Internal\mar2020\pickle_files\7cd2d0ca49041cebddcbef5bc489975092a6e875.pkl,0
D:\08_Dataset\Internal\mar2020\pickle_files\df400e3c7483a00fbeff7cebc04aa80fdbb91b85.pkl,0
D:\08_Dataset\Internal\mar2020\pickle_files\d1501723e2b75d711a30d1bb57aed079d0e54337.pkl,0
D:\08_Dataset\Internal\mar2020\pickle_files\d601b4a93ba98ad9cf37349e11684c954c6655d7.pkl,0
D:\08_Dataset\Internal\mar2020\pickle_files\dc09552e06bb05eb29b562c8ca77e527fb62d47b.pkl,0
D:\08_Dataset\Internal\mar2020\pickle_files\163a0a4f6aff9de570438a036df05ebf1df3b6e4.pkl,0
D:\08_Dataset\Internal\mar2020\pickle_files\e2ad200482233ede5700da44e8bc31791d24ba46.pkl,0
D:\08_Dataset\Internal\mar2020\pickle_files\81f4e52e44e3d61932452a0d54e9216293ed21b6.pkl,0
D:\08_Dataset\Internal\mar2020\pickle_files\d1edc8ab9199a75e420c3f978d03e22e23bc99b1.pkl,0
D:\08_Dataset\Internal\mar2020\pickle_files\8bf015331d4437f76288631dc6f01356e578929e.pkl,0
D:\08_Dataset\Internal\mar2020\pickle_files\e7de705ea9182c6885c8cc54c367acff0abfafc4.pkl,0
D:\08_Dataset\Internal\mar2020\pickle_files\d14f284adf36a5567820ae9fcb4ff5ac75b43c07.pkl,0
D:\08_Dataset\Internal\mar2020\pickle_files\7e5706ff080386592762eb6f39a4c3e5b9ea6884.pkl,0
D:\08_Dataset\Internal\mar2020\pickle_files\882c7db3872effc5bfd53f29705e79e5a7f8f982.pkl,0
D:\08_Dataset\Internal\mar2020\pickle_files\ecfcb8f6984052bd8a51f9c7907ddd38bc8afa63.pkl,0
D:\08_Dataset\Internal\mar2020\pickle_files\1211d1390edae0f89696265fcb165d52f4995b9d.pkl,0
D:\08_Dataset\Internal\mar2020\pickle_files\e1760b972498daa5104eb288673984e34d377af2.pkl,0
D:\08_Dataset\Internal\mar2020\pickle_files\4012bc460f3917e634e89b79593bdda06a68bd04.pkl,0
D:\08_Dataset\Internal\mar2020\pickle_files\3fd3c2a89ae312a9009db85063b32c82f259ad8f.pkl,0
D:\08_Dataset\Internal\mar2020\pickle_files\46b729cde68c850c9019676c3750d3e055d04f9b.pkl,0
D:\08_Dataset\Internal\mar2020\pickle_files\551127b75eac01e8ef8d493c253cd1ccebb59357.pkl,0
D:\08_Dataset\Internal\mar2020\pickle_files\fedd86af0fc35a7bb2f81490a8edacc05d09a1f4.pkl,0
D:\08_Dataset\Internal\mar2020\pickle_files\849302cf14f7d336ebc8e9243ab0dd20b97cad0d.pkl,0
D:\08_Dataset\Internal\mar2020\pickle_files\cb8328bd2e0a18699eed6a60d1e5662dd0d51f58.pkl,0
D:\08_Dataset\Internal\mar2020\pickle_files\ed81e67f8817c9e338b0ff2f5a0b1b1cb1da95f2.pkl,0
D:\08_Dataset\Internal\mar2020\pickle_files\5a1c9c740ca566de631c6fdc06a2c30030add172.pkl,0
D:\08_Dataset\Internal\mar2020\pickle_files\edc2f32dd0a840e71d2c27f9f4f8e4f1ee77c482.pkl,0
D:\08_Dataset\Internal\mar2020\pickle_files\e978303fc4c04f856536c0434f19304f1ca649e5.pkl,0
D:\08_Dataset\Internal\mar2020\pickle_files\0d810c7b76a1036dfdf8135927fb95df925fbaad.pkl,0
D:\08_Dataset\Internal\mar2020\pickle_files\5fc1820494109902cdd14bbfd2124a68ef1b6028.pkl,0
D:\08_Dataset\Internal\mar2020\pickle_files\2cb67371ba3ad46d3feaa8186c08d1488d89343c.pkl,0
D:\08_Dataset\Internal\mar2020\pickle_files\b779cced7279353cdc3a49ff29ba36ebdbd4385b.pkl,0
D:\08_Dataset\Internal\mar2020\pickle_files\b08f0cb59d201ae2d7404d4facb567e54bf73cc8.pkl,0
D:\08_Dataset\Internal\mar2020\pickle_files\45d267ca09098c301d6ec180f603453438940f4a.pkl,0
D:\08_Dataset\Internal\mar2020\pickle_files\867ad15499c01c81e38c3f045c9dfc4b2c0311e3.pkl,0
D:\08_Dataset\Internal\mar2020\pickle_files\6f7febf4d8aa9649babf5b18477317a5e4b609bc.pkl,0
D:\08_Dataset\Internal\mar2020\pickle_files\dacee9fdf50b823b549e0bd602febc1bcd09fe2e.pkl,0
D:\08_Dataset\Internal\mar2020\pickle_files\115f3ba7f177a3b242404bab7361f9fe64d11e7a.pkl,0
D:\08_Dataset\Internal\mar2020\pickle_files\f7524911dc66a703863626a11840c719c3970da3.pkl,0
D:\08_Dataset\Internal\mar2020\pickle_files\5f4ae4c0a6a723f52bec0405cf52b2353c02d9d9.pkl,0
D:\08_Dataset\Internal\mar2020\pickle_files\a8b31699d9241c18b7ba2019bfef675500f50271.pkl,0
D:\08_Dataset\Internal\mar2020\pickle_files\18bf0bcb29795046ec1d9d9e4649f08286d27520.pkl,0
D:\08_Dataset\Internal\mar2020\pickle_files\ee28b376a0b1a7e6c0e440142fbe61d6cc00e88f.pkl,0
D:\08_Dataset\Internal\mar2020\pickle_files\87f45c738c7edeb1231fdc474be64a24b0aabb4e.pkl,0
D:\08_Dataset\Internal\mar2020\pickle_files\9da7ecb27984b6725865c9157ecad42ea45f445c.pkl,0
D:\08_Dataset\Internal\mar2020\pickle_files\705c22e4efa42601679cdf008f4d1ab2602ebdf4.pkl,0
D:\08_Dataset\Internal\mar2020\pickle_files\3da03f8bad687898b94eeea95a5d5ccc199e48a6.pkl,0
D:\08_Dataset\Internal\mar2020\pickle_files\e0210cdd693f308458d2da6b30ce01c55b4336d4.pkl,0
D:\08_Dataset\Internal\mar2020\pickle_files\9d64a2fbdcfa27589f78e4ebe646cd20c67d99dd.pkl,0
D:\08_Dataset\Internal\mar2020\pickle_files\6a97adc706b4217bf2b295384204f403eef9edf0.pkl,0
D:\08_Dataset\Internal\mar2020\pickle_files\378953e7f63dca46015a515b0bb4300823e87059.pkl,0
D:\08_Dataset\Internal\mar2020\pickle_files\3b56cc6007ff5d162c61cbb9b70d2e5dd340ab01.pkl,0
D:\08_Dataset\Internal\mar2020\pickle_files\a71d6aab9d905846890b02a1bb9e1d4a96da0706.pkl,0
D:\08_Dataset\Internal\mar2020\pickle_files\122df194b6a5800b50b4d6c08b3d9f22047da9ba.pkl,0
D:\08_Dataset\Internal\mar2020\pickle_files\c8b1578d9edf2f43a93dd1342a2d2e73475cfa73.pkl,0
D:\08_Dataset\Internal\mar2020\pickle_files\2479f32c346ab8882f97bc15742a68dbcc9661d9.pkl,0
D:\08_Dataset\Internal\mar2020\pickle_files\d2df55a4d1ff7b202ebfbbfe36d176cbe19a326c.pkl,0
D:\08_Dataset\Internal\mar2020\pickle_files\41c1e3e67a93424400015cfcfb609ea2b4941b0e.pkl,0
D:\08_Dataset\Internal\mar2020\pickle_files\73814c35d5d3686c1f02d0c2553fc4f794217a96.pkl,0
D:\08_Dataset\Internal\mar2020\pickle_files\622c19ff7d8dd4bc5145173013fb8f77ad707c40.pkl,0
D:\08_Dataset\Internal\mar2020\pickle_files\461f6c62feef84b8b899c8d746c22001081c4952.pkl,0
D:\08_Dataset\Internal\mar2020\pickle_files\7b43977932294c3149c514d0d27cf8ce6e246a57.pkl,0
D:\08_Dataset\Internal\mar2020\pickle_files\7a9728db271c93fbe35d616238ea2a86ae355348.pkl,0
D:\08_Dataset\Internal\mar2020\pickle_files\12560b46819b6fd3c41740c5bea8936530f856b3.pkl,0
D:\08_Dataset\Internal\mar2020\pickle_files\0e1e71bf9320cba7c6ad8cfaddd99032e3697c02.pkl,0
D:\08_Dataset\Internal\mar2020\pickle_files\f3cdb1c4b2786cdb14002572b9b11b211694e92d.pkl,0
D:\08_Dataset\Internal\mar2020\pickle_files\5997ad3378b430a3d68d632e199ae11d3dfe0005.pkl,0
D:\08_Dataset\Internal\mar2020\pickle_files\c47ffc5299dec7c43b0c6b2e29c16d051bbfcfa3.pkl,0
D:\08_Dataset\Internal\mar2020\pickle_files\9b3346fa9c99f2c04e33dfb93d37927edd0b4ff4.pkl,0
D:\08_Dataset\Internal\mar2020\pickle_files\96216670cf182954bb84dd2f77ffc609cc5d3cc6.pkl,0
D:\08_Dataset\Internal\mar2020\pickle_files\abc0426e3abcd6836047cb2dcff5e750c655fa5f.pkl,0
D:\08_Dataset\Internal\mar2020\pickle_files\4ccb0579b1d2d3fe839149830447f16506ab01f2.pkl,0
D:\08_Dataset\Internal\mar2020\pickle_files\2f75b244e481dbc2a1ddd8107842bc7bd8f2cee8.pkl,0
D:\08_Dataset\Internal\mar2020\pickle_files\530fbda0cc2bca36622c775b939fc5d16e275b3f.pkl,0
D:\08_Dataset\Internal\mar2020\pickle_files\8f497663b44a697ebfa6274d34dea0cfa9d71c06.pkl,0
D:\08_Dataset\Internal\mar2020\pickle_files\c282f8640c71a70730cfdbc5d63d985e4984dcb1.pkl,0
D:\08_Dataset\Internal\mar2020\pickle_files\c55622b4da1941887c23c26f87ce86e1f6d6c118.pkl,0
D:\08_Dataset\Internal\mar2020\pickle_files\f2b63a764817497286740034f439c0bf7cacdf8d.pkl,0
D:\08_Dataset\Internal\mar2020\pickle_files\f63f4cb2f1ca2fbc6c982081c8f59ccc02a51a80.pkl,0
D:\08_Dataset\Internal\mar2020\pickle_files\16dcba9237108d1ef30b1a55d1892a4fb65a4b8a.pkl,0
D:\08_Dataset\Internal\mar2020\pickle_files\512a76bbc2a87a6feb6d5163b8a519288e06074c.pkl,0
D:\08_Dataset\Internal\mar2020\pickle_files\2480b88218c418644240a8770fdf872becc19e8b.pkl,0
D:\08_Dataset\Internal\mar2020\pickle_files\6c25b5c670511b9859c0f5d638ddb816d2d29d2c.pkl,0
D:\08_Dataset\Internal\mar2020\pickle_files\f65bbd7f3ad8465ef751ef49df7d945b5f586023.pkl,0
D:\08_Dataset\Internal\mar2020\pickle_files\559abb1c5f61b69242f7fba1b06ba5f80bcc08c7.pkl,0
D:\08_Dataset\Internal\mar2020\pickle_files\349db210794ab8026702045bb2e7b54eb28a3c39.pkl,0
D:\08_Dataset\Internal\mar2020\pickle_files\d814ace2076db2e76d4c539bd6920d1aa0ce497f.pkl,0
D:\08_Dataset\Internal\mar2020\pickle_files\e2578ec39c5020b56449551693dd59879ce2355e.pkl,0
D:\08_Dataset\Internal\mar2020\pickle_files\9e44e3bcd2d94b3f348d82d7e5d4ecedea507c16.pkl,0
D:\08_Dataset\Internal\mar2020\pickle_files\2318206af501fa6005354296df5b5f4fe8db2281.pkl,0
D:\08_Dataset\Internal\mar2020\pickle_files\48b0435719fc851cbe7e24bfd0b5d9860f2f2781.pkl,0
D:\08_Dataset\Internal\mar2020\pickle_files\c607a639beb5efa5413edbffe1a5ab2c0a8e72f5.pkl,0
D:\08_Dataset\Internal\mar2020\pickle_files\57e3bbdc0b33ff6166891633c180ccc1400b9fd1.pkl,0
D:\08_Dataset\Internal\mar2020\pickle_files\437bc74c812349cf1555668ee9d49f45445d9f9a.pkl,0
D:\08_Dataset\Internal\mar2020\pickle_files\ffcbf475da76a10f6d34ab5ae3c1ae51dad75f4e.pkl,0
D:\08_Dataset\Internal\mar2020\pickle_files\9018a7d6cdbe859a430e8794e73381f77c840be0.pkl,0
D:\08_Dataset\Internal\mar2020\pickle_files\b64fa8f48ddb3dce8a1f5cc37a45083f9a0fb937.pkl,0
D:\08_Dataset\Internal\mar2020\pickle_files\cfce364347e24204ee0f6b373b9523272c67dc16.pkl,0
D:\08_Dataset\Internal\mar2020\pickle_files\39c1bff758d6974d90b4690b5911b4371ed91f19.pkl,0
D:\08_Dataset\Internal\mar2020\pickle_files\78bdff6642d5c04adb0e66461aee0553660b1c80.pkl,0
D:\08_Dataset\Internal\mar2020\pickle_files\614cb142fe219a056eff7d9dfd4fc79049b29b98.pkl,0
D:\08_Dataset\Internal\mar2020\pickle_files\00ef62e44a28da01b645648cde227a825bb1cc90.pkl,0
D:\08_Dataset\Internal\mar2020\pickle_files\d39103bb96646a0bcd71b19f431ab106656378af.pkl,0
D:\08_Dataset\Internal\mar2020\pickle_files\fb315527909e1ba087e7c19e825408ae1765e7e4.pkl,0
D:\08_Dataset\Internal\mar2020\pickle_files\b8a328a5907e8fc8d40f290299e613baa02dfe1d.pkl,0
D:\08_Dataset\Internal\mar2020\pickle_files\b5b9b35a593c35b160cccdd1202f76cd61b622eb.pkl,0
D:\08_Dataset\Internal\mar2020\pickle_files\72ea3e38e89cc11b66f97db709e45de1116adf2c.pkl,0
D:\08_Dataset\Internal\mar2020\pickle_files\69e5f71539fcf62b18b57df98f6fa89583b36474.pkl,0
D:\08_Dataset\Internal\mar2020\pickle_files\f417130737ee08f860b9b5c38a4bffc83e2802f2.pkl,0
D:\08_Dataset\Internal\mar2020\pickle_files\63e36185518a8d1214416d2ac35d670b31557dc0.pkl,0
D:\08_Dataset\Internal\mar2020\pickle_files\e6b44518f322a270d4301e3d7034eebc6bf8c23c.pkl,0
D:\08_Dataset\Internal\mar2020\pickle_files\70466159e13aac53761c88f55f5514b7fabcfc3a.pkl,0
D:\08_Dataset\Internal\mar2020\pickle_files\d2d47762a5a4810bf14235e2e20380023e1cad63.pkl,0
D:\08_Dataset\Internal\mar2020\pickle_files\1533d828f70c45b283cfd6c5e275ee8622a4e493.pkl,0
D:\08_Dataset\Internal\mar2020\pickle_files\03c072f866ad726d26492d54d48ef305f6bb89d8.pkl,0
D:\08_Dataset\Internal\mar2020\pickle_files\0b63b9fe941e0a4b7e356e28ce4a2c863da524b3.pkl,0
D:\08_Dataset\Internal\mar2020\pickle_files\0778333ac102049647c4923eae6d3cd23ec41ee6.pkl,0
D:\08_Dataset\Internal\mar2020\pickle_files\85e41cc27d70962e5f9d75ea1794095faf881c11.pkl,0
D:\08_Dataset\Internal\mar2020\pickle_files\dd5ab6dd31e9dc1cdedf9750a6abe538fe55271b.pkl,0
D:\08_Dataset\Internal\mar2020\pickle_files\00c34720b230748a897455da734708464f607e3e.pkl,0
D:\08_Dataset\Internal\mar2020\pickle_files\3912be4a93c3723897132f82da008521f742db88.pkl,0
D:\08_Dataset\Internal\mar2020\pickle_files\be5e8b980d0c8a1f76e12c0a7f55199f7fbe3108.pkl,0
D:\08_Dataset\Internal\mar2020\pickle_files\cf995c24be0a6a87c4f1a1b55d7e6ae0543a48c4.pkl,0
D:\08_Dataset\Internal\mar2020\pickle_files\a7597b57206b8b46d063ce79f32e1e585cf2b10b.pkl,0
D:\08_Dataset\Internal\mar2020\pickle_files\41659e837bd59fc51937807966db2a6b20bd2119.pkl,0
D:\08_Dataset\Internal\mar2020\pickle_files\fc3ea87d5db27ddc53aeed78701eb5ac72e7eb5e.pkl,0
D:\08_Dataset\Internal\mar2020\pickle_files\096aeaaa43ac566cbc39afe95c92d3ae1ac5537c.pkl,0
D:\08_Dataset\Internal\mar2020\pickle_files\0ba080a8426575c39a9150611d1ac449b7611e43.pkl,0
D:\08_Dataset\Internal\mar2020\pickle_files\42a34bcbd9124da960efa597cfdb5977e6cca10a.pkl,0
D:\08_Dataset\Internal\mar2020\pickle_files\e7da10ec92cc24aa1ab4887d94a21d687cff3f09.pkl,0
D:\08_Dataset\Internal\mar2020\pickle_files\ca0e771fda0d9a890f6b5331390525c84b5c971e.pkl,0
D:\08_Dataset\Internal\mar2020\pickle_files\3f16b36722f71c341821ceac792d9b23f2147301.pkl,0
D:\08_Dataset\Internal\mar2020\pickle_files\b4b6ed0a9e5c739c8e6cc23c9c5bf9692dff9de5.pkl,0
D:\08_Dataset\Internal\mar2020\pickle_files\61b3ce0e93237bb2661dbecb2e4fe76c3c3d75a6.pkl,0
D:\08_Dataset\Internal\mar2020\pickle_files\1c37c9e60328957d0a7d694a4a6ae4ac196e2228.pkl,0
D:\08_Dataset\Internal\mar2020\pickle_files\6bd1c418a3008bfe0092d9f6254ae5c4c16de791.pkl,0
D:\08_Dataset\Internal\mar2020\pickle_files\319ef6a6395ec4dc50953fd5acefc74fe6f21981.pkl,0
D:\08_Dataset\Internal\mar2020\pickle_files\8b9e48167552e80d4e5bc21142b2811b282498ff.pkl,0
D:\08_Dataset\Internal\mar2020\pickle_files\3beb29cde61ba2ebd1ca126387dabc77fe2da30b.pkl,0
D:\08_Dataset\Internal\mar2020\pickle_files\f498bd2563db91ccffbc830aaf20bccc23a810e3.pkl,0
D:\08_Dataset\Internal\mar2020\pickle_files\6052a6a1df94f0cff01d4bbe520091d92a98aa2f.pkl,0
D:\08_Dataset\Internal\mar2020\pickle_files\6ddbaaf2806bc38959d156a853eaa77244fac6aa.pkl,0
D:\08_Dataset\Internal\mar2020\pickle_files\3cfb3a48df57b653191722de3cd4790f3ebd96d8.pkl,0
D:\08_Dataset\Internal\mar2020\pickle_files\3bae8b24d229f76bdebd7bcd7c22c6efdac250b8.pkl,0
D:\08_Dataset\Internal\mar2020\pickle_files\f008f8390d4348340c5fc55125fe562e44cc4dd4.pkl,0
D:\08_Dataset\Internal\mar2020\pickle_files\bf2f8f8eaa8b8f901c014d221a5870a70e2848a9.pkl,0
D:\08_Dataset\Internal\mar2020\pickle_files\62a56487888c4ee452f804232fc6cc4e58bd1316.pkl,0
D:\08_Dataset\Internal\mar2020\pickle_files\59942500ad7aee208b009461ee11af55830f8981.pkl,0
D:\08_Dataset\Internal\mar2020\pickle_files\a52ad7ea0345ef76a29a1fb3928d04d4c62f4edf.pkl,0
D:\08_Dataset\Internal\mar2020\pickle_files\075f90d558998238b64c946b6e8a78ab427bbcaa.pkl,0
D:\08_Dataset\Internal\mar2020\pickle_files\d6770be6639b24773993b7bdc3624aff8e012589.pkl,0
D:\08_Dataset\Internal\mar2020\pickle_files\993f57c95b0229c339ee104f14f37e57d655ea3f.pkl,0
D:\08_Dataset\Internal\mar2020\pickle_files\59bec9797c0bdc4f1f2ca7da369c418ea9328dbc.pkl,0
D:\08_Dataset\Internal\mar2020\pickle_files\d69c9cbdca985bd2c423047f42faa6c7eb0d66c8.pkl,0
D:\08_Dataset\Internal\mar2020\pickle_files\989b7f3db8a52381f755bf17d98675b3309ad31d.pkl,0
D:\08_Dataset\Internal\mar2020\pickle_files\f9ee56ee7a4a7a629ec99add9fad531509d13021.pkl,0
D:\08_Dataset\Internal\mar2020\pickle_files\8c52fa835360a260d0563e7079d6dc0f869e8811.pkl,0
D:\08_Dataset\Internal\mar2020\pickle_files\2a1a4d350e9f78d51e053b60db86e32370faec25.pkl,0
D:\08_Dataset\Internal\mar2020\pickle_files\9723fd1e55390eb3640d0749650d93657869b7c2.pkl,0
D:\08_Dataset\Internal\mar2020\pickle_files\3a8664d8d8f8ef147c784feb188133b8dd6ea3c8.pkl,0
D:\08_Dataset\Internal\mar2020\pickle_files\edf7f2f731926be637e8d2d32525b58d6868c866.pkl,0
D:\08_Dataset\Internal\mar2020\pickle_files\1d35eb7c5e0ff4d3b67c7f316e6d2e3e7d39f875.pkl,0
D:\08_Dataset\Internal\mar2020\pickle_files\70195c4fdcbec33ab717ba3de5052c7443a7c349.pkl,0
D:\08_Dataset\Internal\mar2020\pickle_files\10d960d2358192ccfd2ebc63d904b5a9818cd00d.pkl,0
D:\08_Dataset\Internal\mar2020\pickle_files\faa43c1ca48b908bd28fc1e58eaf9e9d8f3b14a8.pkl,0
D:\08_Dataset\Internal\mar2020\pickle_files\6ce8a54e415ce141b1a37e4f3348154414d89dbb.pkl,0
D:\08_Dataset\Internal\mar2020\pickle_files\0224288484374aec7530e865b7f1a6380ad1db60.pkl,0
D:\08_Dataset\Internal\mar2020\pickle_files\e589731376a68c0f0433ec5ab38375921f7acd3a.pkl,0
D:\08_Dataset\Internal\mar2020\pickle_files\6f6b7d06938871c691bfac5a912b6999f3db9ed8.pkl,0
D:\08_Dataset\Internal\mar2020\pickle_files\3749ecba65a81c2523b61108fff3ec71e0020c21.pkl,0
D:\08_Dataset\Internal\mar2020\pickle_files\aba78d075fa554908ac99f8442872d9533960a10.pkl,0
D:\08_Dataset\Internal\mar2020\pickle_files\aa0a2d4b1afbdac338eb7230cfceb3911902c698.pkl,0
D:\08_Dataset\Internal\mar2020\pickle_files\c01339bc2ef6e891a82bef8396382f4f7e03caab.pkl,0
D:\08_Dataset\Internal\mar2020\pickle_files\ced63986b7b1218776a71f63c255d5d09830bb95.pkl,0
D:\08_Dataset\Internal\mar2020\pickle_files\d4451957fda6e45c91302d23d37c8927bca86727.pkl,0
D:\08_Dataset\Internal\mar2020\pickle_files\65faf8caa00eb694ca64fa80310b35b90a91b70a.pkl,0
D:\08_Dataset\Internal\mar2020\pickle_files\6efaeaf2751c519ca75a0c085da6f8e4486d2b7f.pkl,0
D:\08_Dataset\Internal\mar2020\pickle_files\db274cb6f2ef45f2ede55e7fa5472ea813053249.pkl,0
D:\08_Dataset\Internal\mar2020\pickle_files\cd35e55f066a44fb9788b14f341812c3735a5cb0.pkl,0
D:\08_Dataset\Internal\mar2020\pickle_files\0208f3463905da43aa72d01395a011fc1342875f.pkl,0
D:\08_Dataset\Internal\mar2020\pickle_files\3a61fee42254510d2a63d122a8e5a97bcaa0c550.pkl,0
D:\08_Dataset\Internal\mar2020\pickle_files\d1df80ad214a9a1f77d6984dce45624fb627113d.pkl,0
D:\08_Dataset\Internal\mar2020\pickle_files\f699ffc1e7135882e92b8468362a3ca767428b9c.pkl,0
D:\08_Dataset\Internal\mar2020\pickle_files\bcf083a3e522f64d8f0c14478208b36e964e62a7.pkl,0
D:\08_Dataset\Internal\mar2020\pickle_files\bdaec483a2899d8b1b090226b028f8b6b413fda6.pkl,0
D:\08_Dataset\Internal\mar2020\pickle_files\d561a96e18694b4970b34a00905f222d68efeaa7.pkl,0
D:\08_Dataset\Internal\mar2020\pickle_files\d6241697331f3ac26b4988c7d465fa188bedbbd7.pkl,0
D:\08_Dataset\Internal\mar2020\pickle_files\7fc424d7798a2086c36dbb70777833dad8f820db.pkl,0
D:\08_Dataset\Internal\mar2020\pickle_files\80cd4127850542f1207297a5669bb3508c6b93ba.pkl,0
D:\08_Dataset\Internal\mar2020\pickle_files\c688c65f1008ed308066d00e7bb89f5ef5e2ef2f.pkl,0
D:\08_Dataset\Internal\mar2020\pickle_files\f9a77c4fe7f481250855d90cafa960c3d2e216f2.pkl,0
D:\08_Dataset\Internal\mar2020\pickle_files\1e153b29eccc7d28f83d8fc2602af688ff254ae6.pkl,0
D:\08_Dataset\Internal\mar2020\pickle_files\138dd4d0010f9dc91601f86207c1b37bfd2761ef.pkl,0
D:\08_Dataset\Internal\mar2020\pickle_files\53aec64f3808c7760cf9edd9b8858204d11b476a.pkl,0
D:\08_Dataset\Internal\mar2020\pickle_files\0a2143baf87c8700843a4eeece2d51383e9ae78a.pkl,0
D:\08_Dataset\Internal\mar2020\pickle_files\cc31791353b05cc2c3755e117a677cc7afcc6091.pkl,0
D:\08_Dataset\Internal\mar2020\pickle_files\9d4e07f391f412d1d1cfcd163d4fa8e53e4b2e8a.pkl,0
D:\08_Dataset\Internal\mar2020\pickle_files\f8309bb220e7b445459669218556937ae9b5bc23.pkl,0
D:\08_Dataset\Internal\mar2020\pickle_files\a230aa3775357eba7e403886d7332ff4aefa1f31.pkl,0
D:\08_Dataset\Internal\mar2020\pickle_files\6618d3b9cf4ce3f8cb0afb108d6a696047fb0ccb.pkl,0
D:\08_Dataset\Internal\mar2020\pickle_files\546757a7872b330cae4377fb32564137600adcfd.pkl,0
D:\08_Dataset\Internal\mar2020\pickle_files\79fa949669064200284913bba7a55d2f14a8c0f4.pkl,0
D:\08_Dataset\Internal\mar2020\pickle_files\66f56558530d85546f11d16779f56d3bc312125f.pkl,0
D:\08_Dataset\Internal\mar2020\pickle_files\c91f503a6a47eef64d8c58a9683a0e4636fd73ba.pkl,0
D:\08_Dataset\Internal\mar2020\pickle_files\b24ff54fd23a69707851e86e031322d975f42539.pkl,0
D:\08_Dataset\Internal\mar2020\pickle_files\af76cc9e2ac1ba566d0b4acdf28f520abd40fddc.pkl,0
D:\08_Dataset\Internal\mar2020\pickle_files\964f2e715e1e39b03ee350ef32b46fe402bc8b01.pkl,0
D:\08_Dataset\Internal\mar2020\pickle_files\f749177e42126775e3f82471c2a6e2d8c7ed1602.pkl,0
D:\08_Dataset\Internal\mar2020\pickle_files\b13dd9e53e17819bee714acb72b624ee83af2263.pkl,0
D:\08_Dataset\Internal\mar2020\pickle_files\23f46c49d1871e0c3362b1aa2bfd23b9db5d5bc6.pkl,0
D:\08_Dataset\Internal\mar2020\pickle_files\e72ff9bc93c936169dd5787cf0a240a065a548aa.pkl,0
D:\08_Dataset\Internal\mar2020\pickle_files\5e187011b1acf4d76f128434201112e626297734.pkl,0
D:\08_Dataset\Internal\mar2020\pickle_files\2e2ceb0a35d2a9277d8443ed3a8700cd3dfdaafc.pkl,0
D:\08_Dataset\Internal\mar2020\pickle_files\3cba55433b2e4e0aa0a72af8c560ca1a657a1763.pkl,0
D:\08_Dataset\Internal\mar2020\pickle_files\2ec68311502741449420f4bbe3dbd660c177c4a1.pkl,0
D:\08_Dataset\Internal\mar2020\pickle_files\728ece62f855e133c23177e74c61e531968c51fd.pkl,0
D:\08_Dataset\Internal\mar2020\pickle_files\30e986b0998aa51a49572185e38eb992c7b02374.pkl,0
D:\08_Dataset\Internal\mar2020\pickle_files\e00c366c1aba2e8e013eb2bceaae55c958d0f6f1.pkl,0
D:\08_Dataset\Internal\mar2020\pickle_files\7bc6e50640f14804b9d4a5df4102c40d2f94eb27.pkl,0
D:\08_Dataset\Internal\mar2020\pickle_files\23e3b3d7201eae6e34a392aca03f9414d519e025.pkl,0
D:\08_Dataset\Internal\mar2020\pickle_files\e8a5aa37ffc1905af674e7e394fdc8094092314c.pkl,0
D:\08_Dataset\Internal\mar2020\pickle_files\e62d6cd0bc7198c49aaad3bcdeed5612207a49a1.pkl,0
D:\08_Dataset\Internal\mar2020\pickle_files\39fd81b55913775789685ec1e76ba9bf1fddb99d.pkl,0
D:\08_Dataset\Internal\mar2020\pickle_files\87786029f4fffa5897410dfa0efade599773c800.pkl,0
D:\08_Dataset\Internal\mar2020\pickle_files\5ea79ce36e7b7670a3dde97934903bfcfddb55b5.pkl,0
D:\08_Dataset\Internal\mar2020\pickle_files\aab146f472c805de1f09e069ccba9539e90de9c0.pkl,0
D:\08_Dataset\Internal\mar2020\pickle_files\eb7b3658a7437c9dce5fd852ba446cb3306c41a7.pkl,0
D:\08_Dataset\Internal\mar2020\pickle_files\f18eebaea4460b057f5b49e8239779f1c0c05bb9.pkl,0
D:\08_Dataset\Internal\mar2020\pickle_files\00962d0514ff79bd745904549a7bd99cf4c7893e.pkl,0
D:\08_Dataset\Internal\mar2020\pickle_files\0775fb5da9aa8002c989f8acf1f617ed1526e3e1.pkl,0
D:\08_Dataset\Internal\mar2020\pickle_files\0f82b89ea39f910fb925ed54edcd78f99deb13aa.pkl,0
D:\08_Dataset\Internal\mar2020\pickle_files\46648bf40977dd387eb2abb9ee5afcd1058c4068.pkl,0
D:\08_Dataset\Internal\mar2020\pickle_files\e813a5b3858661620da17dac36f1ac7b39641489.pkl,0
D:\08_Dataset\Internal\mar2020\pickle_files\ea6716b694a2bcc2721b2517ab4c05ee40a52231.pkl,0
D:\08_Dataset\Internal\mar2020\pickle_files\f6b2c11b86e2e8c741a85968c8c71f37cd955663.pkl,0
D:\08_Dataset\Internal\mar2020\pickle_files\8186d64dd28cd63ca883b1d3ce5f07aeabad67c0.pkl,0
D:\08_Dataset\Internal\mar2020\pickle_files\056fc92d42a7b3b859b1f38e7603da87e7dd72a7.pkl,0
D:\08_Dataset\Internal\mar2020\pickle_files\71cfeee4d103ad30832bb3312d258f18a29d309d.pkl,0
D:\08_Dataset\Internal\mar2020\pickle_files\e40af2132aac031407f53fe48f12fc32af29c00d.pkl,0
D:\08_Dataset\Internal\mar2020\pickle_files\c036aaa3788c18622ccd6d4f8836fcff3eb8b171.pkl,0
D:\08_Dataset\Internal\mar2020\pickle_files\5e557c2768a26f800227ae8d73017c464a71791f.pkl,0
D:\08_Dataset\Internal\mar2020\pickle_files\5cd9e0caba8ebad1106892b9af6acf7a5c79d1b4.pkl,0
D:\08_Dataset\Internal\mar2020\pickle_files\477eab1b9d43e720baed0eff90d0d54e1fa50589.pkl,0
D:\08_Dataset\Internal\mar2020\pickle_files\c78c87d9c387eec1472730c1c4df3a2876580474.pkl,0
D:\08_Dataset\Internal\mar2020\pickle_files\0f9c44db4385072e379a2e0ab2f6150052af9714.pkl,0
D:\08_Dataset\Internal\mar2020\pickle_files\0813e1bf14e8379baf7ec16d069568465488a4eb.pkl,0
D:\08_Dataset\Internal\mar2020\pickle_files\b9b2bb3596da728bfdd110ba5bff5737cdd521bc.pkl,0
D:\08_Dataset\Internal\mar2020\pickle_files\a0d248394444ff2db3e938762ac08fe71d904a37.pkl,0
D:\08_Dataset\Internal\mar2020\pickle_files\9d01b544cc5a5f4cafe137e7c5c950e3acd0d500.pkl,0
D:\08_Dataset\Internal\mar2020\pickle_files\5516c0ce2b5f305f1d7f317b45fd35f6a611b116.pkl,0
D:\08_Dataset\Internal\mar2020\pickle_files\17c2d6cbcf97784df299e6a0221e8b2a292a097b.pkl,0
D:\08_Dataset\Internal\mar2020\pickle_files\e4dc3ee7014b3aa3dd0e3d85de99b043878ebb82.pkl,0
D:\08_Dataset\Internal\mar2020\pickle_files\9e920274aa16b271cc032b1c3dfbe8e1310a4180.pkl,0
D:\08_Dataset\Internal\mar2020\pickle_files\617eac59c90b1fcf650af08b331e79d935e05a6c.pkl,0
D:\08_Dataset\Internal\mar2020\pickle_files\2d38ae99d7cfdf68a42f1c1d8bc77d4daf577e50.pkl,0
D:\08_Dataset\Internal\mar2020\pickle_files\faf539503dc3c7066778da8c8705eb9fc96209fe.pkl,0
D:\08_Dataset\Internal\mar2020\pickle_files\83e87b36cafdd6ea7f784ce35a4e94d272570288.pkl,0
D:\08_Dataset\Internal\mar2020\pickle_files\aa93e7896ade23effdd35cd6ae45f086c1adf56f.pkl,0
D:\08_Dataset\Internal\mar2020\pickle_files\82074dd3b7cb20aad9703bdcddc676aecdcdd9cd.pkl,0
D:\08_Dataset\Internal\mar2020\pickle_files\a342d01f966a428013f64a6baf84235d11d59273.pkl,0
D:\08_Dataset\Internal\mar2020\pickle_files\81ee099cb3ce1cc7dcee08c4f29a9f277a920069.pkl,0
D:\08_Dataset\Internal\mar2020\pickle_files\35342418165672e9f6492fa6460da6fba4540ccd.pkl,0
D:\08_Dataset\Internal\mar2020\pickle_files\9d70246a067d747a4f852e2ea874c4cae4eea662.pkl,0
D:\08_Dataset\Internal\mar2020\pickle_files\65b89bd137c5ee21f2661aae8696e509f19d160d.pkl,0
D:\08_Dataset\Internal\mar2020\pickle_files\5b98a2e053d437cbd180cef3cf61f381eb0f3c5f.pkl,0
D:\08_Dataset\Internal\mar2020\pickle_files\5bce9381002cc640197240fbea8b0f5435a81172.pkl,0
D:\08_Dataset\Internal\mar2020\pickle_files\ca4b3631e0297cd2d1288ff75eeedde22f8a3cc1.pkl,0
D:\08_Dataset\Internal\mar2020\pickle_files\bd020748d44a1baa199189acdead9a5c4bd7a9f1.pkl,0
D:\08_Dataset\Internal\mar2020\pickle_files\ae1342a63b1af51e6de2b2881c9c5bfc5abaae99.pkl,0
D:\08_Dataset\Internal\mar2020\pickle_files\8437c252e8e698c0699ee886effd3872401b1d3a.pkl,0
D:\08_Dataset\Internal\mar2020\pickle_files\21080880f6472b8b1c44442435d40a80e5f59c62.pkl,0
D:\08_Dataset\Internal\mar2020\pickle_files\3ea0a9580209c8b05ce8d4027d134e7e2c77b71f.pkl,0
D:\08_Dataset\Internal\mar2020\pickle_files\eb87af5c90d36601209b36c7be5c249304406c43.pkl,0
D:\08_Dataset\Internal\mar2020\pickle_files\303acfffadd2a7337d0857e25f69d63bfe69359b.pkl,0
D:\08_Dataset\Internal\mar2020\pickle_files\e3c070a95d2fed793c26fac646e6892a33f5c825.pkl,0
D:\08_Dataset\Internal\mar2020\pickle_files\74bd61fdc8670da7da68bf61521f5f0d29898fa7.pkl,0
D:\08_Dataset\Internal\mar2020\pickle_files\a5abae6f5ba9d4adfd4e7060992f07bec740263a.pkl,0
D:\08_Dataset\Internal\mar2020\pickle_files\ff9b0f7209157f025b49b6c9f3249b5861efc1f6.pkl,0
D:\08_Dataset\Internal\mar2020\pickle_files\bcd84cbd999c080a46b83348a2eb6b8ae70beb34.pkl,0
D:\08_Dataset\Internal\mar2020\pickle_files\5215588d45cbf15f50cbc07a27be5e7c3d2c6545.pkl,0
D:\08_Dataset\Internal\mar2020\pickle_files\5f117cb89adccf9c756f957adf5bcd014b7d5c78.pkl,0
D:\08_Dataset\Internal\mar2020\pickle_files\0f5c582b450bcdd7a1f2a743091f4af0f638f6e3.pkl,0
D:\08_Dataset\Internal\mar2020\pickle_files\9a9bb36a72021154d2112261e1e324abdcb21060.pkl,0
D:\08_Dataset\Internal\mar2020\pickle_files\6328addef928026511ee48c589154c7bc7351de0.pkl,0
D:\08_Dataset\Internal\mar2020\pickle_files\a7ab0743a571f58b667d7f164ffcc52721e784c9.pkl,0
D:\08_Dataset\Internal\mar2020\pickle_files\40bfcc88d7a81e6064ed86cf3439ec64d58fbc52.pkl,0
D:\08_Dataset\Internal\mar2020\pickle_files\b1ffb1934824eacad819f6d80583f9cde778986a.pkl,0
D:\08_Dataset\Internal\mar2020\pickle_files\12e1de63899020aa6555b399509a5ee2fd2756e8.pkl,0
D:\08_Dataset\Internal\mar2020\pickle_files\3680aabfda7584984a35e9115c0636d092592ce6.pkl,0
D:\08_Dataset\Internal\mar2020\pickle_files\ceb4eea430ed1387621d26ff14f10785992a806f.pkl,0
D:\08_Dataset\Internal\mar2020\pickle_files\1abebcaeae4763533d5ab123de76578994634c27.pkl,0
D:\08_Dataset\Internal\mar2020\pickle_files\ea296baa8b55e744555eb12f890d4fde94dfd6aa.pkl,0
D:\08_Dataset\Internal\mar2020\pickle_files\0c84984e64d9ae96d5c2c0dbf783741a5b1cc77d.pkl,0
D:\08_Dataset\Internal\mar2020\pickle_files\cd66dcff2f50eb1898cb155509ed1a82c9f8297b.pkl,0
D:\08_Dataset\Internal\mar2020\pickle_files\35a7784d4ab6f249123ca49bf781f648ac746338.pkl,0
D:\08_Dataset\Internal\mar2020\pickle_files\dcf97ea579d44c3a4765361d5ef3f23cb41c8795.pkl,0
D:\08_Dataset\Internal\mar2020\pickle_files\1639efd0f31c3f08a26559663bad02029a1a9136.pkl,0
D:\08_Dataset\Internal\mar2020\pickle_files\82df9cb4a198169ce0f6616b231442678e567189.pkl,0
D:\08_Dataset\Internal\mar2020\pickle_files\ccbd8e8ca31a245fefa664a923d506779762b623.pkl,0
D:\08_Dataset\Internal\mar2020\pickle_files\cd91e65bf20c8ad070751dea3a3892b5fda5900d.pkl,0
D:\08_Dataset\Internal\mar2020\pickle_files\de46f79739dd74e56e044f7ef95bd2b32186ac96.pkl,0
D:\08_Dataset\Internal\mar2020\pickle_files\321acff6dc2c6ae51ee319826bced6a89ea3eec2.pkl,0
D:\08_Dataset\Internal\mar2020\pickle_files\fba88ae8bc32577fb07d2a1356b8bdb146d13b1e.pkl,0
D:\08_Dataset\Internal\mar2020\pickle_files\2a4aefad142df24659d47bf9067d69a9e10c54b2.pkl,0
D:\08_Dataset\Internal\mar2020\pickle_files\f35961794bb741d0e34ea2b5175a0b84a343baaa.pkl,0
D:\08_Dataset\Internal\mar2020\pickle_files\e1e2b0e0c96b6ce33b3da3285fa5bfc9f14c2ea8.pkl,0
D:\08_Dataset\Internal\mar2020\pickle_files\e5f845141ea13b0a0e3660f4fd151fb73f49ead5.pkl,0
D:\08_Dataset\Internal\mar2020\pickle_files\73a46168c538223b4f624260b20e8a71f5dde63f.pkl,0
D:\08_Dataset\Internal\mar2020\pickle_files\72f4141d427ae2659935bc1a3da056f780fc527e.pkl,0
D:\08_Dataset\Internal\mar2020\pickle_files\c9233e22b52b940dec04523bed5249ce4acceb25.pkl,0
D:\08_Dataset\Internal\mar2020\pickle_files\e163e665da9cb95fa90afbe76cd69a2d0dfd5130.pkl,0
D:\08_Dataset\Internal\mar2020\pickle_files\3b64fb31cfa27da002229f32c3893e93078d59c7.pkl,0
D:\08_Dataset\Internal\mar2020\pickle_files\1722edd85fa372e57eab8d01f6dc13ab1f6f1973.pkl,0
D:\08_Dataset\Internal\mar2020\pickle_files\54b5c1b58d90231f8a9550ca77b689774acaf18a.pkl,0
D:\08_Dataset\Internal\mar2020\pickle_files\8e331f3e2996250b71efbee32fbb2116092657f6.pkl,0
D:\08_Dataset\Internal\mar2020\pickle_files\264cdfcffae26aa990736a8c34d5b779dfc4f436.pkl,0
D:\08_Dataset\Internal\mar2020\pickle_files\47a52436ee5f60d8d8781adc869c13c2147aefe5.pkl,0
D:\08_Dataset\Internal\mar2020\pickle_files\6995714a0fda44c504091114c4f16688e4f91f57.pkl,0
D:\08_Dataset\Internal\mar2020\pickle_files\0472337a3934ffa9c1f958e141967e5dc891169b.pkl,0
D:\08_Dataset\Internal\mar2020\pickle_files\5164b04762290930c1fa08802b020ec5a37398fb.pkl,0
D:\08_Dataset\Internal\mar2020\pickle_files\1c06e1038d2bab9d81958cbb820dfc20c9204292.pkl,0
D:\08_Dataset\Internal\mar2020\pickle_files\c39adb2141ad3d2d1acae9d71faa40041ae01a29.pkl,0
D:\08_Dataset\Internal\mar2020\pickle_files\0b2ef0c6ea4f581d9f9a040791e6ea04991b20fc.pkl,0
D:\08_Dataset\Internal\mar2020\pickle_files\ad86faa13604626014e4c95379d5d5e36c1800c3.pkl,0
D:\08_Dataset\Internal\mar2020\pickle_files\e0f513e46dd195a42c22ffcda565d1cf9423c826.pkl,0
D:\08_Dataset\Internal\mar2020\pickle_files\2c13196defe7b5fd3987cdf7850da27fc19ec1c3.pkl,0
D:\08_Dataset\Internal\mar2020\pickle_files\7e4d512b37db937c9a2639333f8a53fe31586b9a.pkl,0
D:\08_Dataset\Internal\mar2020\pickle_files\a96a2037d0bcd0c8d57f642e76654899b6562585.pkl,0
D:\08_Dataset\Internal\mar2020\pickle_files\97c125b2a8685eea18eef6b98555d788c8186ed3.pkl,0
D:\08_Dataset\Internal\mar2020\pickle_files\2ce5b20df360cc40cfdc1116a3ecbebedf3bbe84.pkl,0
D:\08_Dataset\Internal\mar2020\pickle_files\6391acdaa07ab9f4dbf44c6eff47b9eed13af5ff.pkl,0
D:\08_Dataset\Internal\mar2020\pickle_files\31bdff2a51fd0a7cb5700c93e407a1e5b3e70ff4.pkl,0
D:\08_Dataset\Internal\mar2020\pickle_files\919a19fb38c290857efc73ca14028f96adb4ff8d.pkl,0
D:\08_Dataset\Internal\mar2020\pickle_files\4901ae8d510c0e94aa84fcfb21ad77f4fa431fb1.pkl,0
D:\08_Dataset\Internal\mar2020\pickle_files\f015679fc6c7dd84fe58b0d72565dabb9e384a38.pkl,0
D:\08_Dataset\Internal\mar2020\pickle_files\6023812e8d72007d40c1c8092f8588e02a2c1beb.pkl,0
D:\08_Dataset\Internal\mar2020\pickle_files\1fc4abf111a6e95836f3d8c0347cd9c1e5e0e3b6.pkl,0
D:\08_Dataset\Internal\mar2020\pickle_files\8fd7479192970b02e45dda9ed693778666e62bd1.pkl,0
D:\08_Dataset\Internal\mar2020\pickle_files\b77d2a99fe5773759e5162e398ac1bd57d8b4695.pkl,0
D:\08_Dataset\Internal\mar2020\pickle_files\51de700cb236c4b3772d7ef98023546bb5652024.pkl,0
D:\08_Dataset\Internal\mar2020\pickle_files\152eb9d2ebbfea0cd982ce5c46c6eace715ddb0d.pkl,0
D:\08_Dataset\Internal\mar2020\pickle_files\e68938996330ba9cb358e6cf3655430a789074e0.pkl,0
D:\08_Dataset\Internal\mar2020\pickle_files\0d6b58499f1b6c086471507c02ac9cf7ffef9359.pkl,0
D:\08_Dataset\Internal\mar2020\pickle_files\38cace8cfef63b2dff72f0345fe45354760513a7.pkl,0
D:\08_Dataset\Internal\mar2020\pickle_files\a0146c5bc1d579ad110a5e8e765987e555e407ab.pkl,0
D:\08_Dataset\Internal\mar2020\pickle_files\81db2d8c9d5293b95979a02942f0bf7c2e494efc.pkl,0
D:\08_Dataset\Internal\mar2020\pickle_files\47774ab07589453bc08e00ad05ccab88053a87e0.pkl,0
D:\08_Dataset\Internal\mar2020\pickle_files\1143339998a01a78e8bc17392aa9114598a895bf.pkl,0
D:\08_Dataset\Internal\mar2020\pickle_files\675092e33770e88f9cd64262ba28699d0cedfffa.pkl,0
D:\08_Dataset\Internal\mar2020\pickle_files\ad03424a69e2d5bb13dd5a95e5e23797ed43dcfb.pkl,0
D:\08_Dataset\Internal\mar2020\pickle_files\dc425dbc7335af3ccfd3bf4b0d35198d6cead398.pkl,0
D:\08_Dataset\Internal\mar2020\pickle_files\a8f38cab3e8027a9e333f91652ceeff813f1b92b.pkl,0
D:\08_Dataset\Internal\mar2020\pickle_files\31341db6f4c673b77365e6405799461d32667fc2.pkl,0
D:\08_Dataset\Internal\mar2020\pickle_files\f86afb52fe104dbeb31db79cefc9dc399767ed0e.pkl,0
D:\08_Dataset\Internal\mar2020\pickle_files\5bac4155c2c934dfa34fd980575daf56228c0360.pkl,0
D:\08_Dataset\Internal\mar2020\pickle_files\92d159498fd724ef3e0db611dc60f79b72a12d6b.pkl,0
D:\08_Dataset\Internal\mar2020\pickle_files\0c20929344a776a64f0cca0baa601780655d985e.pkl,0
D:\08_Dataset\Internal\mar2020\pickle_files\8d1d236c599fdffd3bbb2cc6825b99791fbec395.pkl,0
D:\08_Dataset\Internal\mar2020\pickle_files\bd3bcca48fb211268750f5dee208722679e128ec.pkl,0
D:\08_Dataset\Internal\mar2020\pickle_files\c911c19ed4ff06ecd31b3ad8b0fa7744fdda3760.pkl,0
D:\08_Dataset\Internal\mar2020\pickle_files\d632b9ee5cdf8168cd554f55c8211375bbd4c563.pkl,0
D:\08_Dataset\Internal\mar2020\pickle_files\9dc604f7441cf8fc849cc7c4ab4d368579025b25.pkl,0
D:\08_Dataset\Internal\mar2020\pickle_files\466ebc69f76fb5cb40cbdd058d9cf3912a850fb7.pkl,0
D:\08_Dataset\Internal\mar2020\pickle_files\5939608e6b569c4585427abad9eb2944db6e51b5.pkl,0
D:\08_Dataset\Internal\mar2020\pickle_files\9bd0589c5dbef9a8764879cc9d8bc8566c992e8e.pkl,0
D:\08_Dataset\Internal\mar2020\pickle_files\dc0cf9c82ea62cd6e650d66fc047054812b5ce66.pkl,0
D:\08_Dataset\Internal\mar2020\pickle_files\140d9650b3e12d6eaeab6be804ad351475d2963e.pkl,0
D:\08_Dataset\Internal\mar2020\pickle_files\93f15a8ac5b357aea50bb3bf49ac54ad37950d1d.pkl,0
D:\08_Dataset\Internal\mar2020\pickle_files\6833b6d8f9e001ca25e59358039aac922e49bbbf.pkl,0
D:\08_Dataset\Internal\mar2020\pickle_files\ee2d750808abe9d055cda9f691f8d045de7a5b8e.pkl,0
D:\08_Dataset\Internal\mar2020\pickle_files\8e74b88fadf52f72757f062d59b10376413be876.pkl,0
D:\08_Dataset\Internal\mar2020\pickle_files\12d1dd6249219ca5422a28533569be6b4ed516fb.pkl,0
D:\08_Dataset\Internal\mar2020\pickle_files\d210701120e60ccf0b8b65b0bb1967a84215db01.pkl,0
D:\08_Dataset\Internal\mar2020\pickle_files\2556783e4f62c530adcb55d420f3915edd547d02.pkl,0
D:\08_Dataset\Internal\mar2020\pickle_files\171c583f5fc9afdbedd96a152ba00b9bce754f79.pkl,0
D:\08_Dataset\Internal\mar2020\pickle_files\11dc7e6aa26f0472e77bf7159b945dbb24b7c80c.pkl,0
D:\08_Dataset\Internal\mar2020\pickle_files\1aabb153aca5a873e2969f070e76640a680ef4aa.pkl,0
D:\08_Dataset\Internal\mar2020\pickle_files\a6c5d99a3d83358da0a6e8c75036f5b25d14a3c7.pkl,0
D:\08_Dataset\Internal\mar2020\pickle_files\adb58a851adb1d3bf8f5f77e5c539a168fb41563.pkl,0
D:\08_Dataset\Internal\mar2020\pickle_files\6d8ff25e3a38242d92fc142da1a0c4e34cd1d2dd.pkl,0
D:\08_Dataset\Internal\mar2020\pickle_files\65513b3bc6b200e0a6883bebd5a95629ac6ea307.pkl,0
D:\08_Dataset\Internal\mar2020\pickle_files\db89da397e1091dfbc79b8fecbd491f86ff958a3.pkl,0
D:\08_Dataset\Internal\mar2020\pickle_files\0d3fc8f2eb4e9b3639b6072e7983ca003d352c5f.pkl,0
D:\08_Dataset\Internal\mar2020\pickle_files\d600fc0a0a19f63d70386528caae131c1b5918c0.pkl,0
D:\08_Dataset\Internal\mar2020\pickle_files\9c06be8f5563a5c2ea0a74b787cb00a8ee45ff64.pkl,0
D:\08_Dataset\Internal\mar2020\pickle_files\67cf4ee8be710e920fc7d0f7f2c9c00415518e1d.pkl,0
D:\08_Dataset\Internal\mar2020\pickle_files\2d8f09908a0221f69f201ff2005a6d650498eb47.pkl,0
D:\08_Dataset\Internal\mar2020\pickle_files\68aced19abcd136c4e01f7eeaead9920bfdf4f43.pkl,0
D:\08_Dataset\Internal\mar2020\pickle_files\f69b98e001d427923400c793f8b13a4c65d6db0c.pkl,0
D:\08_Dataset\Internal\mar2020\pickle_files\dabdeeb15496acce0562b7dd5ba04ae04a1fd2c8.pkl,0
D:\08_Dataset\Internal\mar2020\pickle_files\11e2bdd0798761f93cce363329996af6c17ed796.pkl,0
D:\08_Dataset\Internal\mar2020\pickle_files\31eee7114eed6b0d2fb77c9f3605057639050786.pkl,0
D:\08_Dataset\Internal\mar2020\pickle_files\9dc4dd8a57edef289db13eb4a645ba6dbc308f0e.pkl,0
D:\08_Dataset\Internal\mar2020\pickle_files\52b9f64f72d3918d111f4639f083195ccff15cfe.pkl,0
D:\08_Dataset\Internal\mar2020\pickle_files\ec95a168d8c1a63a49cfe69155de1dfd7e9deb10.pkl,0
D:\08_Dataset\Internal\mar2020\pickle_files\e4acca68025b2d2d27d46ef66d8a22dc2acd91c6.pkl,0
D:\08_Dataset\Internal\mar2020\pickle_files\1c7336a8ffacc4c60ec4cab8e9001bd3abdde66b.pkl,0
D:\08_Dataset\Internal\mar2020\pickle_files\bcbe4047cdcd6464343dc75121fe14d424eed611.pkl,0
D:\08_Dataset\Internal\mar2020\pickle_files\27eaaa190209b141168c60b1cf5ffcb9c635e167.pkl,0
D:\08_Dataset\Internal\mar2020\pickle_files\c8e78f69569f9887737cde4965235609ca64566a.pkl,0
D:\08_Dataset\Internal\mar2020\pickle_files\185cd595c19dec765d5fcbdff914140b5354a864.pkl,0
D:\08_Dataset\Internal\mar2020\pickle_files\b7c9b6a809045c05fa2f996c214ac2fa3c822c2c.pkl,0
D:\08_Dataset\Internal\mar2020\pickle_files\0b5420cbaff9fd5a1cd9a6300386794d433e9a1b.pkl,0
D:\08_Dataset\Internal\mar2020\pickle_files\66b11f336e25226c76f0de2bcf7c02d062a18623.pkl,0
D:\08_Dataset\Internal\mar2020\pickle_files\c37a342d5af7a29130a930c887899b659d8bd8d7.pkl,0
D:\08_Dataset\Internal\mar2020\pickle_files\875181c0348474ef88363a821c06c27780fb4f2a.pkl,0
D:\08_Dataset\Internal\mar2020\pickle_files\763becb128b947af8f1ff93e2d1c98adfd10538d.pkl,0
D:\08_Dataset\Internal\mar2020\pickle_files\d576a41f8e44eefd98b1112f3e9465a1afd0c645.pkl,0
D:\08_Dataset\Internal\mar2020\pickle_files\a838e6161cb8238025fe83c66db6150d4db0f7e9.pkl,0
D:\08_Dataset\Internal\mar2020\pickle_files\5d88ee68c46ec4b9fa0b6a3f3b38e9697a1bcb99.pkl,0
D:\08_Dataset\Internal\mar2020\pickle_files\4fb8962e988a49403910bc6d97163a27b717edb7.pkl,0
D:\08_Dataset\Internal\mar2020\pickle_files\ebb2144e430e2bf8db186f751971895fa01efe6b.pkl,0
D:\08_Dataset\Internal\mar2020\pickle_files\c0d5ad1a6f15d057fe0874a95ad37fc3b7b4e0eb.pkl,0
D:\08_Dataset\Internal\mar2020\pickle_files\0dcb90f0c49f585d816d6ad08d2452f7a7f5ea37.pkl,0
D:\08_Dataset\Internal\mar2020\pickle_files\1607b067121197dee1a78ae8d1742ed3bb528eb0.pkl,0
D:\08_Dataset\Internal\mar2020\pickle_files\a975043a7b43a331e4fdb71e2ca75ad1c18ddbc6.pkl,0
D:\08_Dataset\Internal\mar2020\pickle_files\18a9b49ae95017a2a77f355cbba3b3349d0aade3.pkl,0
D:\08_Dataset\Internal\mar2020\pickle_files\8aaa746f8bc6ac4e52257a046311a39bf72c8aec.pkl,0
D:\08_Dataset\Internal\mar2020\pickle_files\6e9e40419900e0a6d047b9b8fec92a28fcf9396f.pkl,0
D:\08_Dataset\Internal\mar2020\pickle_files\230f9b86abde6135c30d52e5e6319433776f3e54.pkl,0
D:\08_Dataset\Internal\mar2020\pickle_files\e99f8644c3d4292fa36b13a0f871ed7b0ca11ac5.pkl,0
D:\08_Dataset\Internal\mar2020\pickle_files\54acc0779136994090d27562b66ca978a2130257.pkl,0
D:\08_Dataset\Internal\mar2020\pickle_files\5ad8466e1e65f74357a89c6aeecff089990f44b6.pkl,0
D:\08_Dataset\Internal\mar2020\pickle_files\7d2f3c85a485ff4700ad544ad6fcedab39c715eb.pkl,0
D:\08_Dataset\Internal\mar2020\pickle_files\1b79eb2b1bc4197c83743f987bd226856cc5bb54.pkl,0
D:\08_Dataset\Internal\mar2020\pickle_files\3b1d8670b8b0a0376966e9768ce4422c11434c2b.pkl,0
D:\08_Dataset\Internal\mar2020\pickle_files\ff78d006bba0bd3165f12981e68c2af500dc9216.pkl,0
D:\08_Dataset\Internal\mar2020\pickle_files\92e054d0b945cfaad876d6ed01c1fe94fe9667fb.pkl,0
D:\08_Dataset\Internal\mar2020\pickle_files\c54342925af3dd31de294a5fb666b1d5d3a93f68.pkl,0
D:\08_Dataset\Internal\mar2020\pickle_files\e5e1ede9cf2653c062edd3f53bd48a22b552885c.pkl,0
D:\08_Dataset\Internal\mar2020\pickle_files\36773da58c1f04fb06bc1be82fa40d8677e24aea.pkl,0
D:\08_Dataset\Internal\mar2020\pickle_files\8438759b80b2f3e1f47ae218bb994224b436a073.pkl,0
D:\08_Dataset\Internal\mar2020\pickle_files\979eea4fb023a005d08c74f4f31cea8772fdfd33.pkl,0
D:\08_Dataset\Internal\mar2020\pickle_files\fca982bc7efe1900440b2621c20b3fb215aeabf6.pkl,0
D:\08_Dataset\Internal\mar2020\pickle_files\ee45edb163b12d20d846611b6307c2ca6977ab76.pkl,0
D:\08_Dataset\Internal\mar2020\pickle_files\820eaff06754d13b0a575667965a16fc5eb9b7c6.pkl,0
D:\08_Dataset\Internal\mar2020\pickle_files\c7a4fc6cd47cad99571b141e136270b66b222321.pkl,0
D:\08_Dataset\Internal\mar2020\pickle_files\8d19b64acd6f0894d9de83920be3cddc41f74aa3.pkl,0
D:\08_Dataset\Internal\mar2020\pickle_files\10c28ddde39d63ba7908db6fa4b839053366b48f.pkl,0
D:\08_Dataset\Internal\mar2020\pickle_files\f18fc4c876582fdb58d8fe79cb461acd8c4b0fa5.pkl,0
D:\08_Dataset\Internal\mar2020\pickle_files\a4758a2cfcd7493fb52dabb1e4f48caa5e4537ac.pkl,0
D:\08_Dataset\Internal\mar2020\pickle_files\2bbd7dd9a290d0d236dc901b937b4b3efcd2960d.pkl,0
D:\08_Dataset\Internal\mar2020\pickle_files\f2c436e0d97f938404ec4b49211e1d746975dd6b.pkl,0
D:\08_Dataset\Internal\mar2020\pickle_files\f5045e10b993d9dabc6bbae724e77c9fe469f960.pkl,0
D:\08_Dataset\Internal\mar2020\pickle_files\deec19fcd6459394fd7ef2403f09352b518577a1.pkl,0
D:\08_Dataset\Internal\mar2020\pickle_files\8384effbd9562c0e7d1398f77bee35f8a15afe62.pkl,0
D:\08_Dataset\Internal\mar2020\pickle_files\e057a42c4cbd52225c1b0e8bead4479dadba46f3.pkl,0
D:\08_Dataset\Internal\mar2020\pickle_files\7ebf452491b6e1f02a1fcb51e0fb2f6a065c6f6a.pkl,0
D:\08_Dataset\Internal\mar2020\pickle_files\66af7fa0d52ecad5537c701ecb8182c65f56bf0a.pkl,0
D:\08_Dataset\Internal\mar2020\pickle_files\10e0ed531aca38a10129d69fd50d0327d51b27c6.pkl,0
D:\08_Dataset\Internal\mar2020\pickle_files\84667374f42eb0d065e0b5daefd37c78b5279a14.pkl,0
D:\08_Dataset\Internal\mar2020\pickle_files\7c23b7796bc26b34064ca4008d765f92f54925c5.pkl,0
D:\08_Dataset\Internal\mar2020\pickle_files\83dbd9324866ab0376ed4d21c0d1175c254cb041.pkl,0
D:\08_Dataset\Internal\mar2020\pickle_files\6bf13f53f28342203b68451597c50ea347a3193e.pkl,0
D:\08_Dataset\Internal\mar2020\pickle_files\cda9712cc64cb0f9091e20d95783c45e74616f36.pkl,0
D:\08_Dataset\Internal\mar2020\pickle_files\bdf6c163dda9ccc4795e2188a2fd97581530f71f.pkl,0
D:\08_Dataset\Internal\mar2020\pickle_files\d751d91434c331cf2d12764741daec28160bea96.pkl,0
D:\08_Dataset\Internal\mar2020\pickle_files\f8687e58404d37fcea30b8898ff11b45c511c4ea.pkl,0
D:\08_Dataset\Internal\mar2020\pickle_files\6dd151c949d4cfe3d7fed951949c53b558dce65c.pkl,0
D:\08_Dataset\Internal\mar2020\pickle_files\7079d9b5d34fa2ab6de2a0f96c26909b2a6e1043.pkl,0
D:\08_Dataset\Internal\mar2020\pickle_files\d7cce58467c2f06597f9f27e0893c867d593f142.pkl,0
D:\08_Dataset\Internal\mar2020\pickle_files\f51ec576201a2c03d68ee399be9d486f898cff7c.pkl,0
D:\08_Dataset\Internal\mar2020\pickle_files\17bfdc4f2fdda238a19b6af000613b484ad61b23.pkl,0
D:\08_Dataset\Internal\mar2020\pickle_files\50815fe02ecd22dbbf4fce2f84ec66d009b22901.pkl,0
D:\08_Dataset\Internal\mar2020\pickle_files\93a1a3f159e743e3dcc392d0c5bc498f0374e607.pkl,0
D:\08_Dataset\Internal\mar2020\pickle_files\05c81861e148ced32533b17719b7ad7a6a12cfec.pkl,0
D:\08_Dataset\Internal\mar2020\pickle_files\a9038201e57e6400f0be5f72a49cfc1dac64c869.pkl,0
D:\08_Dataset\Internal\mar2020\pickle_files\bff95c433c58c237242bdf1ee7185b962c950c40.pkl,0
D:\08_Dataset\Internal\mar2020\pickle_files\c31f847fe62276863ca65928d92457a836abb429.pkl,0
D:\08_Dataset\Internal\mar2020\pickle_files\6db88702c26f7db8a2e7debe34b20f11b57b44df.pkl,0
D:\08_Dataset\Internal\mar2020\pickle_files\c82c0633b9608e177d0d0557cf843b456c093030.pkl,0
D:\08_Dataset\Internal\mar2020\pickle_files\ee8cbf12d87c4d388f09b4f69bed2e91682920b5.pkl,0
D:\08_Dataset\Internal\mar2020\pickle_files\48107451357d1ca7ea0c9465c079a9b21510a28e.pkl,0
D:\08_Dataset\Internal\mar2020\pickle_files\d11758f48c1a056b5817f05f6dc9f4507dcdde22.pkl,0
D:\08_Dataset\Internal\mar2020\pickle_files\8ebb75867ae5839d6ad50a5f5ac0904eea3b411a.pkl,0
D:\08_Dataset\Internal\mar2020\pickle_files\48dc538af50f9f5126df46a01eb5037bef137adf.pkl,0
D:\08_Dataset\Internal\mar2020\pickle_files\062ec59b34b9c65b983aef4c1e0b697c85c96c61.pkl,0
D:\08_Dataset\Internal\mar2020\pickle_files\e2ff00952407eee5419dbe0a08b41d636e3cde0f.pkl,0
D:\08_Dataset\Internal\mar2020\pickle_files\e253800add97f83bcfeaa2575b600883207b7328.pkl,0
D:\08_Dataset\Internal\mar2020\pickle_files\fdd21ecc09419d44a63a5f1d006d96d2eec6e5bd.pkl,0
D:\08_Dataset\Internal\mar2020\pickle_files\7e40ad057f31890f7058c6c8c859fc7f1f77af3d.pkl,0
D:\08_Dataset\Internal\mar2020\pickle_files\c43e7d10bd648b2ef247ae8fc3d030b921c57ec3.pkl,0
D:\08_Dataset\Internal\mar2020\pickle_files\e9653d9b7e0cf4aa36185aa9a7c3dce0471010e1.pkl,0
D:\08_Dataset\Internal\mar2020\pickle_files\1070692a02c79918642fde050c079de320d2b89d.pkl,0
D:\08_Dataset\Internal\mar2020\pickle_files\80ede94b5fe28b7b69e8d3c90f1433dc651118cf.pkl,0
D:\08_Dataset\Internal\mar2020\pickle_files\2af8f4a22bf84b8a2fa4f53d79d8be1c224c9a8a.pkl,0
D:\08_Dataset\Internal\mar2020\pickle_files\b1855091f57c5816563cfd7b7ba1925be00c3034.pkl,0
D:\08_Dataset\Internal\mar2020\pickle_files\25b929edb9dc4f415e6421e77f47227bc6bfdc20.pkl,0
D:\08_Dataset\Internal\mar2020\pickle_files\cb0b18d715347d903dcb14a687371aa86cccd529.pkl,0
D:\08_Dataset\Internal\mar2020\pickle_files\0f52eb83892462c5256671ad32b42e5bf4b9c3b8.pkl,0
D:\08_Dataset\Internal\mar2020\pickle_files\a03396e15d124acf1d59d71a81f64e4b6aecfa7d.pkl,0
D:\08_Dataset\Internal\mar2020\pickle_files\9b4cb142ba0864366d9cdcbad752f2de64b94268.pkl,0
D:\08_Dataset\Internal\mar2020\pickle_files\0a2bcc3a2d94aed1a4901789c1d6465a0851e1b8.pkl,0
D:\08_Dataset\Internal\mar2020\pickle_files\b55c27da75b44abe364c066c2236a7a1f8a679ce.pkl,0
D:\08_Dataset\Internal\mar2020\pickle_files\b89b3bbb6fabeff410d2573bf5f57bcb3a07ec7f.pkl,0
D:\08_Dataset\Internal\mar2020\pickle_files\530f056f795c2e2e2c035612f6b9c7cd2df428a7.pkl,0
D:\08_Dataset\Internal\mar2020\pickle_files\2916f02c24b0649965b36b75c2af5455c2123de5.pkl,0
D:\08_Dataset\Internal\mar2020\pickle_files\49d0ca44d1b8ee41f0c5a00bfb811635ba404c05.pkl,0
D:\08_Dataset\Internal\mar2020\pickle_files\4b9cca7bd204b3f15eb55317f27956d8250673e0.pkl,0
D:\08_Dataset\Internal\mar2020\pickle_files\8ff49798b696df2ce9be9f687a5a1bac8fdc8a62.pkl,0
D:\08_Dataset\Internal\mar2020\pickle_files\f3c44446d6ddd988c60781b34648a1eecbbdb6d8.pkl,0
D:\08_Dataset\Internal\mar2020\pickle_files\96ff389de3c804d5fbcc282703b5bb03141f9684.pkl,0
D:\08_Dataset\Internal\mar2020\pickle_files\7b1ff39621d704665f392cb19171b8337e042d7d.pkl,0
D:\08_Dataset\Internal\mar2020\pickle_files\ddef71f0c7050372cdbdbccf1ff36c510af17bfa.pkl,0
D:\08_Dataset\Internal\mar2020\pickle_files\afab8afce51b232abbb9b7495e42fb014235227d.pkl,0
D:\08_Dataset\Internal\mar2020\pickle_files\11ccd8028662d66e417cfe5c3840318dc7b70f50.pkl,0
D:\08_Dataset\Internal\mar2020\pickle_files\5d69372f5f0a49da933ac11825d059171bac071a.pkl,0
D:\08_Dataset\Internal\mar2020\pickle_files\47c3e4d725ef20dbfd8277b8ce50064084210ac0.pkl,0
D:\08_Dataset\Internal\mar2020\pickle_files\b044776fc9609904bc6e664ec88e2cf6fd204f6c.pkl,0
D:\08_Dataset\Internal\mar2020\pickle_files\4f83e06df5887fe6ef7a98e7608aa72bbf7513af.pkl,0
D:\08_Dataset\Internal\mar2020\pickle_files\ec91f55eacb5939e8415226e1ad80ae8a320812d.pkl,0
D:\08_Dataset\Internal\mar2020\pickle_files\1e95b80f680f3d7cb847b15dfb95aa29b44d46eb.pkl,0
D:\08_Dataset\Internal\mar2020\pickle_files\f275c531d4769a6ed9215708a87853960d48cff1.pkl,0
D:\08_Dataset\Internal\mar2020\pickle_files\18b3a2c46daff0723287280443ab8f898b2a7136.pkl,0
D:\08_Dataset\Internal\mar2020\pickle_files\cda2343af4a6d25343681172d217b0d85f5f6559.pkl,0
D:\08_Dataset\Internal\mar2020\pickle_files\ebe510bee7521f28a78cfcf3f093e79644f496ad.pkl,0
D:\08_Dataset\Internal\mar2020\pickle_files\68718a96e2b253e02d0ff9a060b7ae88667fda79.pkl,0
D:\08_Dataset\Internal\mar2020\pickle_files\bfe3611c72de4142bc246b45c66480c3a215b239.pkl,0
D:\08_Dataset\Internal\mar2020\pickle_files\7ec7c67b5eb968d2355ed52194d9c89fc36cf6d4.pkl,0
D:\08_Dataset\Internal\mar2020\pickle_files\5198364b9ceae9d6081b734a502bd22d45c65404.pkl,0
D:\08_Dataset\Internal\mar2020\pickle_files\c374f6caaae90e329f7c8bfad5baa24a77d243eb.pkl,0
D:\08_Dataset\Internal\mar2020\pickle_files\f06fa453bb19d2b62969850654f7e6aebf4c5f72.pkl,0
D:\08_Dataset\Internal\mar2020\pickle_files\d79d61e8751e72b5a6d68cf36e76c446e42e82ac.pkl,0
D:\08_Dataset\Internal\mar2020\pickle_files\184e4f3cf43d69d68da2dd93b68be203e879a207.pkl,0
D:\08_Dataset\Internal\mar2020\pickle_files\252fc3077c95586bf4eaaa07db99c3957ea9ac64.pkl,0
D:\08_Dataset\Internal\mar2020\pickle_files\5169e02ad2fd23eaf2b931e1abe31756c8b1b6d5.pkl,0
D:\08_Dataset\Internal\mar2020\pickle_files\4acaf95aba397ba94cc683a2bbea18219012d23f.pkl,0
D:\08_Dataset\Internal\mar2020\pickle_files\91594e48182faa21f287fe7906980811c22ae01c.pkl,0
D:\08_Dataset\Internal\mar2020\pickle_files\dd71d445da9ce9e11664c6791dfcc7379a266f32.pkl,0
D:\08_Dataset\Internal\mar2020\pickle_files\21a623d7e72bf9c0f8ea6b94228c27760ec3a773.pkl,0
D:\08_Dataset\Internal\mar2020\pickle_files\a449bf0851f9f2a95e4f580bed574d5a9977c564.pkl,0
D:\08_Dataset\Internal\mar2020\pickle_files\a1f7ef2aee0daeeb62c320112dd74215a2972350.pkl,0
D:\08_Dataset\Internal\mar2020\pickle_files\3423e02c5c29914e80c381a36f531ee2e8bdb9f9.pkl,0
D:\08_Dataset\Internal\mar2020\pickle_files\ce8636c9105b69edb55c4dc7f4abf54ffa65afa5.pkl,0
D:\08_Dataset\Internal\mar2020\pickle_files\d6c1c8843b7410515a12b32b6133cd7e46ef4ade.pkl,0
D:\08_Dataset\Internal\mar2020\pickle_files\2bdbb10e935d20d7fe093cbca65e4905705b7961.pkl,0
D:\08_Dataset\Internal\mar2020\pickle_files\60d9533ef6e7786aca70f938884109b7dfb0972f.pkl,0
D:\08_Dataset\Internal\mar2020\pickle_files\98c510d1905d1861a2581c80356635ec63046b13.pkl,0
D:\08_Dataset\Internal\mar2020\pickle_files\92a32d96fa64f69f9d6e16a8416075d1681b0098.pkl,0
D:\08_Dataset\Internal\mar2020\pickle_files\ceeb540d3431d66310a69aab51fc24c4c7523493.pkl,0
D:\08_Dataset\Internal\mar2020\pickle_files\b98a85f782b46d7f843f3b5f1b19cb546f6c7889.pkl,0
D:\08_Dataset\Internal\mar2020\pickle_files\82c430466aa052fa6074e902d7d6acd816323768.pkl,0
D:\08_Dataset\Internal\mar2020\pickle_files\d17a789ba56216807b9feb8728879c73d06368ad.pkl,0
D:\08_Dataset\Internal\mar2020\pickle_files\985c921618a2f383ca03ea586778da8e793b41f7.pkl,0
D:\08_Dataset\Internal\mar2020\pickle_files\bb9d4dd0066b2f1e1e96f1689f86a44676c86178.pkl,0
D:\08_Dataset\Internal\mar2020\pickle_files\f7999f5b132e10c902d2282fa7ef998bfe629892.pkl,0
D:\08_Dataset\Internal\mar2020\pickle_files\3cb16274b63a81fe1e636af9522e7dc2c72c9b0b.pkl,0
D:\08_Dataset\Internal\mar2020\pickle_files\25989a1354c1e59cefe62a85a958a013ad28c35f.pkl,0
D:\08_Dataset\Internal\mar2020\pickle_files\19f9e885023a2b61c9d241dc2dae84f968fd5916.pkl,0
D:\08_Dataset\Internal\mar2020\pickle_files\52501d31d8b990109d3e5255cd882c6eab768819.pkl,0
D:\08_Dataset\Internal\mar2020\pickle_files\e4c004c56bad61ade185aa29057459a4966893b6.pkl,0
D:\08_Dataset\Internal\mar2020\pickle_files\4cd37b89f08085918696df454b43aacba6fce392.pkl,0
D:\08_Dataset\Internal\mar2020\pickle_files\aedaff0a28ebb06868fe24d1fc4809068295f6d7.pkl,0
D:\08_Dataset\Internal\mar2020\pickle_files\9ccc30bdbb33a8b2b33f268b1398b103d34e63c5.pkl,0
D:\08_Dataset\Internal\mar2020\pickle_files\5259aa1225849e9b47694c55016367d0a03ffda2.pkl,0
D:\08_Dataset\Internal\mar2020\pickle_files\ad1ec6c46305ff9f37abe7cbdfec7c37810ecc3b.pkl,0
D:\08_Dataset\Internal\mar2020\pickle_files\b936f92c844c8b1154e77a4e2b268e3032ef7029.pkl,0
D:\08_Dataset\Internal\mar2020\pickle_files\6b92ccb2c94c7c892cc179ef43a253e88ce995e5.pkl,0
D:\08_Dataset\Internal\mar2020\pickle_files\fca712a60567977adbbda1af0aa5149b40a5267e.pkl,0
D:\08_Dataset\Internal\mar2020\pickle_files\084a98bb9c319404afc8d4a2bb573d039c3e1e3d.pkl,0
D:\08_Dataset\Internal\mar2020\pickle_files\0aa19c5a9fb3d7dc0d22edac1f0f8fa88493054e.pkl,0
D:\08_Dataset\Internal\mar2020\pickle_files\d93c34c8f38519d5b53ebe74e67e14b0817548bc.pkl,0
D:\08_Dataset\Internal\mar2020\pickle_files\02bad1b3161560e02e6d29f109b50507d95243f8.pkl,0
D:\08_Dataset\Internal\mar2020\pickle_files\1a09aecd4ff006a8b6e7271c68cef24bba90703d.pkl,0
D:\08_Dataset\Internal\mar2020\pickle_files\27c4c64b32ce7e7733684cee2eb7c4e4831d946b.pkl,0
D:\08_Dataset\Internal\mar2020\pickle_files\06b13ff3276421470e920959dc203ae01e8eb8b3.pkl,0
D:\08_Dataset\Internal\mar2020\pickle_files\35cc255830d07a2c4cc17b3ddbae4c365a479ee1.pkl,0
D:\08_Dataset\Internal\mar2020\pickle_files\862e996551e3648d68ec496373b3cb1106267ac8.pkl,0
D:\08_Dataset\Internal\mar2020\pickle_files\e22ae6a185ad8addbd8d7acba190228d9056855d.pkl,0
D:\08_Dataset\Internal\mar2020\pickle_files\f797da6f9fb7c910c88c2e0537d0e2855355fb6f.pkl,0
D:\08_Dataset\Internal\mar2020\pickle_files\de9472f2aec62bc2f5635fe9bff92a7c8d369478.pkl,0
D:\08_Dataset\Internal\mar2020\pickle_files\69515dfc45f1cb12cea2a4e50c52f3982b2a3ac0.pkl,0
D:\08_Dataset\Internal\mar2020\pickle_files\73198eae3ba25f4b08573b5875cc548836e5ecfa.pkl,0
D:\08_Dataset\Internal\mar2020\pickle_files\812e22381d45e33c03d8187ad19537e5de00d6ad.pkl,0
D:\08_Dataset\Internal\mar2020\pickle_files\cb46d89945bc7dc012003588ff3b86660c1eb094.pkl,0
D:\08_Dataset\Internal\mar2020\pickle_files\a4b24813daeb8530f6ed748276b91d21b7ba6b68.pkl,0
D:\08_Dataset\Internal\mar2020\pickle_files\094a493c3f1f67c42771a2c8c7d5e3108965cf6e.pkl,0
D:\08_Dataset\Internal\mar2020\pickle_files\588d9c810cd4efa1caca291e48513924cf4a78b7.pkl,0
D:\08_Dataset\Internal\mar2020\pickle_files\27ded5ffd382de000fd0a7c4da5af679d276aed0.pkl,0
D:\08_Dataset\Internal\mar2020\pickle_files\e6831f60418b3c576f4e613167b570a012ff9f49.pkl,0
D:\08_Dataset\Internal\mar2020\pickle_files\6dc31692a1a91362d6968516306c345cf5134a9b.pkl,0
D:\08_Dataset\Internal\mar2020\pickle_files\87b3d75cef2cca9fb44368128110b555fceb90a8.pkl,0
D:\08_Dataset\Internal\mar2020\pickle_files\b11fa2a0f0005e7386c8366eeae265e705351541.pkl,0
D:\08_Dataset\Internal\mar2020\pickle_files\fefb3a10f37657b9c93db9e4bd3d6b286f8623cd.pkl,0
D:\08_Dataset\Internal\mar2020\pickle_files\a329d35ae8399124141e396f6c93e1b5d04e6978.pkl,0
D:\08_Dataset\Internal\mar2020\pickle_files\9e972b58b6cd001fb5bd4ba7682b43508887bdb0.pkl,0
D:\08_Dataset\Internal\mar2020\pickle_files\05bf1329514014297e0f686bf6a183864cdd367c.pkl,0
D:\08_Dataset\Internal\mar2020\pickle_files\48baeb263d9b055e3a997aa8bce6047ff7cab3c4.pkl,0
D:\08_Dataset\Internal\mar2020\pickle_files\8d35018916dd7942975887c362905bf7aa2a9f20.pkl,0
D:\08_Dataset\Internal\mar2020\pickle_files\b1bd1e46a1058224b9d4f3c7f1422595a386fa0a.pkl,0
D:\08_Dataset\Internal\mar2020\pickle_files\bcfd6eab3b532c129a3aeb16102f60015b88f2e6.pkl,0
D:\08_Dataset\Internal\mar2020\pickle_files\d1f05969a0eea85f2d96cb3b235ce4838d7c0039.pkl,0
D:\08_Dataset\Internal\mar2020\pickle_files\3c75138c7974cf4da8dc95f011832ca68ab0cb32.pkl,0
D:\08_Dataset\Internal\mar2020\pickle_files\a2690d8c8a89756414daeae0f0612ce93b07c2be.pkl,0
D:\08_Dataset\Internal\mar2020\pickle_files\afaf4994707ba125f3f51f29b5cd2e3be55c4850.pkl,0
D:\08_Dataset\Internal\mar2020\pickle_files\528e7338e905fa5cea7b16de5f596b5eea51d3d0.pkl,0
D:\08_Dataset\Internal\mar2020\pickle_files\a59866095650147e8f80d62f6b0970d5f5b19cbb.pkl,0
D:\08_Dataset\Internal\mar2020\pickle_files\52d39047ec6c8efa85a4fd728e151f6cad7bcdb4.pkl,0
D:\08_Dataset\Internal\mar2020\pickle_files\f3e5257ccd573bbfdec45cbef961a052dce9f09f.pkl,0
D:\08_Dataset\Internal\mar2020\pickle_files\90c3c45d4d14b51ef3cce458abe6de43e8dd0c31.pkl,0
D:\08_Dataset\Internal\mar2020\pickle_files\8e1a719b1e93437247240d338414d90d6979c6bd.pkl,0
D:\08_Dataset\Internal\mar2020\pickle_files\922ad387fb61edf67b0302d0eb3fc4ff6a246012.pkl,0
D:\08_Dataset\Internal\mar2020\pickle_files\a946f2a28fe3a0bc55c97d270f73254414c0301e.pkl,0
D:\08_Dataset\Internal\mar2020\pickle_files\ad7174dca0ab460c7fdca44429c54315221d2e54.pkl,0
D:\08_Dataset\Internal\mar2020\pickle_files\881689ee5f34e48e331c783ecac7c4b6c4b6fa00.pkl,0
D:\08_Dataset\Internal\mar2020\pickle_files\b08b14aba1c59932b304de50a0047306c47732ed.pkl,0
D:\08_Dataset\Internal\mar2020\pickle_files\24515e6e105b27424a2f023a12f4a9d4ec1626b6.pkl,0
D:\08_Dataset\Internal\mar2020\pickle_files\6353688f7c0d26967891d6df205b9783dd9f547a.pkl,0
D:\08_Dataset\Internal\mar2020\pickle_files\67d98bbd749b9277defee3cee3b2f93f3ef340c7.pkl,0
D:\08_Dataset\Internal\mar2020\pickle_files\1274b99ec9037ec9ddcb254701c047e07fdd11ea.pkl,0
D:\08_Dataset\Internal\mar2020\pickle_files\144ce5c890f07a43b656c8aabcd7c81e7785d9ee.pkl,0
D:\08_Dataset\Internal\mar2020\pickle_files\b768b0599360abb86996461b330962debccc040b.pkl,0
D:\08_Dataset\Internal\mar2020\pickle_files\f50f6cb9274361b172248c4494b9302ce8e3829b.pkl,0
D:\08_Dataset\Internal\mar2020\pickle_files\ff2fcc32fb6450fed3c823250ba6cd27f1ada80b.pkl,0
D:\08_Dataset\Internal\mar2020\pickle_files\91f0076232f47aad6b7fd00f949bcf240641d92c.pkl,0
D:\08_Dataset\Internal\mar2020\pickle_files\fc38da634bdced4329e1bb11cf0f299ebac0a46c.pkl,0
D:\08_Dataset\Internal\mar2020\pickle_files\287d2541734156449d81a5b890392719c7c10357.pkl,0
D:\08_Dataset\Internal\mar2020\pickle_files\3ec4e8803af36647149768861ecf5bd1875feedd.pkl,0
D:\08_Dataset\Internal\mar2020\pickle_files\67220f171803499a0588a737abc388160da9699b.pkl,0
D:\08_Dataset\Internal\mar2020\pickle_files\9744ca15c7ad977a5c75e4afebfc1ca438f3648b.pkl,0
D:\08_Dataset\Internal\mar2020\pickle_files\7becd4928a2104ff29e12e1e12402985aafddeca.pkl,0
D:\08_Dataset\Internal\mar2020\pickle_files\99dff83fd2791e4711d456f3272d1207c728e96a.pkl,0
D:\08_Dataset\Internal\mar2020\pickle_files\26df90480191b9c82fc8a7ae6d27e4bc0ff54498.pkl,0
D:\08_Dataset\Internal\mar2020\pickle_files\64f7848069734fa7f109a6e953f05d51af479cb5.pkl,0
D:\08_Dataset\Internal\mar2020\pickle_files\75ccf14860ff05aae1e46453490c39baf9648c11.pkl,0
D:\08_Dataset\Internal\mar2020\pickle_files\f63194d078f6b95240e81cc7c5bf36d4f2ed2a34.pkl,0
D:\08_Dataset\Internal\mar2020\pickle_files\51849e7c77e65f8df9935b0e7d78674a03110d40.pkl,0
D:\08_Dataset\Internal\mar2020\pickle_files\d78295fb8c38e0cdf939aaab8fb1d1db0a72fa75.pkl,0
D:\08_Dataset\Internal\mar2020\pickle_files\cca54c5bfdc3f9e429a4224504662f385a1b3039.pkl,0
D:\08_Dataset\Internal\mar2020\pickle_files\ebf3b366e9f382b08445e25a0129ec508377d716.pkl,0
D:\08_Dataset\Internal\mar2020\pickle_files\5ceeb85b5348f2b8db25f323720c70e87099d5e7.pkl,0
D:\08_Dataset\Internal\mar2020\pickle_files\b278ddd0a71071def168758943177b012bdf01aa.pkl,0
D:\08_Dataset\Internal\mar2020\pickle_files\aebd2e7b60eceba3206d53e04928d7c6c171cba8.pkl,0
D:\08_Dataset\Internal\mar2020\pickle_files\742b40a36239fff68b1bf54c8d107d5160223d34.pkl,0
D:\08_Dataset\Internal\mar2020\pickle_files\02454c5217658338c0059af87e3820f2c3fc22c3.pkl,0
D:\08_Dataset\Internal\mar2020\pickle_files\804dfe642af43affd9f41ab226bc3d5c428cf29f.pkl,0
D:\08_Dataset\Internal\mar2020\pickle_files\b8328123d4eb206f2f78e82bc88f901e240977ff.pkl,0
D:\08_Dataset\Internal\mar2020\pickle_files\782a29db98417f2bfbc2ea3e9e586910b08fe5e7.pkl,0
D:\08_Dataset\Internal\mar2020\pickle_files\1b226f2c818b472eb51747c5c48b234970eeb8bd.pkl,0
D:\08_Dataset\Internal\mar2020\pickle_files\0dd186e8b2b98224bbe07aaba1cdcdecb8e04e65.pkl,0
D:\08_Dataset\Internal\mar2020\pickle_files\78db3e33768393b873ffe2ed31cd75e35dd4d073.pkl,0
D:\08_Dataset\Internal\mar2020\pickle_files\136c4d2d9f99687fedc34426e67fa3a8bb182ef3.pkl,0
D:\08_Dataset\Internal\mar2020\pickle_files\a97eb99bf9b94e41cbb47d64e966c73d6395afe6.pkl,0
D:\08_Dataset\Internal\mar2020\pickle_files\0627b26601f4b1e524abf54b0583f5afaa26e34e.pkl,0
D:\08_Dataset\Internal\mar2020\pickle_files\d99e1bbce6ec1af5aeaecb20b7e2b372127af9db.pkl,0
D:\08_Dataset\Internal\mar2020\pickle_files\6229b0f14cf4916ee471778988f6da75df1dcf26.pkl,0
D:\08_Dataset\Internal\mar2020\pickle_files\b988a1890dfd07ea8ed0e8411948f89a680981b6.pkl,0
D:\08_Dataset\Internal\mar2020\pickle_files\1e9722d3c6dcd952df32ef5d58e911e20ef622e9.pkl,0
D:\08_Dataset\Internal\mar2020\pickle_files\386a0b9561b2b5c63d07a15900b23ba41339112c.pkl,0
D:\08_Dataset\Internal\mar2020\pickle_files\7c364a554b1925cdc12bac0f1541c0aa5e49d856.pkl,0
D:\08_Dataset\Internal\mar2020\pickle_files\0e3ef7ee744107285110b880028ca8562ca309c1.pkl,0
D:\08_Dataset\Internal\mar2020\pickle_files\8af33b3d9f58e8cb07fa5e391eaff397356bb1fe.pkl,0
D:\08_Dataset\Internal\mar2020\pickle_files\d7555eb78a456a890541d2e6465babc421491b0c.pkl,0
D:\08_Dataset\Internal\mar2020\pickle_files\3d9c8a2b644b0a6bc602285cbbe36ea876dd4369.pkl,0
D:\08_Dataset\Internal\mar2020\pickle_files\89e69d75a45b4b6a418a2d93dad692e875f4dddb.pkl,0
D:\08_Dataset\Internal\mar2020\pickle_files\352594f98429dfa66d5df235c8acbe0b263aee63.pkl,0
D:\08_Dataset\Internal\mar2020\pickle_files\7d5d4c8d1c018338213fb734aad69c31e7930396.pkl,0
D:\08_Dataset\Internal\mar2020\pickle_files\f047ed321d678b2d494fd491294e125f7c22dda1.pkl,0
D:\08_Dataset\Internal\mar2020\pickle_files\c7c5f05d95c06b5cf72e36ca15c83d81a16e395d.pkl,0
D:\08_Dataset\Internal\mar2020\pickle_files\fef089fa33a1c8b9b55708a2351fcca2b0020005.pkl,0
D:\08_Dataset\Internal\mar2020\pickle_files\1db4b46209bf88b37ebf572d2bca806fcc890b9c.pkl,0
D:\08_Dataset\Internal\mar2020\pickle_files\dac81c54ecdaf577059bfcf9f503d097fe4bcf72.pkl,0
D:\08_Dataset\Internal\mar2020\pickle_files\23e5dab47e592e30ca001f478e8710cd79dfee20.pkl,0
D:\08_Dataset\Internal\mar2020\pickle_files\5e793b57fd3552b77b50ce64daeb30708bb35247.pkl,0
D:\08_Dataset\Internal\mar2020\pickle_files\afe4a92b02c26e4e8e473ef35d2c59275c30cd7b.pkl,0
D:\08_Dataset\Internal\mar2020\pickle_files\4443c334072ba38eb0ee3fbc2770202f08b515c8.pkl,0
D:\08_Dataset\Internal\mar2020\pickle_files\44febf1c95e8b3a77ce9d35b5b022e438b7cedaa.pkl,0
D:\08_Dataset\Internal\mar2020\pickle_files\75f12dfaeeecf6241b4af22a4c2d62419efa8e39.pkl,0
D:\08_Dataset\Internal\mar2020\pickle_files\6af299fe9c0f688b39c6bab8137037be2462ea8e.pkl,0
D:\08_Dataset\Internal\mar2020\pickle_files\8ef04d74d2bbc59bcece942edb5251241d35a479.pkl,0
D:\08_Dataset\Internal\mar2020\pickle_files\4435020df9da622088b9d303a84c429a1c0a4444.pkl,0
D:\08_Dataset\Internal\mar2020\pickle_files\a6ce9f90cf5e0d12893838a3d30ea5fc7c6fb098.pkl,0
D:\08_Dataset\Internal\mar2020\pickle_files\65b5f51d556c7445bce883e920b0cb0ee126965a.pkl,0
D:\08_Dataset\Internal\mar2020\pickle_files\dc9924a0f8f58c52e1cac25e71663c5d68517602.pkl,0
D:\08_Dataset\Internal\mar2020\pickle_files\1d2e21003cc8755541a7a29de745ca076333999b.pkl,0
D:\08_Dataset\Internal\mar2020\pickle_files\75f324caa32c67d6789777804565307481d21c43.pkl,0
D:\08_Dataset\Internal\mar2020\pickle_files\d0a58051a6bc6175b7ac9e045ec2b6372444abe5.pkl,0
D:\08_Dataset\Internal\mar2020\pickle_files\81c4d907d176457ac6b406569f51596f15c581a6.pkl,0
D:\08_Dataset\Internal\mar2020\pickle_files\7b4405cd67a80cd0d01a6677b89769ebf2cf5f09.pkl,0
D:\08_Dataset\Internal\mar2020\pickle_files\d17cca4578dd4ebb99fcefa19b420b4a8d00ccd0.pkl,0
D:\08_Dataset\Internal\mar2020\pickle_files\cb039e060a949c2594b7b0e929b873167dca2a65.pkl,0
D:\08_Dataset\Internal\mar2020\pickle_files\897eff1c65c5ec7e4ad2f7bd2b23851b0f287112.pkl,0
D:\08_Dataset\Internal\mar2020\pickle_files\c1ba51cc24baa7f1cd43d80b32252da5866cb707.pkl,0
D:\08_Dataset\Internal\mar2020\pickle_files\6a8a1fe9481cfe5b60802540bf495d9e8c5b1011.pkl,0
D:\08_Dataset\Internal\mar2020\pickle_files\b69e547bae11eb37365e971cea8a73f94e6f82da.pkl,0
D:\08_Dataset\Internal\mar2020\pickle_files\14461db50f0468f6af227a092e3cde1ebd3ea87f.pkl,0
D:\08_Dataset\Internal\mar2020\pickle_files\d695a40b72ab2ab920405308c565d13c09a69f8a.pkl,0
D:\08_Dataset\Internal\mar2020\pickle_files\dd61004cfe42cb24cb03be3f0913c3ce2e6bf59c.pkl,0
D:\08_Dataset\Internal\mar2020\pickle_files\e4527bcd124b7091a98289840a4483be7f7f2e52.pkl,0
D:\08_Dataset\Internal\mar2020\pickle_files\0c2d81c327a175e972c1f2350644fd31f92419fa.pkl,0
D:\08_Dataset\Internal\mar2020\pickle_files\6be734594f04fb44216b718b51b1147ddb53536c.pkl,0
D:\08_Dataset\Internal\mar2020\pickle_files\3994fd4e6d99f13a5a218a884256ac18fcc8c7b1.pkl,0
D:\08_Dataset\Internal\mar2020\pickle_files\774f329118d165a2ccd926d4481c071915250cc3.pkl,0
D:\08_Dataset\Internal\mar2020\pickle_files\ab41a3f424005e41724b9e25708d32b904baad1a.pkl,0
D:\08_Dataset\Internal\mar2020\pickle_files\debd3746eac0028301e487dd91ec2984ed084421.pkl,0
D:\08_Dataset\Internal\mar2020\pickle_files\ffc78238708725e9a01249873a14e4f7b6c14469.pkl,0
D:\08_Dataset\Internal\mar2020\pickle_files\81f896785a5700a52d72f4e353b0a81c67035955.pkl,0
D:\08_Dataset\Internal\mar2020\pickle_files\bab763ca6e97ad9362ffdc87144cbd13d2b283a8.pkl,0
D:\08_Dataset\Internal\mar2020\pickle_files\e6958729c2470fd46a433f5d53ab8c00b6d37fd1.pkl,0
D:\08_Dataset\Internal\mar2020\pickle_files\5905517ac02e89473ac1ac16ae0d8ee39e76cddb.pkl,0
D:\08_Dataset\Internal\mar2020\pickle_files\65859d2351fa27c47fcc8153def23764288923d3.pkl,0
D:\08_Dataset\Internal\mar2020\pickle_files\c2a5499e485fa83b136e15093c2dd16180b2aa8f.pkl,0
D:\08_Dataset\Internal\mar2020\pickle_files\27c8e371840abe4ec10fb23876caeceea6e507f6.pkl,0
D:\08_Dataset\Internal\mar2020\pickle_files\e00236c7dcb36b3bc78fe79e51aacdbfe5fa471b.pkl,0
D:\08_Dataset\Internal\mar2020\pickle_files\a07a92b4237db58287cc10acee6cc1a65a0afe99.pkl,0
D:\08_Dataset\Internal\mar2020\pickle_files\cab125ce9c734f5986f294c5f881a2a75e42f326.pkl,0
D:\08_Dataset\Internal\mar2020\pickle_files\ac3659e26c54dc10a8b522e8460a38932ca7bd5a.pkl,0
D:\08_Dataset\Internal\mar2020\pickle_files\80f5b641372c8de38b9db54b5a31f773bae4d551.pkl,0
D:\08_Dataset\Internal\mar2020\pickle_files\5049ea84235733983d8426a6013a8daa643a6298.pkl,0
D:\08_Dataset\Internal\mar2020\pickle_files\12558fc63ce2e265295012447967851008a1e6b5.pkl,0
D:\08_Dataset\Internal\mar2020\pickle_files\39a4b6ee840c516681e72ff3d3d77230c1434bb6.pkl,0
D:\08_Dataset\Internal\mar2020\pickle_files\e99deff792b43846b545e7169c0e8c1112e6cc15.pkl,0
D:\08_Dataset\Internal\mar2020\pickle_files\e1777e75acdd9f2c067a1524c818df726c8076f4.pkl,0
D:\08_Dataset\Internal\mar2020\pickle_files\b414eb0c00d36575a3ae563c988c0713d1c7d0b6.pkl,0
D:\08_Dataset\Internal\mar2020\pickle_files\56263a92e493bcb9c18740315a8bc7b802c2a1a1.pkl,0
D:\08_Dataset\Internal\mar2020\pickle_files\4d36be0ec9dc437614a1f629d829c3d408357cac.pkl,0
D:\08_Dataset\Internal\mar2020\pickle_files\8adfea7b63f8e6c22003174731ddc12a2e04be75.pkl,0
D:\08_Dataset\Internal\mar2020\pickle_files\42db842653c60a9c3e20143d4e7a730de5671141.pkl,0
D:\08_Dataset\Internal\mar2020\pickle_files\3a32b51705797458aff8568a54880334552b1b69.pkl,0
D:\08_Dataset\Internal\mar2020\pickle_files\cd0fe6bb9eced2f8d476376f7945b4df780a053c.pkl,0
D:\08_Dataset\Internal\mar2020\pickle_files\3d02a1bd54d9a67897f29359970bd2460f04d9e8.pkl,0
D:\08_Dataset\Internal\mar2020\pickle_files\181a6c78fdc1b828993fab4be4f9c21a1ae898ec.pkl,0
D:\08_Dataset\Internal\mar2020\pickle_files\71a8ccca895bb5c6b7c8a8f7f9f3376143435ddb.pkl,0
D:\08_Dataset\Internal\mar2020\pickle_files\8fa0402c9cd3d01b5df7475581dd3cbc1e373285.pkl,0
D:\08_Dataset\Internal\mar2020\pickle_files\74562192a16f34ec3e74e25a941d253f4b8d1adc.pkl,0
D:\08_Dataset\Internal\mar2020\pickle_files\625feb50c97fbd6a8c6adcc3c90d07bed81b4cb3.pkl,0
D:\08_Dataset\Internal\mar2020\pickle_files\532deb6d280fd38bbb7f30f03f9885d3473fe95d.pkl,0
D:\08_Dataset\Internal\mar2020\pickle_files\18f03c7cb9230818f1579d59b2db03a80411d6c2.pkl,0
D:\08_Dataset\Internal\mar2020\pickle_files\ac663a17aea1f31a683f97da4c0e95621413b1b7.pkl,0
D:\08_Dataset\Internal\mar2020\pickle_files\a06bf5fd9f2ea1006e7b2de3fc94d685fac6628c.pkl,0
D:\08_Dataset\Internal\mar2020\pickle_files\84c7e30673cf3b569ad316c97edff33856976188.pkl,0
D:\08_Dataset\Internal\mar2020\pickle_files\e3202a0c73d11891da0ee9624a2057bb260ac860.pkl,0
D:\08_Dataset\Internal\mar2020\pickle_files\5cda9ff69fcab3492e4c66681f315e6fc60bb157.pkl,0
D:\08_Dataset\Internal\mar2020\pickle_files\c52e17bb843409c08c0c2e4d3c4d5f08e36358da.pkl,0
D:\08_Dataset\Internal\mar2020\pickle_files\6cdb506799015eda362f59327a0221bcf84a497b.pkl,0
D:\08_Dataset\Internal\mar2020\pickle_files\7ee4334bcdf22895a3f80a4820e5557add1e2cf7.pkl,0
D:\08_Dataset\Internal\mar2020\pickle_files\f6ed3eed998fb70ad616d610a7545c3e7f625fed.pkl,0
D:\08_Dataset\Internal\mar2020\pickle_files\c365c1046b43b6541e6ce102e993510cbb8a45eb.pkl,0
D:\08_Dataset\Internal\mar2020\pickle_files\b7e7f37672de88fab6851b6eff280e9b6d6a94fd.pkl,0
D:\08_Dataset\Internal\mar2020\pickle_files\233b6be7247b4268adb6fd72e31cead7d99bc1c8.pkl,0
D:\08_Dataset\Internal\mar2020\pickle_files\f4e8a78e26e5eac1127e9f9a9a6cf89320c95259.pkl,0
D:\08_Dataset\Internal\mar2020\pickle_files\3ecbecb2c212c9f675781e26221f5966e852346b.pkl,0
D:\08_Dataset\Internal\mar2020\pickle_files\008e23367140cda6bb44c06d3eb67da71f2897dd.pkl,0
D:\08_Dataset\Internal\mar2020\pickle_files\8004c098fd29372120c566e30ae3dd2155083446.pkl,0
D:\08_Dataset\Internal\mar2020\pickle_files\635020f083e756e61554c4950e5ef130f68c8a88.pkl,0
D:\08_Dataset\Internal\mar2020\pickle_files\f238461726a93a62f1db4b018998a3ac2d70c102.pkl,0
D:\08_Dataset\Internal\mar2020\pickle_files\7e9cdf2ef3e3cc16322a9c32bbc614764293dd91.pkl,0
D:\08_Dataset\Internal\mar2020\pickle_files\668d793eb8a88bd85d1fcce8298aea5901c87625.pkl,0
D:\08_Dataset\Internal\mar2020\pickle_files\f2bf31ef905d2034092bdafbdc8298332c128c3b.pkl,0
D:\08_Dataset\Internal\mar2020\pickle_files\03fe56e20a3ba179bce4c53ad9888ba2b5984f19.pkl,0
D:\08_Dataset\Internal\mar2020\pickle_files\87cfbfbce1e8ed81f5a980b7f5d4a672fe4b11c3.pkl,0
D:\08_Dataset\Internal\mar2020\pickle_files\d7567c16b922243a13cac72460ae7ff94d5fc79b.pkl,0
D:\08_Dataset\Internal\mar2020\pickle_files\9eba51b5bb996f7ef037af162ddb16281bc0f448.pkl,0
D:\08_Dataset\Internal\mar2020\pickle_files\4a06263663c602e6b1bc735e4b0698fc4bb26baa.pkl,0
D:\08_Dataset\Internal\mar2020\pickle_files\36f62a5f1d788db629d5c5a0a80735df10bd5b4a.pkl,0
D:\08_Dataset\Internal\mar2020\pickle_files\4706abd410a139ff9bc0c63da55c293b237e8659.pkl,0
D:\08_Dataset\Internal\mar2020\pickle_files\502397f5d964c4ed10b211e5bcefb52f78f652b4.pkl,0
D:\08_Dataset\Internal\mar2020\pickle_files\33b43f1073dc8d805effb372bd9c6ed3f8d76ff4.pkl,0
D:\08_Dataset\Internal\mar2020\pickle_files\ad8d746988b5ac7c9b78cf36186bf8cda2629b5b.pkl,0
D:\08_Dataset\Internal\mar2020\pickle_files\a2b21793ad4a2765359faf0e0c62d9ab0b0cdf4f.pkl,0
D:\08_Dataset\Internal\mar2020\pickle_files\ea0d9019c610a8b72bd155523546e8919aae8e46.pkl,0
D:\08_Dataset\Internal\mar2020\pickle_files\ceb77c8e1c19b70a4bf60a24afc9bd2bf0da7dc3.pkl,0
D:\08_Dataset\Internal\mar2020\pickle_files\6db33503da872d7ebc5701b1767445c87e640a19.pkl,0
D:\08_Dataset\Internal\mar2020\pickle_files\d8c9b45d9dbb9f9f00d635eb046b0b525452bfa8.pkl,0
D:\08_Dataset\Internal\mar2020\pickle_files\140946be9ce12c7dcfeb4f4957e32770c0568a44.pkl,0
D:\08_Dataset\Internal\mar2020\pickle_files\581fa3a3f1c494a4dca69ee78c8b463133f8dbf1.pkl,0
D:\08_Dataset\Internal\mar2020\pickle_files\fafded5e93d69be65958e41f9bada3b5df39a2a1.pkl,0
D:\08_Dataset\Internal\mar2020\pickle_files\8f471845ae4e7eedb5f5230c449af57deeb21c31.pkl,0
D:\08_Dataset\Internal\mar2020\pickle_files\cba78c8694a47a49f7305c5e4dccdff954b6ff8a.pkl,0
D:\08_Dataset\Internal\mar2020\pickle_files\05d8bd352eb9bf0dd0454576cce8c900becd3631.pkl,0
D:\08_Dataset\Internal\mar2020\pickle_files\6837a5145d9cc7a70092bafefd3ec2793ebd3095.pkl,0
D:\08_Dataset\Internal\mar2020\pickle_files\7b0620ecf9e8edc891b577e59d45c50a50b3e6a2.pkl,0
D:\08_Dataset\Internal\mar2020\pickle_files\58edda4d8d6f3474b0951703ea693bcb72d8ee03.pkl,0
D:\08_Dataset\Internal\mar2020\pickle_files\86035a745e1ac83d18c08c76bf5ae3d755cd86b5.pkl,0
D:\08_Dataset\Internal\mar2020\pickle_files\2fec236effeb201a903fdb12a9ea6260b9178482.pkl,0
D:\08_Dataset\Internal\mar2020\pickle_files\d90808f99f9e51e21e4747951eb99881d39a4ceb.pkl,0
D:\08_Dataset\Internal\mar2020\pickle_files\6a5b0f6c9c9827a44b29dbcc0d24027eb07fbb4a.pkl,0
D:\08_Dataset\Internal\mar2020\pickle_files\b2fa23e75f52098c660fb17b60a69e7f77a31f7c.pkl,0
D:\08_Dataset\Internal\mar2020\pickle_files\616d87db022aab76581245b31778fadc4e74982a.pkl,0
D:\08_Dataset\Internal\mar2020\pickle_files\d401a76bc0e17869f08ababfe0c409c0927b3ac5.pkl,0
D:\08_Dataset\Internal\mar2020\pickle_files\44f2c36c45e8067360c172a2b7aea84c94847846.pkl,0
D:\08_Dataset\Internal\mar2020\pickle_files\76b51e3219aa0c599dae50f487e62b9e9c9261e2.pkl,0
D:\08_Dataset\Internal\mar2020\pickle_files\869b8eb59b35b9ef9c79e166f54dc85aab323d38.pkl,0
D:\08_Dataset\Internal\mar2020\pickle_files\7ec402b6785096b7cd0fd9d290633c17ff54def0.pkl,0
D:\08_Dataset\Internal\mar2020\pickle_files\0e26127f75eea00be5b49e663b38ec4fded5880e.pkl,0
D:\08_Dataset\Internal\mar2020\pickle_files\813d9d24d872b0f245ee6c1c7d2512265edd24bd.pkl,0
D:\08_Dataset\Internal\mar2020\pickle_files\d5eaf8e4aae8ceaf88a90b13e32f0ccedfe0408d.pkl,0
D:\08_Dataset\Internal\mar2020\pickle_files\9233c38e046a76ec58e949c3bb560c6d513beecb.pkl,0
D:\08_Dataset\Internal\mar2020\pickle_files\c96a407a347941d66077f98f67f5489866834dd5.pkl,0
D:\08_Dataset\Internal\mar2020\pickle_files\7314774aeca17e88b2febee11152ab9f36716bfe.pkl,0
D:\08_Dataset\Internal\mar2020\pickle_files\9671782d7235e94aabfb47748d8a2f3de23ae96a.pkl,0
D:\08_Dataset\Internal\mar2020\pickle_files\61d52758543700476036c398f12ccb8b81d4d822.pkl,0
D:\08_Dataset\Internal\mar2020\pickle_files\6cf0feb6a4b132292c61bed9c26ef839f86fbf41.pkl,0
D:\08_Dataset\Internal\mar2020\pickle_files\c256c409d51196211e4107c9072bf8d9628e764e.pkl,0
D:\08_Dataset\Internal\mar2020\pickle_files\9f522a139129a79ead0602ce4819f944b1be9e10.pkl,0
D:\08_Dataset\Internal\mar2020\pickle_files\0e2823b8dedd322b60e3e372015a9967a97bc64d.pkl,0
D:\08_Dataset\Internal\mar2020\pickle_files\f9ca5d63d17703e6a1504e8babf61da89c603382.pkl,0
D:\08_Dataset\Internal\mar2020\pickle_files\23fd2ef937df0f31860fd5a402528e46864ba18a.pkl,0
D:\08_Dataset\Internal\mar2020\pickle_files\47d4efcbfb16ed0094652c0ab525e83c60754a76.pkl,0
D:\08_Dataset\Internal\mar2020\pickle_files\ba3ad31fa2f99168da0f3683e316bd105dd6b334.pkl,0
D:\08_Dataset\Internal\mar2020\pickle_files\dd588600d46565838053ce2a7aa296be8fa378f7.pkl,0
D:\08_Dataset\Internal\mar2020\pickle_files\1a91d2e00891c41e300d77d2918b11c8ab8ede2a.pkl,0
D:\08_Dataset\Internal\mar2020\pickle_files\90c614ee30d99f344589ec02ca5f53188662a467.pkl,0
D:\08_Dataset\Internal\mar2020\pickle_files\0205003865033d58e4f82b2aab881694af380ab0.pkl,0
D:\08_Dataset\Internal\mar2020\pickle_files\17f809f66ba776969c63ffbca4ef5400faa7b451.pkl,0
D:\08_Dataset\Internal\mar2020\pickle_files\acf262e08f72a1367e01c0aadc0e959ffe8e9025.pkl,0
D:\08_Dataset\Internal\mar2020\pickle_files\2179a6b1e033f2667f5189b4ad344b1c74e91351.pkl,0
D:\08_Dataset\Internal\mar2020\pickle_files\188fd844d0584939d859b51a328e5097410fe200.pkl,0
D:\08_Dataset\Internal\mar2020\pickle_files\4d160e93273ac909fe2aa0ee9d25c905dec43082.pkl,0
D:\08_Dataset\Internal\mar2020\pickle_files\145a74049ea1194f232e5275ed0634a5588f4357.pkl,0
D:\08_Dataset\Internal\mar2020\pickle_files\d5b0bf4654913a29fe4b200b4eea81071185b534.pkl,0
D:\08_Dataset\Internal\mar2020\pickle_files\eab6a1037d706c079457680a9aa7a80b4e424545.pkl,0
D:\08_Dataset\Internal\mar2020\pickle_files\08ea0065319c7bbf8153e3cf48b2adeebbe10e40.pkl,0
D:\08_Dataset\Internal\mar2020\pickle_files\4c324fb8b01033b743a115c242a11e8c827522c4.pkl,0
D:\08_Dataset\Internal\mar2020\pickle_files\89c5673925610c1fe4ff52c95840cd58b3d70814.pkl,0
D:\08_Dataset\Internal\mar2020\pickle_files\54e2450d6f73eb926e29bcc0810c615435ab29d0.pkl,0
D:\08_Dataset\Internal\mar2020\pickle_files\99309ac24eacf58db8a185f2c3e85c95ac781ca5.pkl,0
D:\08_Dataset\Internal\mar2020\pickle_files\8a86fc578d28d47ae07e59113448496ab94ae399.pkl,0
D:\08_Dataset\Internal\mar2020\pickle_files\7ef331c990e8f34099b421471e88222ba6c72893.pkl,0
D:\08_Dataset\Internal\mar2020\pickle_files\5f396576dfe49a6786f4646b541949467134eb52.pkl,0
D:\08_Dataset\Internal\mar2020\pickle_files\f320891e3b9ebb8b03a9d6d22d43847f76e45c03.pkl,0
D:\08_Dataset\Internal\mar2020\pickle_files\d1fd23330da859fe24d9f2202ab565bc13a4a130.pkl,0
D:\08_Dataset\Internal\mar2020\pickle_files\f8da61c674ecac55c49ce62ce842838816c308d0.pkl,0
D:\08_Dataset\Internal\mar2020\pickle_files\f264a1448befbf3ebcf15a1110a7a0fd7e487aed.pkl,0
D:\08_Dataset\Internal\mar2020\pickle_files\71fa6dc9c12e4784ceeb3161dcfbdcdc0f9a1a82.pkl,0
D:\08_Dataset\Internal\mar2020\pickle_files\1828fb42846c5f4a6d6713dadc876ceb96c17f42.pkl,0
D:\08_Dataset\Internal\mar2020\pickle_files\f51c3441021fc550c41ec1f906fd162fee19fa7c.pkl,0
D:\08_Dataset\Internal\mar2020\pickle_files\aaa2109bd784e46c2f1d8edad9e7d1ee288dc8d4.pkl,0
D:\08_Dataset\Internal\mar2020\pickle_files\7b0ccbc94e3682b4c204b39db83bd363aa5b3689.pkl,0
D:\08_Dataset\Internal\mar2020\pickle_files\4b8ad0fe2941891f9c7233200cb678f6fedf16e6.pkl,0
D:\08_Dataset\Internal\mar2020\pickle_files\cde894383f65cefd26d1646e654e46b0d913ffac.pkl,0
D:\08_Dataset\Internal\mar2020\pickle_files\6ca85f68a324a1a11c21df39ea7bf3a3b7aef05f.pkl,0
D:\08_Dataset\Internal\mar2020\pickle_files\2ff175a91439e978722b7c885496edfe15b1c280.pkl,0
D:\08_Dataset\Internal\mar2020\pickle_files\c28ee651d04828be8596cb4c86f35574b45f7d73.pkl,0
D:\08_Dataset\Internal\mar2020\pickle_files\bfca4bd671b5d5f535c351712be73d0e57214f00.pkl,0
D:\08_Dataset\Internal\mar2020\pickle_files\0188b4f9f5208151b29ffd8e95e884e24972c67b.pkl,0
D:\08_Dataset\Internal\mar2020\pickle_files\883850d534cbf2bd956873b31597bcb806ffef7d.pkl,0
D:\08_Dataset\Internal\mar2020\pickle_files\35d289a89c1e21e8ee939d0af3ef19f2f42a09ff.pkl,0
D:\08_Dataset\Internal\mar2020\pickle_files\37bb122131bb33d7530f5452b3aa231c863af477.pkl,0
D:\08_Dataset\Internal\mar2020\pickle_files\9213510aa186cefe6650063f5e07e78839f27d78.pkl,0
D:\08_Dataset\Internal\mar2020\pickle_files\c28cc2713b685d450ee6f17a86a1d7f229d55dff.pkl,0
D:\08_Dataset\Internal\mar2020\pickle_files\8f7bde26306368f0a45b64191d1d32ed9b5c8771.pkl,0
D:\08_Dataset\Internal\mar2020\pickle_files\59f47781ce8e1632bb320b0ab7d8fbb897a4c8f3.pkl,0
D:\08_Dataset\Internal\mar2020\pickle_files\d80eead32ae6f63207268b471688fee07b92a1dd.pkl,0
D:\08_Dataset\Internal\mar2020\pickle_files\5210ffdeee30dd42f481d0d22126a949ebc68701.pkl,0
D:\08_Dataset\Internal\mar2020\pickle_files\4742d64fe48a090f8795ae4aad42a1dce2c6ced9.pkl,0
D:\08_Dataset\Internal\mar2020\pickle_files\08ab435e952dfe2e6e6bfaaec0f8c422441c8d2b.pkl,0
D:\08_Dataset\Internal\mar2020\pickle_files\960abb01defbda8615027fecd1a271fd857a0b0b.pkl,0
D:\08_Dataset\Internal\mar2020\pickle_files\e3ef1fd8f781747e7ed880347b25b0233a44edaf.pkl,0
D:\08_Dataset\Internal\mar2020\pickle_files\780bcf3a7ad4924bf50367234623daca7109ee78.pkl,0
D:\08_Dataset\Internal\mar2020\pickle_files\b421fcb670eb4847c88ec503d54a69a82cb0cf01.pkl,0
D:\08_Dataset\Internal\mar2020\pickle_files\b86fe6d7d87ccadae5a899031d28e0684147d739.pkl,0
D:\08_Dataset\Internal\mar2020\pickle_files\b93dddde10be9e14e21e1e33ad94ee8988b433a8.pkl,0
D:\08_Dataset\Internal\mar2020\pickle_files\ef80fc0ac6960e61f2c2d95013af5a5e43d6de00.pkl,0
D:\08_Dataset\Internal\mar2020\pickle_files\ab9251b0a91b58ffdd88b4cb669394949fdc8486.pkl,0
D:\08_Dataset\Internal\mar2020\pickle_files\d96a537eb6eea41b4752dc09ddf1dff51c22e789.pkl,0
D:\08_Dataset\Internal\mar2020\pickle_files\042dfe20bb695e3abab642987c5174f71cbc5e89.pkl,0
D:\08_Dataset\Internal\mar2020\pickle_files\67f49e78c31adf1db6434416e3303ed2fa784592.pkl,0
D:\08_Dataset\Internal\mar2020\pickle_files\9db9ef161426a769ca97747962e6ee92b459a880.pkl,0
D:\08_Dataset\Internal\mar2020\pickle_files\d6a347546f86917f651b978aed86ba1bb4705a9d.pkl,0
D:\08_Dataset\Internal\mar2020\pickle_files\1de9cbce4e6905edef77f70a7cc7d3a995655a6a.pkl,0
D:\08_Dataset\Internal\mar2020\pickle_files\49a791133b6e4ba0670e719c172706145c4d4ef6.pkl,0
D:\08_Dataset\Internal\mar2020\pickle_files\664b5b00d2a0435d1e932a8f7c99a6f58244ea4c.pkl,0
D:\08_Dataset\Internal\mar2020\pickle_files\df2a5aa99bc954865c1926e376df96400d307833.pkl,0
D:\08_Dataset\Internal\mar2020\pickle_files\355cc4bab060799233853f569144170595e44346.pkl,0
D:\08_Dataset\Internal\mar2020\pickle_files\8aa850b588c788e0bb3b11e86f7ce7656ec65319.pkl,0
D:\08_Dataset\Internal\mar2020\pickle_files\2057dc14f42720e84c2bc8f56f1ab488aa485a61.pkl,0
D:\08_Dataset\Internal\mar2020\pickle_files\805942397f7536c454a9f7c1f3caf7e7ae0b15dd.pkl,0
D:\08_Dataset\Internal\mar2020\pickle_files\879be80ca22e74bf7a97fb7bf06521a6cc3bdfb9.pkl,0
D:\08_Dataset\Internal\mar2020\pickle_files\f858e5ca36d8aab98bec4547da15498994da9965.pkl,0
D:\08_Dataset\Internal\mar2020\pickle_files\5ade35f6e434ca6efd97093156f7c0801eb9af9d.pkl,0
D:\08_Dataset\Internal\mar2020\pickle_files\2eef72de0c7b529a96553a326c4d84ec8be6b4f6.pkl,0
D:\08_Dataset\Internal\mar2020\pickle_files\e33471ab7b164ddfeca422fd7953f8c8ce641cca.pkl,0
D:\08_Dataset\Internal\mar2020\pickle_files\ed9a08960286cc4e095ad05095961d4df06d07d3.pkl,0
D:\08_Dataset\Internal\mar2020\pickle_files\17542707a3d9fa13c569450fd978272ef7070a77.pkl,0
D:\08_Dataset\Internal\mar2020\pickle_files\a364f60b46028776b03d1c6f359a496ecd7365b4.pkl,0
D:\08_Dataset\Internal\mar2020\pickle_files\23734a8bdd22933a107cc0d64e880141832666d2.pkl,0
D:\08_Dataset\Internal\mar2020\pickle_files\88fc97f0cb592d2cbc5f14544ed93b20a66129b7.pkl,0
D:\08_Dataset\Internal\mar2020\pickle_files\31214aed651289e757fa80897c13db2c4a4c8d5a.pkl,0
D:\08_Dataset\Internal\mar2020\pickle_files\0c39906f48c1922822b11a808b491031ae70e34a.pkl,0
D:\08_Dataset\Internal\mar2020\pickle_files\517c18c535fb22b48d16430c3b0d456e991b1466.pkl,0
D:\08_Dataset\Internal\mar2020\pickle_files\b596fc2455b45e491f7e3ec146892edef7a71d82.pkl,0
D:\08_Dataset\Internal\mar2020\pickle_files\a4d953967e1e0e117882cc7ca6085db2b1e656d6.pkl,0
D:\08_Dataset\Internal\mar2020\pickle_files\a7c2512a6680af35402e62037a79c229be1e6ac1.pkl,0
D:\08_Dataset\Internal\mar2020\pickle_files\975414f34f56285814e250ee910593fd66aa65fd.pkl,0
D:\08_Dataset\Internal\mar2020\pickle_files\3935331fc732e22ea90566514a8d3f64df01018b.pkl,0
D:\08_Dataset\Internal\mar2020\pickle_files\ee7c7f01627c477277911ed4fc90fd85b9a56458.pkl,0
D:\08_Dataset\Internal\mar2020\pickle_files\9e3757829bcf0ce18e8b0cce5680a0c5ff5ff2a2.pkl,0
D:\08_Dataset\Internal\mar2020\pickle_files\6c04499f7406e270b590374ef813c4012530273e.pkl,0
D:\08_Dataset\Internal\mar2020\pickle_files\74d205c64e854713cca5b43d15faf8007988c267.pkl,0
D:\08_Dataset\Internal\mar2020\pickle_files\25628d87685610c75db7a4de47efd5fba0fbeb4e.pkl,0
D:\08_Dataset\Internal\mar2020\pickle_files\99c3c565cf2feb7f83efbfe17d8630f1dff8fe8c.pkl,0
D:\08_Dataset\Internal\mar2020\pickle_files\605a85245121f454bf3eaa0757e749296bd27543.pkl,0
D:\08_Dataset\Internal\mar2020\pickle_files\3d7594479f2cb91e9ee503b3939bd2d3fbcbc785.pkl,0
D:\08_Dataset\Internal\mar2020\pickle_files\5c0806fea80fe40134c20c2e4b9f8b3ea35b60d9.pkl,0
D:\08_Dataset\Internal\mar2020\pickle_files\f115bf8d23d287060cdefc1847cc188efbf5031d.pkl,0
D:\08_Dataset\Internal\mar2020\pickle_files\f8617bce7e4e4c9db81848c6551829c76c3017a8.pkl,0
D:\08_Dataset\Internal\mar2020\pickle_files\ffc55488d8003852df80b9db3d6bf293ab58403c.pkl,0
D:\08_Dataset\Internal\mar2020\pickle_files\9e22993957a20bf4f00a9c647040bb379ec21505.pkl,0
D:\08_Dataset\Internal\mar2020\pickle_files\336c1c27a935e491f703c5c2eeae8a083de25ff5.pkl,0
D:\08_Dataset\Internal\mar2020\pickle_files\02cdb1c7ec42958e54218e06d4bf734d64fd3d75.pkl,0
D:\08_Dataset\Internal\mar2020\pickle_files\d5c5e723abeb858f4552ada9b81e452c13f4ec4d.pkl,0
D:\08_Dataset\Internal\mar2020\pickle_files\695fb9fb429aa1bf9ea08cc2f0f6aae121081a95.pkl,0
D:\08_Dataset\Internal\mar2020\pickle_files\11494d6c1307b19d4640a7b36c8629e4fe695377.pkl,0
D:\08_Dataset\Internal\mar2020\pickle_files\65eb19bdce99cf6da0616a16835de527ff797d36.pkl,0
D:\08_Dataset\Internal\mar2020\pickle_files\984026e222549331ead422ffc46f8fd65559266b.pkl,0
D:\08_Dataset\Internal\mar2020\pickle_files\62bed0079621c4a96f84916564c8a8a356ab49b9.pkl,0
D:\08_Dataset\Internal\mar2020\pickle_files\a0137e8fb16fc97950f939285c2846947b7f7ff2.pkl,0
D:\08_Dataset\Internal\mar2020\pickle_files\714ba2b685b05f60df03afa62d05cff6e7870476.pkl,0
D:\08_Dataset\Internal\mar2020\pickle_files\aac3660eadadfafd57a3ec4ddf396bf4794fc224.pkl,0
D:\08_Dataset\Internal\mar2020\pickle_files\e324429722872673c6ebeb63757c8efe3efdd724.pkl,0
D:\08_Dataset\Internal\mar2020\pickle_files\ce614387b70b6d55a3be3dab96239fd0f1623d67.pkl,0
D:\08_Dataset\Internal\mar2020\pickle_files\36b85c75955b023d3a8cc415fe4ba8f147c25dc8.pkl,0
D:\08_Dataset\Internal\mar2020\pickle_files\03dbc8eae0ff5fad21a07dc1cfbd038074c53cb8.pkl,0
D:\08_Dataset\Internal\mar2020\pickle_files\01cc6d2512fa478ea61fa50780abe574f5f0eede.pkl,0
D:\08_Dataset\Internal\mar2020\pickle_files\d81420d4629aa796e39fb60216228c8051c50c63.pkl,0
D:\08_Dataset\Internal\mar2020\pickle_files\918dbdb96d208be07e18d56fc5b93b98556f7125.pkl,0
D:\08_Dataset\Internal\mar2020\pickle_files\b87e35fa50fec8017909a123d2a1df39db9cbe06.pkl,0
D:\08_Dataset\Internal\mar2020\pickle_files\7a2d8f1cd1e3bbf46a0cd248a30d94f8179f3376.pkl,0
D:\08_Dataset\Internal\mar2020\pickle_files\83dc1a552b433153fba89a88e82ade78e652a51b.pkl,0
D:\08_Dataset\Internal\mar2020\pickle_files\a7e1c4dfc4737da8e889cdc26eb342c2a4ecae89.pkl,0
D:\08_Dataset\Internal\mar2020\pickle_files\09f34ccbcf0cb6d6e735acebf6218aff039e4303.pkl,0
D:\08_Dataset\Internal\mar2020\pickle_files\d5ed8871d2dbb0618fc63bc0ae55e60ffabe060d.pkl,0
D:\08_Dataset\Internal\mar2020\pickle_files\7c9526a36fdfffa7aec74dbc34b27ff1a359df72.pkl,0
D:\08_Dataset\Internal\mar2020\pickle_files\3298d77011b12a5916d8a6d014e2b1d8f085923e.pkl,0
D:\08_Dataset\Internal\mar2020\pickle_files\5757b469fa69001df194d3c3c6c831d9c0e41eb4.pkl,0
D:\08_Dataset\Internal\mar2020\pickle_files\65543afb89883b0dd00b77e44f4aa983a8501923.pkl,0
D:\08_Dataset\Internal\mar2020\pickle_files\68381defcd87149c5f99ef3445c999a73f4a800e.pkl,0
D:\08_Dataset\Internal\mar2020\pickle_files\4ab4830330ea3971e779c86de74ddc9c5100c419.pkl,0
D:\08_Dataset\Internal\mar2020\pickle_files\58fd038a874838869029ed458bc161e7e67d17e6.pkl,0
D:\08_Dataset\Internal\mar2020\pickle_files\234e851df819ad64b615f314750495eeb2e9f88b.pkl,0
D:\08_Dataset\Internal\mar2020\pickle_files\2d3751d41e858ac68aef09aa9f3e295ec99a9e26.pkl,0
D:\08_Dataset\Internal\mar2020\pickle_files\351ef98e37143c2b9dac9528e6d3007f01f4e39d.pkl,0
D:\08_Dataset\Internal\mar2020\pickle_files\417df44134cf4ac353eeda6dc78697e3c883a4b0.pkl,0
D:\08_Dataset\Internal\mar2020\pickle_files\90572f6ae45603d87115ae3912e7b51e27fb05bc.pkl,0
D:\08_Dataset\Internal\mar2020\pickle_files\c4aeb1d87b25f8d061591d1db3e432d5a817dde5.pkl,0
D:\08_Dataset\Internal\mar2020\pickle_files\f9553d7208f89e1f42954255f453d1882194fcc8.pkl,0
D:\08_Dataset\Internal\mar2020\pickle_files\c4cf57c83f00a909ac660bfb6b225a9381d13947.pkl,0
D:\08_Dataset\Internal\mar2020\pickle_files\a10726a74f7887aa86e70ac40069c7793d6b3590.pkl,0
D:\08_Dataset\Internal\mar2020\pickle_files\9f058fb92a711fc6e07a737acb31d1712afeeac0.pkl,0
D:\08_Dataset\Internal\mar2020\pickle_files\3b26de20cc07c48a25c38a063b0ae986c01d19dc.pkl,0
D:\08_Dataset\Internal\mar2020\pickle_files\8ef99f98c75714ba6a3b37df7cc1cb5fd15e3c59.pkl,0
D:\08_Dataset\Internal\mar2020\pickle_files\dc8cce414e73bd604ed6ae1d91a0e07e9e1042da.pkl,0
D:\08_Dataset\Internal\mar2020\pickle_files\169adae605ced59b29e3e85f4dc07ab5a821d594.pkl,0
D:\08_Dataset\Internal\mar2020\pickle_files\8b732147c444d0177f9ff2d45af44cfacc208845.pkl,0
D:\08_Dataset\Internal\mar2020\pickle_files\300d3b50d33f3dab961e3a3eec2523513d3930c6.pkl,0
D:\08_Dataset\Internal\mar2020\pickle_files\4a230d3648412004a5d5a56b3ef6857fe25cfac5.pkl,0
D:\08_Dataset\Internal\mar2020\pickle_files\6ca0d5346b452ab0d41f374b695d3fb7b8cac035.pkl,0
D:\08_Dataset\Internal\mar2020\pickle_files\4f72ba0bd3c52e3b937d10691c2cf5efef843448.pkl,0
D:\08_Dataset\Internal\mar2020\pickle_files\3478bfd463796d79c2edb0390f7278a4cad6ab7b.pkl,0
D:\08_Dataset\Internal\mar2020\pickle_files\0c76b87e86365c60652c1619421c134ad1837a50.pkl,0
D:\08_Dataset\Internal\mar2020\pickle_files\7bd9ff7cd2eb9f2718684aed6f3807a04c1af51c.pkl,0
D:\08_Dataset\Internal\mar2020\pickle_files\5e07b34eed257002949cbbec40fff4f209ec7335.pkl,0
D:\08_Dataset\Internal\mar2020\pickle_files\6da7e966255213532644a91522634a78637f479e.pkl,0
D:\08_Dataset\Internal\mar2020\pickle_files\873c9ea90123655a3f9c5733fb0085fa209e435a.pkl,0
D:\08_Dataset\Internal\mar2020\pickle_files\24ba41c39b5f8b56aa58cb6ecb60f40d43566e47.pkl,0
D:\08_Dataset\Internal\mar2020\pickle_files\ec28054d88282eb42567cadb60598bdc3907c2ce.pkl,0
D:\08_Dataset\Internal\mar2020\pickle_files\5e93b038a0743ceb42ba4c31285f678f9dc2499b.pkl,0
D:\08_Dataset\Internal\mar2020\pickle_files\f667cb3c233b3f88c07aa41b4139a78bd9f85bfb.pkl,0
D:\08_Dataset\Internal\mar2020\pickle_files\ac02ef4ceb7dfdc7b4f964b48899b871668cbb6a.pkl,0
D:\08_Dataset\Internal\mar2020\pickle_files\3417da5b47cef2b838652393cc6ef0bc27fe0a7d.pkl,0
D:\08_Dataset\Internal\mar2020\pickle_files\662a7fcf4e087e12d3bcf5e9b4b6f89e3affe298.pkl,0
D:\08_Dataset\Internal\mar2020\pickle_files\80916e6ff41c8d0fcdfebadfc13feeaee9605f02.pkl,0
D:\08_Dataset\Internal\mar2020\pickle_files\06e384890d912df604e0e5b1676d162ddb06b90c.pkl,0
D:\08_Dataset\Internal\mar2020\pickle_files\5eba9186467bea6ea82e97743a2c4f8f2561ec58.pkl,0
D:\08_Dataset\Internal\mar2020\pickle_files\5be02a4110a0a5e2a0f651c30a2eb7e48f59cb1d.pkl,0
D:\08_Dataset\Internal\mar2020\pickle_files\4526e78eaa3c5322f4c242e98978761d09af759b.pkl,0
D:\08_Dataset\Internal\mar2020\pickle_files\0714426e512a651db0643989be21267e8f15a3e0.pkl,0
D:\08_Dataset\Internal\mar2020\pickle_files\71f3e830b58e755c8d9058233bafdb00ffe8bdc9.pkl,0
D:\08_Dataset\Internal\mar2020\pickle_files\5b178bfe829430181f1b838ad809c7014f57d358.pkl,0
D:\08_Dataset\Internal\mar2020\pickle_files\3f9818e29f04ea745547865e899042d9fefdab57.pkl,0
D:\08_Dataset\Internal\mar2020\pickle_files\dcaafcee87a459fed6d1a87bfa7984227c166d04.pkl,0
D:\08_Dataset\Internal\mar2020\pickle_files\b64459d411066f3299d2d9216ce5e7cbd12322f7.pkl,0
D:\08_Dataset\Internal\mar2020\pickle_files\50ff2d7b5ac483ddc642b60481224d8f3e0489f6.pkl,0
D:\08_Dataset\Internal\mar2020\pickle_files\ee910501f3436e85b3a93eead8f773b1e8c673e8.pkl,0
D:\08_Dataset\Internal\mar2020\pickle_files\01b4eb7fa6752e8b354a80a4ace12a35efc14b5f.pkl,0
D:\08_Dataset\Internal\mar2020\pickle_files\35219a82c0425e502cabd0404958e74dd565e993.pkl,0
D:\08_Dataset\Internal\mar2020\pickle_files\5855439f60966aaadc264bd58a74d35eb5fd995f.pkl,0
D:\08_Dataset\Internal\mar2020\pickle_files\dd26ac3bfbab39c767f25d045977bc7b41060d47.pkl,0
D:\08_Dataset\Internal\mar2020\pickle_files\ed9076108a95c521558d4bba1f9cf3b28d648456.pkl,0
D:\08_Dataset\Internal\mar2020\pickle_files\7209597c853ffd51134ea17957d929864a2d52e1.pkl,0
D:\08_Dataset\Internal\mar2020\pickle_files\34e5c3d59c1fbeff728c31d26211f73ef9db412d.pkl,0
D:\08_Dataset\Internal\mar2020\pickle_files\af4102b4e6b971a0b47e41ce18d6b9da5660bf34.pkl,0
D:\08_Dataset\Internal\mar2020\pickle_files\dbf15caa574278f571d8f100b123500ccc937a53.pkl,0
D:\08_Dataset\Internal\mar2020\pickle_files\04ef2599d34eee99d8773e446e4ac1a63a21094d.pkl,0
D:\08_Dataset\Internal\mar2020\pickle_files\ecd085af4b194a5378bb424762f20bf1c4160a4b.pkl,0
D:\08_Dataset\Internal\mar2020\pickle_files\0d2d1a7942c7f539485e5c5f75df8fd8b3106d91.pkl,0
D:\08_Dataset\Internal\mar2020\pickle_files\3516eefd7afceb9ecc5224fd63d439e47142968b.pkl,0
D:\08_Dataset\Internal\mar2020\pickle_files\4368c4322c670da4eddf1aa26fa83d1394f5fe6c.pkl,0
D:\08_Dataset\Internal\mar2020\pickle_files\3667c51e009acd00f02e13eed4ba0a52ac4eeff6.pkl,0
D:\08_Dataset\Internal\mar2020\pickle_files\6f69b90392ab06d0bee2f7eaa6053d3e61a4f68a.pkl,0
D:\08_Dataset\Internal\mar2020\pickle_files\d0df730da3f90a3b2372635bcde023076717152b.pkl,0
D:\08_Dataset\Internal\mar2020\pickle_files\7cbab84ad21e1af017fb75627647f901eaaed708.pkl,0
D:\08_Dataset\Internal\mar2020\pickle_files\ccde03d38c4a3e311cd20f882e94864646078576.pkl,0
D:\08_Dataset\Internal\mar2020\pickle_files\23754f04dadca0f2cf19251f76f6cd137724cbf6.pkl,0
D:\08_Dataset\Internal\mar2020\pickle_files\3f3f9090bb2600db0e9480be4920fadf19829514.pkl,0
D:\08_Dataset\Internal\mar2020\pickle_files\1ed76fde77388cc28960e4db89b6dcc11ea5bd82.pkl,0
D:\08_Dataset\Internal\mar2020\pickle_files\ca6693d096dbbeb484e01f33eae91e91186c6604.pkl,0
D:\08_Dataset\Internal\mar2020\pickle_files\c7a5513d584771c379a1c1b58aaa53440d71fec4.pkl,0
D:\08_Dataset\Internal\mar2020\pickle_files\6520c35c689a43fc53ad88db82956ad2622bbfd9.pkl,0
D:\08_Dataset\Internal\mar2020\pickle_files\bc4b5a0b71a36be22ada9340b1acddc9f86b39f8.pkl,0
D:\08_Dataset\Internal\mar2020\pickle_files\05666c0a18fd6a246a59598f48b5fcd68ed9cd49.pkl,0
D:\08_Dataset\Internal\mar2020\pickle_files\5dd1d5b42a0b58d708d112694394a9a23691c283.pkl,0
D:\08_Dataset\Internal\mar2020\pickle_files\69b332d78020177a9b3f60cb672ec47578003c0d.pkl,0
D:\08_Dataset\Internal\mar2020\pickle_files\e7ac2bc3fe1dd9b9d7b348ad2e30091d7ae40244.pkl,0
D:\08_Dataset\Internal\mar2020\pickle_files\ef0bdcbd6012872ab99d4618835bcc0833e6ed74.pkl,0
D:\08_Dataset\Internal\mar2020\pickle_files\f61d6f3910d4f689f17569ee1c4b5ec37427bfa6.pkl,0
D:\08_Dataset\Internal\mar2020\pickle_files\e6e6d9134d20f2af04123b7c6de4b569fe454fb4.pkl,0
D:\08_Dataset\Internal\mar2020\pickle_files\ba5d9074821b5402722750197ae5f914ca948bd6.pkl,0
D:\08_Dataset\Internal\mar2020\pickle_files\b703b9df95be8dd47d11d9c0693621737dd4d516.pkl,0
D:\08_Dataset\Internal\mar2020\pickle_files\5b9f664daaa57794c5f8e8d08f36380303911868.pkl,0
D:\08_Dataset\Internal\mar2020\pickle_files\2c45809de9e9df8b644cce2d77b51bf82205aa24.pkl,0
D:\08_Dataset\Internal\mar2020\pickle_files\34b240ce475abbaa7126ce604aa84f1628b08959.pkl,0
D:\08_Dataset\Internal\mar2020\pickle_files\9bd1b3bc455d5464f32fe8af9f868e7a45bbf53e.pkl,0
D:\08_Dataset\Internal\mar2020\pickle_files\5678d32676a0651e263e7d94df971ed031c983ea.pkl,0
D:\08_Dataset\Internal\mar2020\pickle_files\5e7f7eb4ad2ae51d16d38603803bfa6da02065f5.pkl,0
D:\08_Dataset\Internal\mar2020\pickle_files\38224fba3599b45a351ff553c38cb7c9cdc9f42b.pkl,0
D:\08_Dataset\Internal\mar2020\pickle_files\66b1d1827a2d0f14efb9755f30b14eede622d25c.pkl,0
D:\08_Dataset\Internal\mar2020\pickle_files\b4ce6af96754af8815509fcd3ea0f937b6d23a4e.pkl,0
D:\08_Dataset\Internal\mar2020\pickle_files\399e04543bfd21c420f2a4ecf13e1a6304dfc314.pkl,0
D:\08_Dataset\Internal\mar2020\pickle_files\bf71579a81d35d5bd9355f502c69645e90597674.pkl,0
D:\08_Dataset\Internal\mar2020\pickle_files\da254b6711f15bde12e74400182da1bb9d4bd5d0.pkl,0
D:\08_Dataset\Internal\mar2020\pickle_files\bb64ae0d2689da0cdb48053c27d3e9bf508bf849.pkl,0
D:\08_Dataset\Internal\mar2020\pickle_files\63ecc6ffadc806019dd8b645502b8b0763fb08c8.pkl,0
D:\08_Dataset\Internal\mar2020\pickle_files\874a2d8a3193021974da9f80f248bb39705453f2.pkl,0
D:\08_Dataset\Internal\mar2020\pickle_files\524339a9cba9ce35d99942bb348f5f6c2ac49e31.pkl,0
D:\08_Dataset\Internal\mar2020\pickle_files\ad3c7a4ae0ed4a54f9b9c1f08cc3ced61bb3ce7a.pkl,0
D:\08_Dataset\Internal\mar2020\pickle_files\d3debbd7f491bf8ff538f390b0960f8a604c686f.pkl,0
D:\08_Dataset\Internal\mar2020\pickle_files\d4c0428bd71138b888341eb7fa02ba337defbe3d.pkl,0
D:\08_Dataset\Internal\mar2020\pickle_files\ed660ec23e0f3111e99fc0c620e8c74fc2307726.pkl,0
D:\08_Dataset\Internal\mar2020\pickle_files\3879063dce5c7a5dfea0ff68e2265aa8a821ae18.pkl,0
D:\08_Dataset\Internal\mar2020\pickle_files\96dd1420255f78045011eca6f2cbe48245890271.pkl,0
D:\08_Dataset\Internal\mar2020\pickle_files\955da5eb7d4acb90f44f6c40df8fdb58d178418a.pkl,0
D:\08_Dataset\Internal\mar2020\pickle_files\ffe148971927760eba5797f5aea47ffad0bdc8ad.pkl,0
D:\08_Dataset\Internal\mar2020\pickle_files\3a9762b93d78a07ce2875cc1ba5ac8b3b6f39f2b.pkl,0
D:\08_Dataset\Internal\mar2020\pickle_files\e6b3973b2569391fa1e0d0bb02cd4e4cb23e38d5.pkl,0
D:\08_Dataset\Internal\mar2020\pickle_files\99c5145a811a0edd8dcccc0a965c1e0126b6dd3a.pkl,0
D:\08_Dataset\Internal\mar2020\pickle_files\573ea3471716b8cb86c63a4efaea6ae576d7dabb.pkl,0
D:\08_Dataset\Internal\mar2020\pickle_files\ade2405a022628835fe16867c642a9113f630271.pkl,0
D:\08_Dataset\Internal\mar2020\pickle_files\0663090ef1d75f954f18d7ce286357ff041b6c83.pkl,0
D:\08_Dataset\Internal\mar2020\pickle_files\a106a3e62e3cc0d2e63b8aa0535fde63dba0d313.pkl,0
D:\08_Dataset\Internal\mar2020\pickle_files\e922ea862fd345b6e9e1420c22ece3e03b499e2f.pkl,0
D:\08_Dataset\Internal\mar2020\pickle_files\232c962025f73eb8e8521adbf2cb7e8215dbcfa9.pkl,0
D:\08_Dataset\Internal\mar2020\pickle_files\7cff5a2898d58e85625f25b2dd95a9fd2bdd603b.pkl,0
D:\08_Dataset\Internal\mar2020\pickle_files\4bd17fc26e5a1d2db411553002483ce94225a04d.pkl,0
D:\08_Dataset\Internal\mar2020\pickle_files\dd9dde77643809de7cb3c93dd205b29566cdcac3.pkl,0
D:\08_Dataset\Internal\mar2020\pickle_files\b532491b054708802680bb066858253a214c05b3.pkl,0
D:\08_Dataset\Internal\mar2020\pickle_files\cc8fd8fe177e6d849b87fcf19656844c17746f30.pkl,0
D:\08_Dataset\Internal\mar2020\pickle_files\7c34b1c796cf2580d800ffe6892132549e392eb2.pkl,0
D:\08_Dataset\Internal\mar2020\pickle_files\fb1ba52c4f1c10a7726dcfe833cb5401e2f71c1d.pkl,0
D:\08_Dataset\Internal\mar2020\pickle_files\d0184f37fa89860b09ee8f6ea9e07f6db6b6f3db.pkl,0
D:\08_Dataset\Internal\mar2020\pickle_files\a014acb0db629888ff2f5112ec5ec85f40f51f12.pkl,0
D:\08_Dataset\Internal\mar2020\pickle_files\5ec47418cf50f36198b85501bed7a792483ce463.pkl,0
D:\08_Dataset\Internal\mar2020\pickle_files\a79f6bbe4995cb48771445270997cef0a0a6125b.pkl,0
D:\08_Dataset\Internal\mar2020\pickle_files\67379004def03a7fd59691cf4255f0420466db1d.pkl,0
D:\08_Dataset\Internal\mar2020\pickle_files\b66fd06b975a0b06c743a9a4c01e373c56ca9ce9.pkl,0
D:\08_Dataset\Internal\mar2020\pickle_files\713b2ecb907c112e93c5b3db0930a8ada4ff9310.pkl,0
D:\08_Dataset\Internal\mar2020\pickle_files\4eeaf180ad63d1f8bd6bf2c98bfd45b437829ada.pkl,0
D:\08_Dataset\Internal\mar2020\pickle_files\e63aa1c212e1df2ed6325f170c41c42cd2b54346.pkl,0
D:\08_Dataset\Internal\mar2020\pickle_files\7ec90f3a8e2de1099872c3a8522e2fb46a23db0b.pkl,0
D:\08_Dataset\Internal\mar2020\pickle_files\7b56b84af7d45647d074d8d1e77bedd1346cdad4.pkl,0
D:\08_Dataset\Internal\mar2020\pickle_files\8b8419f4f5609803b6c1a5b3c62c5e26899a2bae.pkl,0
D:\08_Dataset\Internal\mar2020\pickle_files\52402219253edf25a7cf913c63659a24200eabd5.pkl,0
D:\08_Dataset\Internal\mar2020\pickle_files\f58de9b8d180e9819bdae3f28186e9862696bc3f.pkl,0
D:\08_Dataset\Internal\mar2020\pickle_files\956582c1e1ced2263710009b76ed2cec2ec0df13.pkl,0
D:\08_Dataset\Internal\mar2020\pickle_files\ebcf260acbf527e18c2146ce93e7658dfaf876d9.pkl,0
D:\08_Dataset\Internal\mar2020\pickle_files\8962664f739aaed9a5b1858f89ef2ee8c0d72d3d.pkl,0
D:\08_Dataset\Internal\mar2020\pickle_files\d13a3c1d64d37b31f6f41d9e0dc0b4419c9d905b.pkl,0
D:\08_Dataset\Internal\mar2020\pickle_files\6021b0d53bbed02d530f8a5556f553def428e3e5.pkl,0
D:\08_Dataset\Internal\mar2020\pickle_files\f434f6637b9ac898d34fd4005f6d95a098b35380.pkl,0
D:\08_Dataset\Internal\mar2020\pickle_files\69eb29d8c3a647c97f0ff87a6a31d8344dfbfa15.pkl,0
D:\08_Dataset\Internal\mar2020\pickle_files\1754d8df51806810a25e0aef506b49d1616ecf27.pkl,0
D:\08_Dataset\Internal\mar2020\pickle_files\442bb78eae41453cb3e9fb7794c8f2195b4ae759.pkl,0
D:\08_Dataset\Internal\mar2020\pickle_files\84c4771c90de3591cf06514bbf658551ff059d56.pkl,0
D:\08_Dataset\Internal\mar2020\pickle_files\a4906bb041360f01a9f36ad24b33c7d28df8f0e7.pkl,0
D:\08_Dataset\Internal\mar2020\pickle_files\621e8a4a29027c62da3a099ec4b433d09ba70c5f.pkl,0
D:\08_Dataset\Internal\mar2020\pickle_files\b298019d97db5ab6960c479c70c1a27d8e66d11c.pkl,0
D:\08_Dataset\Internal\mar2020\pickle_files\6e0dc020383734c925ee82a2371bccd35a7d87ac.pkl,0
D:\08_Dataset\Internal\mar2020\pickle_files\9ae7e9c1ccdc6d36c9c28db796302243a5b9a28a.pkl,0
D:\08_Dataset\Internal\mar2020\pickle_files\9ef6511a1e22763424a7f130fdcc226b0701b897.pkl,0
D:\08_Dataset\Internal\mar2020\pickle_files\7696e20f1deb2a681545df93fa1b60c904c2ee95.pkl,0
D:\08_Dataset\Internal\mar2020\pickle_files\9b9779568a688fed4f66c54ac98ce3856287fff1.pkl,0
D:\08_Dataset\Internal\mar2020\pickle_files\9f7e08c278a428ff691192bf57904c7ce546655f.pkl,0
D:\08_Dataset\Internal\mar2020\pickle_files\25ec7ed92354bbd8c35bb587f19e78ef6cc2460d.pkl,0
D:\08_Dataset\Internal\mar2020\pickle_files\1ef590bd22579a14aa79dec252d8c7a8577ce09c.pkl,0
D:\08_Dataset\Internal\mar2020\pickle_files\6f32365544c9ddf6d9acc1825e17db925b8a532e.pkl,0
D:\08_Dataset\Internal\mar2020\pickle_files\10fc6edea960f30c8641f63c0f5da2635ea1a550.pkl,0
D:\08_Dataset\Internal\mar2020\pickle_files\2c8ce060deafc0ad1f81a0174b80bfb08ce782b5.pkl,0
D:\08_Dataset\Internal\mar2020\pickle_files\66f2c6aa871803e48c50f3ae9949dd9783254b6f.pkl,0
D:\08_Dataset\Internal\mar2020\pickle_files\58119dfc160858da0545daa6128c22c40f61d514.pkl,0
D:\08_Dataset\Internal\mar2020\pickle_files\979fd0869534656c856d6ab5ee9ab2d8cda61923.pkl,0
D:\08_Dataset\Internal\mar2020\pickle_files\51784c87f302f2a1bedb4e111d536b949dd999cb.pkl,0
D:\08_Dataset\Internal\mar2020\pickle_files\1496963bfd4a25be568b3da3e5d76397b23a5fe4.pkl,0
D:\08_Dataset\Internal\mar2020\pickle_files\bbb3931f63f1bcbb9721eea83d6dab55b150729c.pkl,0
D:\08_Dataset\Internal\mar2020\pickle_files\3335bc66dded29afd8c7a688665833f23c856e69.pkl,0
D:\08_Dataset\Internal\mar2020\pickle_files\42a277b2717656478ac68e6fc261a6048b9f3bd1.pkl,0
D:\08_Dataset\Internal\mar2020\pickle_files\33fe02be3785e1a5c37d641e0a1704de16ece0e9.pkl,0
D:\08_Dataset\Internal\mar2020\pickle_files\5f2db67e1bb58016cab21348509f864f6883327a.pkl,0
D:\08_Dataset\Internal\mar2020\pickle_files\9759396199316465c469782a07366d2d636a94ee.pkl,0
D:\08_Dataset\Internal\mar2020\pickle_files\02364c3449ef732c6a720629dca64bfb31b428fe.pkl,0
D:\08_Dataset\Internal\mar2020\pickle_files\32fb71d35ec2a28d3f80c8240e3b0627665764e5.pkl,0
D:\08_Dataset\Internal\mar2020\pickle_files\d0b6c4386adc1d0b3ccdc1471c2e9e15488e4cf7.pkl,0
D:\08_Dataset\Internal\mar2020\pickle_files\473cf59e38af2d286e1837ae96ae09938e8cb3a0.pkl,0
D:\08_Dataset\Internal\mar2020\pickle_files\3b836892687028730542a69a85b88a414f2234b2.pkl,0
D:\08_Dataset\Internal\mar2020\pickle_files\8d263808cc424a86d9727ad9dcedeb6095e90e25.pkl,0
D:\08_Dataset\Internal\mar2020\pickle_files\585799e34c38640d349e51366c2360959d83cca2.pkl,0
D:\08_Dataset\Internal\mar2020\pickle_files\8b434df484dd0f127788e0b3112b37b47089157b.pkl,0
D:\08_Dataset\Internal\mar2020\pickle_files\913e1d555763540ecb3bd40c4a54b993c0b5d207.pkl,0
D:\08_Dataset\Internal\mar2020\pickle_files\428740193bee4ad0b62a9b3fdeb5397050bf68a4.pkl,0
D:\08_Dataset\Internal\mar2020\pickle_files\a707539a30fbc65abffedeadc42082eb45605e03.pkl,0
D:\08_Dataset\Internal\mar2020\pickle_files\bb9e1c933707d97b70bf8bd953aae327ad3444a7.pkl,0
D:\08_Dataset\Internal\mar2020\pickle_files\886c1d0bf39844edb9fe0463c70300d58109d954.pkl,0
D:\08_Dataset\Internal\mar2020\pickle_files\0238a82dd66832ff8c1c7400a6217588785b6558.pkl,0
D:\08_Dataset\Internal\mar2020\pickle_files\c04ac99484d335817ab4423bff47a502b7779eaa.pkl,0
D:\08_Dataset\Internal\mar2020\pickle_files\6f8aaa8fa8f74ebf43eb4acc4b47cd33855be3e7.pkl,0
D:\08_Dataset\Internal\mar2020\pickle_files\c3998a5da81a0d9d2e59294508dddea534eed0a1.pkl,0
D:\08_Dataset\Internal\mar2020\pickle_files\e04652d887495447f04af136bc9f1a3c69400173.pkl,0
D:\08_Dataset\Internal\mar2020\pickle_files\184fe5ac7d0781ad839f4a55ce112730a4c96496.pkl,0
D:\08_Dataset\Internal\mar2020\pickle_files\f204740861c81b8d693c1f13de274efa090a447b.pkl,0
D:\08_Dataset\Internal\mar2020\pickle_files\5aa41563b27ed2f05d253a31275b0dd3b3f190bb.pkl,0
D:\08_Dataset\Internal\mar2020\pickle_files\d2e3f9a97f6aff7258ecfecbae7a673bfec6df75.pkl,0
D:\08_Dataset\Internal\mar2020\pickle_files\0b0b6eefe0f1235f8cf284b96b7a3b751b2385c0.pkl,0
D:\08_Dataset\Internal\mar2020\pickle_files\bb4809d3f05d0ae1700d9be21f408d3b55c79b8c.pkl,0
D:\08_Dataset\Internal\mar2020\pickle_files\26d9f2c609a5faeb00458baed86600bed3a84601.pkl,0
D:\08_Dataset\Internal\mar2020\pickle_files\d11ea8920e9f0e85d3bf1cfa88bb020efefcd9e2.pkl,0
D:\08_Dataset\Internal\mar2020\pickle_files\1bdb742c881b6214097c833d67dd27cf3f4168bc.pkl,0
D:\08_Dataset\Internal\mar2020\pickle_files\9635e65d871a83978e7d06ce3e77e9b13a1c038a.pkl,0
D:\08_Dataset\Internal\mar2020\pickle_files\e6927051249e27ad5d1f5f2f52b1caf8a1605ae2.pkl,0
D:\08_Dataset\Internal\mar2020\pickle_files\5e06fafd5543d9395e3381922e08a6bfb8ef461e.pkl,0
D:\08_Dataset\Internal\mar2020\pickle_files\f36042059a01af715b402dd20381d61551cdcb33.pkl,0
D:\08_Dataset\Internal\mar2020\pickle_files\f9099f56db61facfa785675e8d73e8a93e547f03.pkl,0
D:\08_Dataset\Internal\mar2020\pickle_files\19ae93c3db7846ff36cd308f71d84e2f7ff9cc79.pkl,0
D:\08_Dataset\Internal\mar2020\pickle_files\d227906db69c075b83796eb0c328664a614f1220.pkl,0
D:\08_Dataset\Internal\mar2020\pickle_files\d6bc221a250cd0a01bcb94de9b1ceaa38b1c7469.pkl,0
D:\08_Dataset\Internal\mar2020\pickle_files\0a612fa2e6760a262235544e66125fce738a3b58.pkl,0
D:\08_Dataset\Internal\mar2020\pickle_files\8924920bc142650f85d4eb08f54308d59da96ba9.pkl,0
D:\08_Dataset\Internal\mar2020\pickle_files\f5c7c4810d14fb174352aaebb6a66b83b0848f0e.pkl,0
D:\08_Dataset\Internal\mar2020\pickle_files\a756db86f34aca3adcb431798f195d8b3ae612aa.pkl,0
D:\08_Dataset\Internal\mar2020\pickle_files\054b20333348a90bb3324bae8f6663515b88e59e.pkl,0
D:\08_Dataset\Internal\mar2020\pickle_files\f00a8d97ed31fd37f933c7c225e5d8df6c678332.pkl,0
D:\08_Dataset\Internal\mar2020\pickle_files\70f3985d4a0c77f80cef58abd96a21780ea12336.pkl,0
D:\08_Dataset\Internal\mar2020\pickle_files\16468ccd64517d8389fe020e92031d95c0a297f7.pkl,0
D:\08_Dataset\Internal\mar2020\pickle_files\7a56a0c30a8d20cf371fbd85a68e6b99237cd206.pkl,0
D:\08_Dataset\Internal\mar2020\pickle_files\b4e38b74e72914bb281cb1886dc4969afb63e81e.pkl,0
D:\08_Dataset\Internal\mar2020\pickle_files\9295c43f4e663f1b71216d005f60d9f6ed569fe9.pkl,0
D:\08_Dataset\Internal\mar2020\pickle_files\7b163460384db30b483ee5a5ff0021f42c8fcce8.pkl,0
D:\08_Dataset\Internal\mar2020\pickle_files\dd7de797188b67a630a395d59ee3fef873dbbcab.pkl,0
D:\08_Dataset\Internal\mar2020\pickle_files\e1055b7f0829e4f3b74d5a80cb3103fe61c68dac.pkl,0
D:\08_Dataset\Internal\mar2020\pickle_files\1f8c1b822c2bd66e6aa3108871cb3cd8fc5da9f5.pkl,0
D:\08_Dataset\Internal\mar2020\pickle_files\33480f4d0b34c094381ed0911945f35314e121b5.pkl,0
D:\08_Dataset\Internal\mar2020\pickle_files\b905dc87b22887c1a619479b7499d64ecc3c3575.pkl,0
D:\08_Dataset\Internal\mar2020\pickle_files\3e10ec4cf28f912ad4b5eaf81912c81d791fc846.pkl,0
D:\08_Dataset\Internal\mar2020\pickle_files\d833dc63f77a864abfd1287f7634ca2a1fc972ee.pkl,0
D:\08_Dataset\Internal\mar2020\pickle_files\24c609d6bafde7ef4f8334adc65226e69bfbcf5f.pkl,0
D:\08_Dataset\Internal\mar2020\pickle_files\f891df5e0779a868b6dffaa383a692598bf59d3c.pkl,0
D:\08_Dataset\Internal\mar2020\pickle_files\2065dc101e98e5821a1ea41fb4d96ab8710b1c08.pkl,0
D:\08_Dataset\Internal\mar2020\pickle_files\58bb6cd491b10b9b1bf741bf1415983056d645a3.pkl,0
D:\08_Dataset\Internal\mar2020\pickle_files\8ee938099aa33e2f4de7ff6f4a86a1a4219308ba.pkl,0
D:\08_Dataset\Internal\mar2020\pickle_files\3c93733b2a674bac62958b41fcf2461edb846de4.pkl,0
D:\08_Dataset\Internal\mar2020\pickle_files\87662e4093cedd4d5b4ceb7889759f5eed29c8f1.pkl,0
D:\08_Dataset\Internal\mar2020\pickle_files\1ee6dd841408eee48039a91439833aac7c8720e5.pkl,0
D:\08_Dataset\Internal\mar2020\pickle_files\66f8c6ac105d42c8070a3e0504ed8c0d309afcbc.pkl,0
D:\08_Dataset\Internal\mar2020\pickle_files\84a130e0345f4e334957b5e9d83590d11c45c14f.pkl,0
D:\08_Dataset\Internal\mar2020\pickle_files\6d7ca4c8ea126c1ca9e0a931aee91e21924512c1.pkl,0
D:\08_Dataset\Internal\mar2020\pickle_files\85d2cb351a276a503dc48dc3f4ff3bac9b006a9d.pkl,0
D:\08_Dataset\Internal\mar2020\pickle_files\06f9bf9ce8f815508fd059abd0cd04e660083cd3.pkl,0
D:\08_Dataset\Internal\mar2020\pickle_files\45c714f9867c9f6167ff79428feb0f2dd5f0cbf2.pkl,0
D:\08_Dataset\Internal\mar2020\pickle_files\8803cb34ad2d9234eb83e358bf3dabaca555b00b.pkl,0
D:\08_Dataset\Internal\mar2020\pickle_files\9a9d330e7bd92b924c93e507cd2cdb464ba365c1.pkl,0
D:\08_Dataset\Internal\mar2020\pickle_files\46e43760850e78ca8f8ebb1fb6314b919099240a.pkl,0
D:\08_Dataset\Internal\mar2020\pickle_files\150a77f4fb1ec73a97c800bf6f4203d10b681dab.pkl,0
D:\08_Dataset\Internal\mar2020\pickle_files\c02c0df134eff9dc8bfcba265ca4fd0f664cbf2e.pkl,0
D:\08_Dataset\Internal\mar2020\pickle_files\aef66b48c8b3c33da22611b20574df33026bbdc4.pkl,0
D:\08_Dataset\Internal\mar2020\pickle_files\8dbf4ecae1bbad74c91fa37603353ecfdc47425e.pkl,0
D:\08_Dataset\Internal\mar2020\pickle_files\1df27e2316d1759201758785674d8e69e51d88f0.pkl,0
D:\08_Dataset\Internal\mar2020\pickle_files\f90bfad126c26d8d4601c8db7144de2d570b853b.pkl,0
D:\08_Dataset\Internal\mar2020\pickle_files\bce57b70954d101bb5aef825b085c3a71166f1d6.pkl,0
D:\08_Dataset\Internal\mar2020\pickle_files\bbe2388fba80435014722e542782319d6cab4bcc.pkl,0
D:\08_Dataset\Internal\mar2020\pickle_files\b68189f9ba693f4d835a16572903b18fa35a6727.pkl,0
D:\08_Dataset\Internal\mar2020\pickle_files\f4f0123099b43bcc2844c9766315d2480c02adec.pkl,0
D:\08_Dataset\Internal\mar2020\pickle_files\6ac630c018a3740550d2515f0ba53eda940059d3.pkl,0
D:\08_Dataset\Internal\mar2020\pickle_files\df2ff4e9f8a3474d566b6d36e495072d12010367.pkl,0
D:\08_Dataset\Internal\mar2020\pickle_files\b35240a45f991a007dfe9e983797df74e16c050e.pkl,0
D:\08_Dataset\Internal\mar2020\pickle_files\c061edbd66ec322a662a7b3459c5069d469532ef.pkl,0
D:\08_Dataset\Internal\mar2020\pickle_files\9225870e9e247a3f57fadd21a7ce35ed4d725af4.pkl,0
D:\08_Dataset\Internal\mar2020\pickle_files\97664f86fdc3170d540f09b61b77afc3cd7e2ad7.pkl,0
D:\08_Dataset\Internal\mar2020\pickle_files\8cdbc14a9abd8a335018b5934460e88b6d1837e4.pkl,0
D:\08_Dataset\Internal\mar2020\pickle_files\a21dbe84e0b28e2cf45c1fca608029cc1c706cb5.pkl,0
D:\08_Dataset\Internal\mar2020\pickle_files\2b6c954068c227511de5076259f2de5b136f1fa9.pkl,0
D:\08_Dataset\Internal\mar2020\pickle_files\5640446431fc994cec816475bbeaaecdc650d99a.pkl,0
D:\08_Dataset\Internal\mar2020\pickle_files\f5295094db575437861057611693b6d10aabe885.pkl,0
D:\08_Dataset\Internal\mar2020\pickle_files\7b8f029ac5ade3af79a773b6430cca032254a216.pkl,0
D:\08_Dataset\Internal\mar2020\pickle_files\52620695678d942c778c74e021d9a40a4abec832.pkl,0
D:\08_Dataset\Internal\mar2020\pickle_files\82eaa798e8a90ba44e44932de3a4a6d82a3b7f3f.pkl,0
D:\08_Dataset\Internal\mar2020\pickle_files\4b3f8c952d9642b3f4fb64a84b55fd4b35afce96.pkl,0
D:\08_Dataset\Internal\mar2020\pickle_files\7b2085a4f371d1e9080d0e61786ba62b9daa1c57.pkl,0
D:\08_Dataset\Internal\mar2020\pickle_files\61fcdbb36f1b96c48aeffc1ca31d8f23207423b5.pkl,0
D:\08_Dataset\Internal\mar2020\pickle_files\23cf9d580a7823359137c4663b3e41441dbd4543.pkl,0
D:\08_Dataset\Internal\mar2020\pickle_files\220abdf3f108004049e8896bd991f589bd9872f7.pkl,0
D:\08_Dataset\Internal\mar2020\pickle_files\03e5818fdf22ac947239a82a2ea93dddddc8c4f3.pkl,0
D:\08_Dataset\Internal\mar2020\pickle_files\58c300a4dd0e1e2ae58c5caba56ac428b193d337.pkl,0
D:\08_Dataset\Internal\mar2020\pickle_files\6a29be3e1b9b315dbe85d2dc1fe342bc48a6907b.pkl,0
D:\08_Dataset\Internal\mar2020\pickle_files\a1907c8f227679f7a6de6bcc929cc10d8ca8c9bb.pkl,0
D:\08_Dataset\Internal\mar2020\pickle_files\42682227c20f069db9405a7e2114c48b9c89ccef.pkl,0
D:\08_Dataset\Internal\mar2020\pickle_files\fc52e37bef830b79310879d7a80d187255706210.pkl,0
D:\08_Dataset\Internal\mar2020\pickle_files\1e3349895d12ef7481cb94d7f20c1d230dbe98fd.pkl,0
D:\08_Dataset\Internal\mar2020\pickle_files\ad69dc6c3eefdf051e0fd24165ae1c04be06a404.pkl,0
D:\08_Dataset\Internal\mar2020\pickle_files\205dbd49b2c9f25916c84bb1378cca61ab2a7a65.pkl,0
D:\08_Dataset\Internal\mar2020\pickle_files\c741231600df2f702ba58452310757a2f7cac5aa.pkl,0
D:\08_Dataset\Internal\mar2020\pickle_files\769d402afb66576ad8d003fe3aa5eb7035813387.pkl,0
D:\08_Dataset\Internal\mar2020\pickle_files\ffaf8c641db86278d9e122d930ca2a5218c66017.pkl,0
D:\08_Dataset\Internal\mar2020\pickle_files\e5caff0cedc9cba67b1a829e64f45ea4169a0e3a.pkl,0
D:\08_Dataset\Internal\mar2020\pickle_files\56c6817dc17f80da7a6d4078a0b9c53eb0bd8df3.pkl,0
D:\08_Dataset\Internal\mar2020\pickle_files\e79e880ae27354e7086676981bba5362241fe209.pkl,0
D:\08_Dataset\Internal\mar2020\pickle_files\52a5b34b01f0bf5fe27bd221500aeafa786b2066.pkl,0
D:\08_Dataset\Internal\mar2020\pickle_files\42089ec32335f9d8db2c1544f3d4e1d35ac619fa.pkl,0
D:\08_Dataset\Internal\mar2020\pickle_files\ef17fb35c27544ef7cca341f9235109eb9068c7d.pkl,0
D:\08_Dataset\Internal\mar2020\pickle_files\0c6b59bbe9f7d8125d0d86083198516ea8352879.pkl,0
D:\08_Dataset\Internal\mar2020\pickle_files\6054fae7ba45608c1be3fb6a2e846290cce3602f.pkl,0
D:\08_Dataset\Internal\mar2020\pickle_files\15f6f3efd554e7882cae3214212ec034fb1d879c.pkl,0
D:\08_Dataset\Internal\mar2020\pickle_files\cc52bea3bca651dc91426d4153fb411e916be83c.pkl,0
D:\08_Dataset\Internal\mar2020\pickle_files\9cc5822741ebe6875c54660f329b14162c59e8a9.pkl,0
D:\08_Dataset\Internal\mar2020\pickle_files\258ead6585e66dbf7cb3b95bb471a4fbd9c9ef72.pkl,0
D:\08_Dataset\Internal\mar2020\pickle_files\24b524682243dfe125f28eba861a93b39db8da4c.pkl,0
D:\08_Dataset\Internal\mar2020\pickle_files\ad827602124e911bd10b17387c0f7420baa0f2df.pkl,0
D:\08_Dataset\Internal\mar2020\pickle_files\530c6e393f0e7bfdaa2bbeef43c6572014854599.pkl,0
D:\08_Dataset\Internal\mar2020\pickle_files\1212903f10dc1390c9061ab16922bc4e13b0ba22.pkl,0
D:\08_Dataset\Internal\mar2020\pickle_files\a29b9dfd695839abb0a108122886b3189292565e.pkl,0
D:\08_Dataset\Internal\mar2020\pickle_files\7cd1e328ec0cba8c96e9266d7201d284f072e208.pkl,0
D:\08_Dataset\Internal\mar2020\pickle_files\711fc795c635d7ca61209ea1850f2e6f0bda628d.pkl,0
D:\08_Dataset\Internal\mar2020\pickle_files\0153f4b1293e5fe9f78cfed921b21655b1a4da40.pkl,0
D:\08_Dataset\Internal\mar2020\pickle_files\58a0a2eb5f987a2313e4ff954058fbc483fe2a26.pkl,0
D:\08_Dataset\Internal\mar2020\pickle_files\260649df22a9e6fc76ce6cd5f9588478cecca8b0.pkl,0
D:\08_Dataset\Internal\mar2020\pickle_files\85e1aec722845d3b1e8f421d3fd71e3355600f5d.pkl,0
D:\08_Dataset\Internal\mar2020\pickle_files\971c73d7aa21b86bb719a3ce6ee2a00c7755c3bc.pkl,0
D:\08_Dataset\Internal\mar2020\pickle_files\4a939dabd7a8d941ea6d12bb1ca87b29690458ed.pkl,0
D:\08_Dataset\Internal\mar2020\pickle_files\b4ce2e85f8c442540f8c428639d2e6db1c7b3e79.pkl,0
D:\08_Dataset\Internal\mar2020\pickle_files\809947952c8aaf0e006cef0e43add6bbbd7237f2.pkl,0
D:\08_Dataset\Internal\mar2020\pickle_files\caefb316eae536d482174ef2bf322d6ef81cdb1b.pkl,0
D:\08_Dataset\Internal\mar2020\pickle_files\f65d5bd83155df7fd3990e87e003e464ff688763.pkl,0
D:\08_Dataset\Internal\mar2020\pickle_files\c109f0004a5e9c947414d44e309fcb862c90e3cd.pkl,0
D:\08_Dataset\Internal\mar2020\pickle_files\cde214019a678f53030bf827f7ed91740e438600.pkl,0
D:\08_Dataset\Internal\mar2020\pickle_files\72e98687a8d28614e2131c300403c2822856e865.pkl,0
D:\08_Dataset\Internal\mar2020\pickle_files\3b4708f9af1f71d975256488f22198cdd868e018.pkl,0
D:\08_Dataset\Internal\mar2020\pickle_files\5a66acd771a6edba6c9217343fbef3791f5c2111.pkl,0
D:\08_Dataset\Internal\mar2020\pickle_files\0205de627806d5038d6c737aec9166b3d6dc6a24.pkl,0
D:\08_Dataset\Internal\mar2020\pickle_files\e458c0dfb491beeb16c92410f2e2c4c3ca365e9f.pkl,0
D:\08_Dataset\Internal\mar2020\pickle_files\4b5f3396b593dc6f2fc6b2420237ca2769a42cc9.pkl,0
D:\08_Dataset\Internal\mar2020\pickle_files\0cc4466a8a24d0b2c11fe1cd74361b0c101f326c.pkl,0
D:\08_Dataset\Internal\mar2020\pickle_files\03f787cfe25f6667554ec418a6e7053be432f258.pkl,0
D:\08_Dataset\Internal\mar2020\pickle_files\2b88ca99d995723ff66711b40e9048612efe0cc4.pkl,0
D:\08_Dataset\Internal\mar2020\pickle_files\7cd232e574940f4edd49939a11976bdab1fb2f9a.pkl,0
D:\08_Dataset\Internal\mar2020\pickle_files\a2a005cfc39f7202dc0b17ae0a31e282fd79d1c5.pkl,0
D:\08_Dataset\Internal\mar2020\pickle_files\9f87463be56785b5788e47b7b04a5993274e7ac2.pkl,0
D:\08_Dataset\Internal\mar2020\pickle_files\584386ec40fb2ef71758659a5087e00668d27b7b.pkl,0
D:\08_Dataset\Internal\mar2020\pickle_files\bc907910ceb5796ef599af4f2c6685a14395dc63.pkl,0
D:\08_Dataset\Internal\mar2020\pickle_files\e6fe5c832149b8b6ef41e4435c024b4fb4a78398.pkl,0
D:\08_Dataset\Internal\mar2020\pickle_files\ebaba1b8a1726febde7ef5a10e0a43c85ef7e58c.pkl,0
D:\08_Dataset\Internal\mar2020\pickle_files\02840926449167bdf87a313ea4b9906b4309cf5a.pkl,0
D:\08_Dataset\Internal\mar2020\pickle_files\461bb9ab0ff1e3d629e0c4c5525fa12fa777319c.pkl,0
D:\08_Dataset\Internal\mar2020\pickle_files\f63edcddb4198cafbc3b29a9a315af86d2766031.pkl,0
D:\08_Dataset\Internal\mar2020\pickle_files\2871b929a31e28a80b7b6d01d817b5ddcb5b78db.pkl,0
D:\08_Dataset\Internal\mar2020\pickle_files\5a2511e04419bc16e2fd9c717a434311871170fa.pkl,0
D:\08_Dataset\Internal\mar2020\pickle_files\d29a7875c7788f873aea1fe273f9cb432d6bde36.pkl,0
D:\08_Dataset\Internal\mar2020\pickle_files\27f108075195f86d7e94adf1123ad74b158057f6.pkl,0
D:\08_Dataset\Internal\mar2020\pickle_files\28072502f3fe08c8881e1bb44aa7c1f9bfc093de.pkl,0
D:\08_Dataset\Internal\mar2020\pickle_files\302b56e34c71c24260f5c9b463c0e69473a6998e.pkl,0
D:\08_Dataset\Internal\mar2020\pickle_files\d50383ac8f27d4be354d17d9275c69182f4aed29.pkl,0
D:\08_Dataset\Internal\mar2020\pickle_files\4f86b5b38ebf1386204d2e862c46e261611b54e5.pkl,0
D:\08_Dataset\Internal\mar2020\pickle_files\2fe3ebec30a0ecb4dff208119fae050d21b3bd6d.pkl,0
D:\08_Dataset\Internal\mar2020\pickle_files\3f8eade81b5a8fd79c70cfbe82b6863e82774f61.pkl,0
D:\08_Dataset\Internal\mar2020\pickle_files\0959b1d893cae81cc49d2ad2c026619f79a9c567.pkl,0
D:\08_Dataset\Internal\mar2020\pickle_files\9123a0bab6fc07ae8323905020a615c33d36873f.pkl,0
D:\08_Dataset\Internal\mar2020\pickle_files\4a4afb83319c7697b49c1ab195a9580e02600983.pkl,0
D:\08_Dataset\Internal\mar2020\pickle_files\e0352c1e14e45138caa9edda7db67bcd7b8761b1.pkl,0
D:\08_Dataset\Internal\mar2020\pickle_files\2361abc1864462c533e78af2ba8a5a0690453880.pkl,0
D:\08_Dataset\Internal\mar2020\pickle_files\6221de695ee35973bd32e1aa10aaa10652b13328.pkl,0
D:\08_Dataset\Internal\mar2020\pickle_files\b0c2d081c4aa3dea10f9b0d0fbc94c2870d00133.pkl,0
D:\08_Dataset\Internal\mar2020\pickle_files\bf85b1a8397ab43df1be0e1cc149eda6f9b51fa1.pkl,0
D:\08_Dataset\Internal\mar2020\pickle_files\99755acc0921ecadc49a890efd7e0958401b26b1.pkl,0
D:\08_Dataset\Internal\mar2020\pickle_files\0a684b0c7b033d7c8cf45cfc3d3c341aa131c442.pkl,0
D:\08_Dataset\Internal\mar2020\pickle_files\89001b9cd39d91e628de197dd3f4f142cf78a34a.pkl,0
D:\08_Dataset\Internal\mar2020\pickle_files\165e0c9a9627c883a42431a0e0beef174b30308b.pkl,0
D:\08_Dataset\Internal\mar2020\pickle_files\b5477f42bbbd7603929390c96c14a19165d0b5fe.pkl,0
D:\08_Dataset\Internal\mar2020\pickle_files\62049efa965e188baf2701f8c0fc11ccee96a6fb.pkl,0
D:\08_Dataset\Internal\mar2020\pickle_files\1530ab94203744c606bedacbe1da6d4e979d41e2.pkl,0
D:\08_Dataset\Internal\mar2020\pickle_files\28df0ac46d3199b4a895a84901bfe25c805b6419.pkl,0
D:\08_Dataset\Internal\mar2020\pickle_files\6fb4f613b942ef94093f62de30f47ad9f90278b7.pkl,0
D:\08_Dataset\Internal\mar2020\pickle_files\1d9b16ba1519d86f1464596e2f55d1578cc08586.pkl,0
D:\08_Dataset\Internal\mar2020\pickle_files\2dc7f9644bdcd0183cf59ace37105223c79c07e5.pkl,0
D:\08_Dataset\Internal\mar2020\pickle_files\2d7e2a40802c5bdab99a88cf9bf9ea7cb261d8d7.pkl,0
D:\08_Dataset\Internal\mar2020\pickle_files\c60198fca4f12b239534688587b353cb695783d9.pkl,0
D:\08_Dataset\Internal\mar2020\pickle_files\404d8ff302c977df4f4e21196cbb1141787b1313.pkl,0
D:\08_Dataset\Internal\mar2020\pickle_files\4f1079c67c2406b700046bcc9d2c0b284c0b6432.pkl,0
D:\08_Dataset\Internal\mar2020\pickle_files\df4bd6658ca8e9a11ecf5fcb14105e2cfa8f9971.pkl,0
D:\08_Dataset\Internal\mar2020\pickle_files\1d090f4c9c7234aeaf52e13cdec075164ff3d0fa.pkl,0
D:\08_Dataset\Internal\mar2020\pickle_files\c8bf347d7218326f2ff78f638ad0921648d47e46.pkl,0
D:\08_Dataset\Internal\mar2020\pickle_files\11abf5dfe77e49c6892fa083a6dce8791f9690b2.pkl,0
D:\08_Dataset\Internal\mar2020\pickle_files\30182cec35e4cbdc4c4b6f68ac2149333ba35c73.pkl,0
D:\08_Dataset\Internal\mar2020\pickle_files\92997914f5a4e04184003fade9b2e2e441ba91eb.pkl,0
D:\08_Dataset\Internal\mar2020\pickle_files\ca83af4b1148d619296422a901df3074183b3199.pkl,0
D:\08_Dataset\Internal\mar2020\pickle_files\640a5947d2b75f61244a6b4a38cb8e464c7b802a.pkl,0
D:\08_Dataset\Internal\mar2020\pickle_files\fc005731495d531b10ffe23ddf8632ab33f6c256.pkl,0
D:\08_Dataset\Internal\mar2020\pickle_files\4b68315bab71ef9df7f18b269fd9ef5edbcc61a7.pkl,0
D:\08_Dataset\Internal\mar2020\pickle_files\95c72ef2619a02445f51d85d7dd8e56cf839b527.pkl,0
D:\08_Dataset\Internal\mar2020\pickle_files\297d96197752044e8b3c1d78280c6f22c3b77e67.pkl,0
D:\08_Dataset\Internal\mar2020\pickle_files\f82eeaf01b8fe94145b4198b38a78d8fc03348c2.pkl,0
D:\08_Dataset\Internal\mar2020\pickle_files\5b5855a8c0a297d707e41f9c2b22e4d082a8b923.pkl,0
D:\08_Dataset\Internal\mar2020\pickle_files\85ceafaa6596f376d9877526cb67abdc6d886e7b.pkl,0
D:\08_Dataset\Internal\mar2020\pickle_files\76704a2540d456472e4ee7b789d884783047af4e.pkl,0
D:\08_Dataset\Internal\mar2020\pickle_files\18965e55a40340f1aaa73b8f2833bef310db39a7.pkl,0
D:\08_Dataset\Internal\mar2020\pickle_files\8a2936b84231e909ac2d264c56d8a427022c135a.pkl,0
D:\08_Dataset\Internal\mar2020\pickle_files\a155f43e8c322bd35af62240356fa1535f03ff75.pkl,0
D:\08_Dataset\Internal\mar2020\pickle_files\7e59d923c8d7c08b46a165352303169ec58177a4.pkl,0
D:\08_Dataset\Internal\mar2020\pickle_files\f52cda6d329c5482b660c4f7b2349de9a83e75ab.pkl,0
D:\08_Dataset\Internal\mar2020\pickle_files\86b64ed2abd3b21f7649942e113aa7d8b4ec07c6.pkl,0
D:\08_Dataset\Internal\mar2020\pickle_files\a788940c86d66f9dca0ee548eb8735ab35081d80.pkl,0
D:\08_Dataset\Internal\mar2020\pickle_files\2e153bf660674f5ac6d767c3f22f457c90e2ff66.pkl,0
D:\08_Dataset\Internal\mar2020\pickle_files\b2b3d227e50469b582ddea77a262e77db89ee17f.pkl,0
D:\08_Dataset\Internal\mar2020\pickle_files\0e31fc6c243399e881d3652b1c42a1a91acac877.pkl,0
D:\08_Dataset\Internal\mar2020\pickle_files\b79a345b5d7c216cf61d9f2f18a237e1b984d18a.pkl,0
D:\08_Dataset\Internal\mar2020\pickle_files\ac2c06a39a25a4fe014c8a2940fefef588534e09.pkl,0
D:\08_Dataset\Internal\mar2020\pickle_files\f73d088ce68aa39ac196da1a45859fb04e8c8e7c.pkl,0
D:\08_Dataset\Internal\mar2020\pickle_files\6cf56efed5ca35e2e4c91109d4b489915ab4aed3.pkl,0
D:\08_Dataset\Internal\mar2020\pickle_files\d716e570e36f37e90c52ac96e6692981b305d798.pkl,0
D:\08_Dataset\Internal\mar2020\pickle_files\bbb2fbe534abc1e7c82f80b85db84511a7eb9704.pkl,0
D:\08_Dataset\Internal\mar2020\pickle_files\051a882caaffc20810e980f16e452b5da6c18fc2.pkl,0
D:\08_Dataset\Internal\mar2020\pickle_files\6f369daf4a203a9deffaeba05dbb2e4b2b05eb40.pkl,0
D:\08_Dataset\Internal\mar2020\pickle_files\803db92ba147fb2040c0923bf45bfd8a89d49544.pkl,0
D:\08_Dataset\Internal\mar2020\pickle_files\43fa4a729c10dc878d183e060ba3c239d89dcb22.pkl,0
D:\08_Dataset\Internal\mar2020\pickle_files\adc78a4ee5239fea9380bcc257d3ca2ed125690b.pkl,0
D:\08_Dataset\Internal\mar2020\pickle_files\552cc2abcfc7ad9f4971a1520ea577b0b3f7fca6.pkl,0
D:\08_Dataset\Internal\mar2020\pickle_files\6192c73eb1de1fb363ba93ddfeaa91df17fb1c50.pkl,0
D:\08_Dataset\Internal\mar2020\pickle_files\693dda6f464f3d4e7ddb907a4b1688ab61b2c935.pkl,0
D:\08_Dataset\Internal\mar2020\pickle_files\4878c0075f498a80b2b4eb2ef6674d59f09d5af9.pkl,0
D:\08_Dataset\Internal\mar2020\pickle_files\31060cbe0ff5914178d2963c8cbfc207c015b448.pkl,0
D:\08_Dataset\Internal\mar2020\pickle_files\0eb7fb61998c3e1087c27379ce83b92227fd6c9a.pkl,0
D:\08_Dataset\Internal\mar2020\pickle_files\720ba1ed670e56200299a57b1b47a32ac9668e1f.pkl,0
D:\08_Dataset\Internal\mar2020\pickle_files\e1acfc666decfb2449983ed1878e3611851ae343.pkl,0
D:\08_Dataset\Internal\mar2020\pickle_files\44b955f7d835829f69b9d8f2658ed2cc55724db6.pkl,0
D:\08_Dataset\Internal\mar2020\pickle_files\fdef1cc02740011e7a93ddfcc6009f202f6b7a86.pkl,0
D:\08_Dataset\Internal\mar2020\pickle_files\1089be0180deb9b27de057e34a118023a29f002e.pkl,0
D:\08_Dataset\Internal\mar2020\pickle_files\3d5f5cb3c8bf63241a49444d0b056832926131bd.pkl,0
D:\08_Dataset\Internal\mar2020\pickle_files\27465caa78aaeb6cc8ce0bda4ba32bb28ee4ea89.pkl,0
D:\08_Dataset\Internal\mar2020\pickle_files\6b53d99e12d2fc80cdb502b85de41ddc8cc65b11.pkl,0
D:\08_Dataset\Internal\mar2020\pickle_files\1388647c510bc7b4e01982766f61c0d1eb7b7d85.pkl,0
D:\08_Dataset\Internal\mar2020\pickle_files\c9da6414ca05c7b5c4e1a7d20e3d7c1985c796c5.pkl,0
D:\08_Dataset\Internal\mar2020\pickle_files\6e170a89bd9f15dddcb689025935a977984ff92f.pkl,0
D:\08_Dataset\Internal\mar2020\pickle_files\5d3c7d8c5fbaacb8098453a3e4dfdee68da03220.pkl,0
D:\08_Dataset\Internal\mar2020\pickle_files\89dcf0d627c0332e9a44bb368871e0cdcf6b8541.pkl,0
D:\08_Dataset\Internal\mar2020\pickle_files\67541632fd3c883f073f48c742f22cf580938565.pkl,0
D:\08_Dataset\Internal\mar2020\pickle_files\c7a15a38c5ffd99ae1067f80ee990959e4019afc.pkl,0
D:\08_Dataset\Internal\mar2020\pickle_files\eb3e1f38c813b30c25ac09104a640546f316cd39.pkl,0
D:\08_Dataset\Internal\mar2020\pickle_files\a2136a92013c26176110afb53fa5efa541635256.pkl,0
D:\08_Dataset\Internal\mar2020\pickle_files\c95f4fa7834f48b05700b1ed2af1fccd7f2d4331.pkl,0
D:\08_Dataset\Internal\mar2020\pickle_files\bfe55c1c3574bc69f022d81ce7a3e24a9502b2c3.pkl,0
D:\08_Dataset\Internal\mar2020\pickle_files\93ae87f8c46a70aaa39d895256f79a4d1805d649.pkl,0
D:\08_Dataset\Internal\mar2020\pickle_files\12e249c9e0f886d3808de9e94b5dda35dd33a256.pkl,0
D:\08_Dataset\Internal\mar2020\pickle_files\b8c5c8ab58c7c52685c0ee20b9bca39bceac7d08.pkl,0
D:\08_Dataset\Internal\mar2020\pickle_files\6b9fa028972e563c7d648b45c039af0732abf898.pkl,0
D:\08_Dataset\Internal\mar2020\pickle_files\4ad814dc21a38f152e6e2e9e055ec2d790ce0e42.pkl,0
D:\08_Dataset\Internal\mar2020\pickle_files\1a7ac3e75c1e32602c606ff6996f91d0999ec9df.pkl,0
D:\08_Dataset\Internal\mar2020\pickle_files\34d61ea5becf7d4a9358ea81ba2d9c72a4b53b25.pkl,0
D:\08_Dataset\Internal\mar2020\pickle_files\1eb7253265819e358c7b75677ad559676528cb92.pkl,0
D:\08_Dataset\Internal\mar2020\pickle_files\2a776d2c26c2a699b643a83f513a7b9f2f4275f7.pkl,0
D:\08_Dataset\Internal\mar2020\pickle_files\3297822ef2f266cb2faef8f100c680bc267c874e.pkl,0
D:\08_Dataset\Internal\mar2020\pickle_files\88920714dcfa142c1bb5ba6c8c3558ba2f4ef4e0.pkl,0
D:\08_Dataset\Internal\mar2020\pickle_files\e37a0d2a7103bbca7dafbdc746ba167dcad98bab.pkl,0
D:\08_Dataset\Internal\mar2020\pickle_files\8701ebed0fbaa1a02d6cb449c5365398a7ccd975.pkl,0
D:\08_Dataset\Internal\mar2020\pickle_files\3eaf43872d474f12ca3b07a7647967195ec882a5.pkl,0
D:\08_Dataset\Internal\mar2020\pickle_files\b126f62cb24c83c3ffa5cc4c68efb4b48a30e91b.pkl,0
D:\08_Dataset\Internal\mar2020\pickle_files\c6253ed341525a3a7823bd42fdd9e70dc2009401.pkl,0
D:\08_Dataset\Internal\mar2020\pickle_files\2bd5b96e047170bf0329aedeeafd79682f9834be.pkl,0
D:\08_Dataset\Internal\mar2020\pickle_files\2f8cddf8b318ca05b3b75b6ccfa50c57fa9990f9.pkl,0
D:\08_Dataset\Internal\mar2020\pickle_files\42590639d1edfc9a33636ca0903b7e17872f52c4.pkl,0
D:\08_Dataset\Internal\mar2020\pickle_files\754efd06722a0a06018ef65ff5b287c0b403bac9.pkl,0
D:\08_Dataset\Internal\mar2020\pickle_files\667c14fdae01207f52dbd769f5cb310f2b82ef0e.pkl,0
D:\08_Dataset\Internal\mar2020\pickle_files\a62c399b347f4c911b52aaeded4c86955ae80829.pkl,0
D:\08_Dataset\Internal\mar2020\pickle_files\8b6bef4971cad57af5d38ed287ed49c5321bc066.pkl,0
D:\08_Dataset\Internal\mar2020\pickle_files\9d291552881da450eb0f2c9aeeee213deb84a77a.pkl,0
D:\08_Dataset\Internal\mar2020\pickle_files\471cb1f503c9b0d0d52988de9124e56dc46b8ecd.pkl,0
D:\08_Dataset\Internal\mar2020\pickle_files\d628ae6fd0a57649d4fdc722a178fa81ea262ac3.pkl,0
D:\08_Dataset\Internal\mar2020\pickle_files\d39ced9179c5ac1abbcdcad3f699966b8af16b2b.pkl,0
D:\08_Dataset\Internal\mar2020\pickle_files\5c80c45cc1cbce967a2fd40d0747db4ee86aa8c6.pkl,0
D:\08_Dataset\Internal\mar2020\pickle_files\c34db0c1234cb621bf1f379a24a7725b3efaa366.pkl,0
D:\08_Dataset\Internal\mar2020\pickle_files\cae7eea28b6948b6a59680aa0e2e0d9e4877617b.pkl,0
D:\08_Dataset\Internal\mar2020\pickle_files\d5c3e604d54da263e4c6d12ea60332e8cc3493c2.pkl,0
D:\08_Dataset\Internal\mar2020\pickle_files\e3d9403820a2617452a43852e745c07df4f5c8a0.pkl,0
D:\08_Dataset\Internal\mar2020\pickle_files\f4ff3af7d148c57088e122d8d9654016d44d7b6e.pkl,0
D:\08_Dataset\Internal\mar2020\pickle_files\41397db4aec371d0b1af31be6099b5f0800c28ee.pkl,0
D:\08_Dataset\Internal\mar2020\pickle_files\4edf01d49d44e41a366d475d6e4a964b7b570049.pkl,0
D:\08_Dataset\Internal\mar2020\pickle_files\91267e413df4d84774c91d393161ba8325715781.pkl,0
D:\08_Dataset\Internal\mar2020\pickle_files\60d414ce7636187b95c3a5d1ad116ba6be9414cf.pkl,0
D:\08_Dataset\Internal\mar2020\pickle_files\6283db9895e5f4f251df9ad7bd0162601ac8c8f5.pkl,0
D:\08_Dataset\Internal\mar2020\pickle_files\a3c6f769020155131ee124555456f4233d2ab06b.pkl,0
D:\08_Dataset\Internal\mar2020\pickle_files\e26c070f79c886e96df99736cc46ecfb0407afaa.pkl,0
D:\08_Dataset\Internal\mar2020\pickle_files\c29172726f812d0b2790c11a6614c075feebe59b.pkl,0
D:\08_Dataset\Internal\mar2020\pickle_files\48dd8605711c246dd78083a78cca35a193947c92.pkl,0
D:\08_Dataset\Internal\mar2020\pickle_files\4ed443de75822b9424acf8b18c91f644c20c28ed.pkl,0
D:\08_Dataset\Internal\mar2020\pickle_files\dc535771d5f438e6c6760771043d899dbbc6aecf.pkl,0
D:\08_Dataset\Internal\mar2020\pickle_files\b8cba3864fed8cbdc3407f18a8ddf49a4c010348.pkl,0
D:\08_Dataset\Internal\mar2020\pickle_files\186b7e00d1a0f16d505927da87d7a8fed24e445c.pkl,0
D:\08_Dataset\Internal\mar2020\pickle_files\ed7ee3bffc1641361db343eb49a2343b4a496264.pkl,0
D:\08_Dataset\Internal\mar2020\pickle_files\39201f7d4abe8c729666a17293731355bde90293.pkl,0
D:\08_Dataset\Internal\mar2020\pickle_files\3e63eec96f9512ce31bd063a6336be5c5857f507.pkl,0
D:\08_Dataset\Internal\mar2020\pickle_files\c5ce3a762a4f22833799e4a29809534c13ff74a4.pkl,0
D:\08_Dataset\Internal\mar2020\pickle_files\937992773b633fd2bc34cac227938beec81d5329.pkl,0
D:\08_Dataset\Internal\mar2020\pickle_files\59cb1d654431db6be865e5a617a1efcca6009d83.pkl,0
D:\08_Dataset\Internal\mar2020\pickle_files\b6f8e6cf0588a4e7c3ae3a04335b8d52bbc40d91.pkl,0
D:\08_Dataset\Internal\mar2020\pickle_files\bc28a0116cfea418353d8ec256c2e0c66bc3fbe9.pkl,0
D:\08_Dataset\Internal\mar2020\pickle_files\3771673ff750696f2ec0d25f170caa9b53322922.pkl,0
D:\08_Dataset\Internal\mar2020\pickle_files\5f8830d1f37a7516a3efd025994176b7915fdca6.pkl,0
D:\08_Dataset\Internal\mar2020\pickle_files\74ae9b5863150a35ecee6b06cec2c6969f2e10d1.pkl,0
D:\08_Dataset\Internal\mar2020\pickle_files\50e59c18cd4493e2f15ba7a944e139b87c7de222.pkl,0
D:\08_Dataset\Internal\mar2020\pickle_files\e2e5d4feb0dff20ad1d83f72062f5816d365bc37.pkl,0
D:\08_Dataset\Internal\mar2020\pickle_files\21963aec7ee0cb808ad25209923be500ccd5948e.pkl,0
D:\08_Dataset\Internal\mar2020\pickle_files\7d8624096a4f4ac29260dd1a1f5e4bdc7b52ecd8.pkl,0
D:\08_Dataset\Internal\mar2020\pickle_files\02cd328eb96668d34080ca6868d896e4df86222f.pkl,0
D:\08_Dataset\Internal\mar2020\pickle_files\8af2a99dfa0badd3d32970539cd0a93da6631ba5.pkl,0
D:\08_Dataset\Internal\mar2020\pickle_files\c6edcaea0f398e405f24f532fa2c5113e774d7f7.pkl,0
D:\08_Dataset\Internal\mar2020\pickle_files\9e1b334ace27d7eaa32c8091f85bede1df9ef566.pkl,0
D:\08_Dataset\Internal\mar2020\pickle_files\1034b2716c4ead019bc93066ee5b57d6f94053fa.pkl,0
D:\08_Dataset\Internal\mar2020\pickle_files\ace71daae8a2f67897f2b4d02a232641ee4980cd.pkl,0
D:\08_Dataset\Internal\mar2020\pickle_files\4b3b7da54cf910e0f7ee506bc4eaf62d400459a5.pkl,0
D:\08_Dataset\Internal\mar2020\pickle_files\32b2e8b46b22da5d4c368528e2990e451b565850.pkl,0
D:\08_Dataset\Internal\mar2020\pickle_files\5d55f755bfed651912482300f50b5f3af4bf2826.pkl,0
D:\08_Dataset\Internal\mar2020\pickle_files\def1a1e77f4c95634d9e3c1744ed590c22742a16.pkl,0
D:\08_Dataset\Internal\mar2020\pickle_files\321a42ebcbee9c7b0edfd84598f2eef0970986bb.pkl,0
D:\08_Dataset\Internal\mar2020\pickle_files\61f41c5b044df3e325240c7e714e053ef6724340.pkl,0
D:\08_Dataset\Internal\mar2020\pickle_files\7dd15ddba1d7aad370854449f97cfa13fed9b207.pkl,0
D:\08_Dataset\Internal\mar2020\pickle_files\a5e322f4a519c7f9981f7623d62ff7596c4d8dd3.pkl,0
D:\08_Dataset\Internal\mar2020\pickle_files\7baa4121299bc1b8a3f7786d2ca847e901e2f731.pkl,0
D:\08_Dataset\Internal\mar2020\pickle_files\3411f09eb350565b0bfb578e6573ad30e3da0da3.pkl,0
D:\08_Dataset\Internal\mar2020\pickle_files\8d0ea02af61de2e9e16bafb0c695a3c78befb088.pkl,0
D:\08_Dataset\Internal\mar2020\pickle_files\03c53646a289747d1f82172f798b32d1a568e08c.pkl,0
D:\08_Dataset\Internal\mar2020\pickle_files\0ec2247a3bc578049a61da11b6d21b313377fff7.pkl,0
D:\08_Dataset\Internal\mar2020\pickle_files\a226dedeba8ee40aaf08a85adc37e14f109a61f3.pkl,0
D:\08_Dataset\Internal\mar2020\pickle_files\7f797d3d572da66ecc529c6cc2526fa0c990df93.pkl,0
D:\08_Dataset\Internal\mar2020\pickle_files\a89b415b4553b63a848f317a991ad4e8843a69cd.pkl,0
D:\08_Dataset\Internal\mar2020\pickle_files\32c23dd397c29db5dc975ae0426c231214de3fe8.pkl,0
D:\08_Dataset\Internal\mar2020\pickle_files\257fb0f08d2ebde4e653081d6e53aee9d5adc345.pkl,0
D:\08_Dataset\Internal\mar2020\pickle_files\157d9ff188404db61ab6438369c5b90371bb46a2.pkl,0
D:\08_Dataset\Internal\mar2020\pickle_files\9d0f42e48275a9b48065eae99b1c3e7902e3e7cf.pkl,0
D:\08_Dataset\Internal\mar2020\pickle_files\955f45b3b058f526378f6971529b53614909f84b.pkl,0
D:\08_Dataset\Internal\mar2020\pickle_files\614a789e134629a602d03af46847abf9fdcb9728.pkl,0
D:\08_Dataset\Internal\mar2020\pickle_files\32b5eee13a484e41a81976da886bdcac49ccaa95.pkl,0
D:\08_Dataset\Internal\mar2020\pickle_files\ace762c51db1908c858c898d7e0f9b36f788d2d9.pkl,0
D:\08_Dataset\Internal\mar2020\pickle_files\d5ea2dc1aadc48e6175165b144ab017c9ac10e66.pkl,0
D:\08_Dataset\Internal\mar2020\pickle_files\f56ed3a1c08db58cf9c0b9588b4689c3e4342c06.pkl,0
D:\08_Dataset\Internal\mar2020\pickle_files\690207dac74d59f52ea34cfd9e7f2f623a4fcb3b.pkl,0
D:\08_Dataset\Internal\mar2020\pickle_files\a335152d592a085aefb2d083e3cabd3e2f47aff4.pkl,0
D:\08_Dataset\Internal\mar2020\pickle_files\ec47367d1cc48e2d6517b9fb8ba452ebad6b6784.pkl,0
D:\08_Dataset\Internal\mar2020\pickle_files\39e731b63331f6ab2535791c46bfc1d415a20949.pkl,0
D:\08_Dataset\Internal\mar2020\pickle_files\f5948deaeeecd1bbe84368acdc6d4cd29f0020d8.pkl,0
D:\08_Dataset\Internal\mar2020\pickle_files\9e0b979b00924b5ca4d8a1e395ee2ec379b1bb8a.pkl,0
D:\08_Dataset\Internal\mar2020\pickle_files\8c1fb793b206c50ed1b1e36dc6a567513a673ad7.pkl,0
D:\08_Dataset\Internal\mar2020\pickle_files\e1c5e541daaaec76e92bcc2a5f1642dc37bda240.pkl,0
D:\08_Dataset\Internal\mar2020\pickle_files\fe5a4658928890a81ae0959e28ea56c5795901f4.pkl,0
D:\08_Dataset\Internal\mar2020\pickle_files\2d2f8d4205ca22d140c4f4b0201af8c510f7dfd6.pkl,0
D:\08_Dataset\Internal\mar2020\pickle_files\3836010a93373e334f68f14f2e6171a51baea3d4.pkl,0
D:\08_Dataset\Internal\mar2020\pickle_files\75c89782b82f2e88843581653db017c63ea5082f.pkl,0
D:\08_Dataset\Internal\mar2020\pickle_files\8e7c56edf5d3a05ae0a441cef93df3c72560f56a.pkl,0
D:\08_Dataset\Internal\mar2020\pickle_files\c3e59eced345f30653c9882d34c4733ce759be5b.pkl,0
D:\08_Dataset\Internal\mar2020\pickle_files\ea7d02ffa537853ceba3b8ea9a62659c45c908b7.pkl,0
D:\08_Dataset\Internal\mar2020\pickle_files\0a8f3ed237a346ed9e36c0d4aae5248731929745.pkl,0
D:\08_Dataset\Internal\mar2020\pickle_files\643b2db657e876c0b8466a3147d2e2154ee057fa.pkl,0
D:\08_Dataset\Internal\mar2020\pickle_files\a98a629036ddd5812b14db7f2ac52ae066c02fb7.pkl,0
D:\08_Dataset\Internal\mar2020\pickle_files\a50a03e91ef8d35a9df7c23ceb038cfe3a032a11.pkl,0
D:\08_Dataset\Internal\mar2020\pickle_files\ff7ed7afd9f59eea19492b4c9b7b6fff2be56790.pkl,0
D:\08_Dataset\Internal\mar2020\pickle_files\98bdaa0bb8c7b86752647d3a22a2c1974aaf9ddf.pkl,0
D:\08_Dataset\Internal\mar2020\pickle_files\f20114d25fa7c4160825977b4d1eedac93ae4abb.pkl,0
D:\08_Dataset\Internal\mar2020\pickle_files\2e032c0d5b8d8fbe0de0488635f22a05674035e6.pkl,0
D:\08_Dataset\Internal\mar2020\pickle_files\ac96a183c8729951b7aae31b506c1167dcaf2e97.pkl,0
D:\08_Dataset\Internal\mar2020\pickle_files\0e520464f09b98f999df0b87019a8640689be000.pkl,0
D:\08_Dataset\Internal\mar2020\pickle_files\5b5d1e391b8db69644720a4f2ce9ffca2e4b9cb3.pkl,0
D:\08_Dataset\Internal\mar2020\pickle_files\d932708b69d92cbae0749bdb92c4d1777a3c5946.pkl,0
D:\08_Dataset\Internal\mar2020\pickle_files\43a634aaef5ff00033ce40380b02c9afa84032a0.pkl,0
D:\08_Dataset\Internal\mar2020\pickle_files\541dd2c384343923aa73850bc9c319ddcbaff8f2.pkl,0
D:\08_Dataset\Internal\mar2020\pickle_files\5742f10c42002fdc03330fa7adf4e647e83327cf.pkl,0
D:\08_Dataset\Internal\mar2020\pickle_files\f9f755010b763b013862723938fb94c3ca3ca15c.pkl,0
D:\08_Dataset\Internal\mar2020\pickle_files\d076d701929f1f269d34c8fd7bd1bab4daf42a9d.pkl,0
D:\08_Dataset\Internal\mar2020\pickle_files\d66e64d751a19d9d4cccd0cb240ce3c9ab3c2939.pkl,0
D:\08_Dataset\Internal\mar2020\pickle_files\13a7b1d5c14910d2bbdae2d02e4da544e1bc675c.pkl,0
D:\08_Dataset\Internal\mar2020\pickle_files\5e67d01eb4fb0d4858f1f8e5cbb9e0a1e05cd9fa.pkl,0
D:\08_Dataset\Internal\mar2020\pickle_files\c71c1f9cca1f99734196abc26feb604a9fa9808a.pkl,0
D:\08_Dataset\Internal\mar2020\pickle_files\8716d1d2f3673674025ba5b2660df224dc4d5909.pkl,0
D:\08_Dataset\Internal\mar2020\pickle_files\c7e4df379319b6dae65aa0c82794ae6546518ee6.pkl,0
D:\08_Dataset\Internal\mar2020\pickle_files\73969577b347884ce1de7576ae9948a4fb0b8aa3.pkl,0
D:\08_Dataset\Internal\mar2020\pickle_files\edac84985519bc687afbf66a9723073de0f73e6d.pkl,0
D:\08_Dataset\Internal\mar2020\pickle_files\09c8b5191068216341eb28e6bf7f778d1af80ddb.pkl,0
D:\08_Dataset\Internal\mar2020\pickle_files\1e4f80d6a5e16f67cee5753eecf517c1b6c056bf.pkl,0
D:\08_Dataset\Internal\mar2020\pickle_files\2a05d168063b629dae04305267862790a19c2cbc.pkl,0
D:\08_Dataset\Internal\mar2020\pickle_files\2fb10b1541ca440481b4d2f259134b527cd26d23.pkl,0
D:\08_Dataset\Internal\mar2020\pickle_files\78071d288ab651c76bda67b159b082858f24f58a.pkl,0
D:\08_Dataset\Internal\mar2020\pickle_files\6d377bcb0a524a8f2cc59e38703e70ede1639fa5.pkl,0
D:\08_Dataset\Internal\mar2020\pickle_files\487373d2a33e40a9d9aca51cd054e92261c16f2d.pkl,0
D:\08_Dataset\Internal\mar2020\pickle_files\80f591bcea0326e6d7662d16529a087c52021364.pkl,0
D:\08_Dataset\Internal\mar2020\pickle_files\95e9759529b2845490fe27e3e1fc146f9e74e2ac.pkl,0
D:\08_Dataset\Internal\mar2020\pickle_files\1776ce7629af0d53582dd6ac381409e52557b7c9.pkl,0
D:\08_Dataset\Internal\mar2020\pickle_files\89d08a8f151406f828be1d593f7f1ecf03505a1e.pkl,0
D:\08_Dataset\Internal\mar2020\pickle_files\61f48bfb61e34551110ffa706c5e13710c951684.pkl,0
D:\08_Dataset\Internal\mar2020\pickle_files\1c8ef369efe8db6860ebeaa287ba71ad844a8f29.pkl,0
D:\08_Dataset\Internal\mar2020\pickle_files\051ab330f6242ff9da8989b483223f1d448c1525.pkl,0
D:\08_Dataset\Internal\mar2020\pickle_files\dab26f6ef05bd24d617bd394b1ff3b7b34589a2d.pkl,0
D:\08_Dataset\Internal\mar2020\pickle_files\3e14de89d75fc0cd8daba2ab6dcba4bc1f53ca1f.pkl,0
D:\08_Dataset\Internal\mar2020\pickle_files\994b4882bd13044cd5c3638382930aeeed83cfda.pkl,0
D:\08_Dataset\Internal\mar2020\pickle_files\9ca45b13577d2a909dd63eeee4bea03514a79a0c.pkl,0
D:\08_Dataset\Internal\mar2020\pickle_files\c76597f63fa10804dc69aa33f286c3ede90fc5cc.pkl,0
D:\08_Dataset\Internal\mar2020\pickle_files\e51d8ea3335a5a5ef03cba5087ca64bcdbe5e30a.pkl,0
D:\08_Dataset\Internal\mar2020\pickle_files\e8e7aabeff53925dfc1e92d0ddb571aa63a89212.pkl,0
D:\08_Dataset\Internal\mar2020\pickle_files\fc31ca0ca12b485c2f00cc021afcb5deda945a42.pkl,0
D:\08_Dataset\Internal\mar2020\pickle_files\bf40ff0d5336fd4850dd19009c392aacee074c19.pkl,0
D:\08_Dataset\Internal\mar2020\pickle_files\4e911e615090e38994437fc2b7991eb34ae45cea.pkl,0
D:\08_Dataset\Internal\mar2020\pickle_files\743fc91e8b6b228b6311963990d0af648a18a9f8.pkl,0
D:\08_Dataset\Internal\mar2020\pickle_files\b70a5a4eb56d87e446f606a3c1fd2ffb46f3cd16.pkl,0
D:\08_Dataset\Internal\mar2020\pickle_files\b812a6461d2b6503f3510df0028cc1a313440f8e.pkl,0
D:\08_Dataset\Internal\mar2020\pickle_files\dba0a76ffaa22fd970f6f158a3d05d96d0e35500.pkl,0
D:\08_Dataset\Internal\mar2020\pickle_files\38011ea45797ee9de9dff6f6f421f45aa3cc71a3.pkl,0
D:\08_Dataset\Internal\mar2020\pickle_files\c07b0f641821a61d1fa4bc7a9fcaf955964d1109.pkl,0
D:\08_Dataset\Internal\mar2020\pickle_files\875ef933d8efa0f46ec2ccf9c822aae4fe711595.pkl,0
D:\08_Dataset\Internal\mar2020\pickle_files\a1996fb23e328dd26dbb6706946583b88f924ad8.pkl,0
D:\08_Dataset\Internal\mar2020\pickle_files\05cb28aca2effbb02ae8be18cd3deb13fbb43b7e.pkl,0
D:\08_Dataset\Internal\mar2020\pickle_files\1f1814ee50bb3131d7aee7172ae08dd6679f488b.pkl,0
D:\08_Dataset\Internal\mar2020\pickle_files\2381c7cf309fd4e97b6604908f27e28df28b980b.pkl,0
D:\08_Dataset\Internal\mar2020\pickle_files\5ca2d4384d5af2b08f3d2dcca3ffa5646a85ed2e.pkl,0
D:\08_Dataset\Internal\mar2020\pickle_files\e4789d4221063ea6a3b8088e16b0c3604859718b.pkl,0
D:\08_Dataset\Internal\mar2020\pickle_files\43fcf78c6bc011d20b9fbd9f80906c4e8fa814d1.pkl,0
D:\08_Dataset\Internal\mar2020\pickle_files\01d49eb39330efead7e44f75bc3dccafd83f4ace.pkl,0
D:\08_Dataset\Internal\mar2020\pickle_files\e9968cb68ae69876907d7ee835e8a9df6bf0d800.pkl,0
D:\08_Dataset\Internal\mar2020\pickle_files\728e01075ae293975b85eb710d1079eb2c96f397.pkl,0
D:\08_Dataset\Internal\mar2020\pickle_files\fa8ad05dd8ad4a3629c61e22d22bb7e8f1c0be54.pkl,0
D:\08_Dataset\Internal\mar2020\pickle_files\e113017b708222d1908205717a0d9e684eab7b58.pkl,0
D:\08_Dataset\Internal\mar2020\pickle_files\965a4806c5bda23f7d96a134836809fb407449ca.pkl,0
D:\08_Dataset\Internal\mar2020\pickle_files\8f64b83da11bc1ff57242b29835135e677e10c0f.pkl,0
D:\08_Dataset\Internal\mar2020\pickle_files\abda1d0a77d3758bab3483ba82f80cc71ec98573.pkl,0
D:\08_Dataset\Internal\mar2020\pickle_files\a46ee775f7e47dbc4107fee986c26fd499816e8a.pkl,0
D:\08_Dataset\Internal\mar2020\pickle_files\38d869bc7041250e7dcf46066242687cecbccddb.pkl,0
D:\08_Dataset\Internal\mar2020\pickle_files\41eaf8f762e8be3d178bba233cb111b5712d26c2.pkl,0
D:\08_Dataset\Internal\mar2020\pickle_files\6c92cc947529bd0958e72a987f872169fed2833d.pkl,0
D:\08_Dataset\Internal\mar2020\pickle_files\10bfcdef4499c0e20ca77a773a7af684d283aa2f.pkl,0
D:\08_Dataset\Internal\mar2020\pickle_files\3ef2abb62034c3ab6eb71daf2a232aba4db82b4b.pkl,0
D:\08_Dataset\Internal\mar2020\pickle_files\fef34caf46e607e61081d1d763656e46b4c4ab58.pkl,0
D:\08_Dataset\Internal\mar2020\pickle_files\36d6e7a9975c14cf01d863b0fffc7ea34805078d.pkl,0
D:\08_Dataset\Internal\mar2020\pickle_files\16923df2da2035610fe4eb43f56edadad7e6c38d.pkl,0
D:\08_Dataset\Internal\mar2020\pickle_files\816971d739a57d01631e44226bc8c0f91ed972a2.pkl,0
D:\08_Dataset\Internal\mar2020\pickle_files\d5011f44d8526aa0daf0d8bce64691c192a0433f.pkl,0
D:\08_Dataset\Internal\mar2020\pickle_files\c298eb72134d120847377b1df0bd90f47b5c361e.pkl,0
D:\08_Dataset\Internal\mar2020\pickle_files\b31cb80b8b949c0f2f5a8d2ab6df5ad9aa861fc2.pkl,0
D:\08_Dataset\Internal\mar2020\pickle_files\ab1a62cc32d584db27a9a4850279af0e2ae3c096.pkl,0
D:\08_Dataset\Internal\mar2020\pickle_files\88f09f02691fe4be0db77d7c903d4d91527a9b04.pkl,0
D:\08_Dataset\Internal\mar2020\pickle_files\4eef64e49d2e8d82ed00562e4b45e71e71f176df.pkl,0
D:\08_Dataset\Internal\mar2020\pickle_files\df6b116d33b52fe723a3b2b464d942261151eadd.pkl,0
D:\08_Dataset\Internal\mar2020\pickle_files\04beb6e5a6820870741571982989d0c0bd90cea4.pkl,0
D:\08_Dataset\Internal\mar2020\pickle_files\35bc10cf9cbd4600f1e9d32a45589d84d5f67345.pkl,0
D:\08_Dataset\Internal\mar2020\pickle_files\95df1134d91a63c5bb9f23c880927c1097f9c401.pkl,0
D:\08_Dataset\Internal\mar2020\pickle_files\c669294a3f69a33267257b083c9a6c6944959cfa.pkl,0
D:\08_Dataset\Internal\mar2020\pickle_files\41bc90c93c654e7953b7beb228610b8e5b9b4a2c.pkl,0
D:\08_Dataset\Internal\mar2020\pickle_files\e8b3f78f61995904cec3aa384fd301476de1d75c.pkl,0
D:\08_Dataset\Internal\mar2020\pickle_files\14bd567f4173357a6cf8fbac2cd3de02d4a5e940.pkl,0
D:\08_Dataset\Internal\mar2020\pickle_files\96a76ee2a39b262d17e5eff23a70628f29e3b42a.pkl,0
D:\08_Dataset\Internal\mar2020\pickle_files\f8cdbf60d169411d77e30d9dcf36b938cd2aebe0.pkl,0
D:\08_Dataset\Internal\mar2020\pickle_files\70f6bb799255f0015145077bc21ec04904cb7c4e.pkl,0
D:\08_Dataset\Internal\mar2020\pickle_files\762e8babd2d44d13b0fc90d37d05c4a186d2a227.pkl,0
D:\08_Dataset\Internal\mar2020\pickle_files\70f161151cd768a45509aff91996046e04e1ac2d.pkl,0
D:\08_Dataset\Internal\mar2020\pickle_files\f696d037a6aa884d8c64adde352a337c18d46fea.pkl,0
D:\08_Dataset\Internal\mar2020\pickle_files\634ba4116468d7b6a24b8014d1ac296dc5f142ec.pkl,0
D:\08_Dataset\Internal\mar2020\pickle_files\d73ad04c8da6beb8f7ba783cbb02d4dcccbc3e15.pkl,0
D:\08_Dataset\Internal\mar2020\pickle_files\32d2242dcab93474be615bc6a84ddb8e7f06431e.pkl,0
D:\08_Dataset\Internal\mar2020\pickle_files\17ef2594218bdad31f061736dd4e9b8c6f4284b6.pkl,0
D:\08_Dataset\Internal\mar2020\pickle_files\c8e5ceaf41d2b6c2215c66a7fb90901bfebe25fa.pkl,0
D:\08_Dataset\Internal\mar2020\pickle_files\9ef90d73fa4d852be9b803a5e990cc908aab8a94.pkl,0
D:\08_Dataset\Internal\mar2020\pickle_files\4d192b7cf4f70c236c675712eade8a674f24d828.pkl,0
D:\08_Dataset\Internal\mar2020\pickle_files\f1055a2fcc6a7b24843c6c3e4a871c1b31d5e30a.pkl,0
D:\08_Dataset\Internal\mar2020\pickle_files\39dcf492e9ee9a667a82b8a0beb9e9bfbaeee443.pkl,0
D:\08_Dataset\Internal\mar2020\pickle_files\0eb2b669852b60d165f088240f784bc2e54bf588.pkl,0
D:\08_Dataset\Internal\mar2020\pickle_files\e5917aecac06cd0a69c36cf521f869008462f5cd.pkl,0
D:\08_Dataset\Internal\mar2020\pickle_files\d325a07dae16c55b6b6884421a500c7b9595b9d3.pkl,0
D:\08_Dataset\Internal\mar2020\pickle_files\ccc0836a5d62f3e72f1e54c122b68eaaee59ac3a.pkl,0
D:\08_Dataset\Internal\mar2020\pickle_files\cf383641918cd702e28106ff5b75ea971c37867f.pkl,0
D:\08_Dataset\Internal\mar2020\pickle_files\99fd9b819d5e49f1faccef533e174b986d8fac3b.pkl,0
D:\08_Dataset\Internal\mar2020\pickle_files\c2a67c3dd584049e8ec2e7e1ae6e454c9a9f5147.pkl,0
D:\08_Dataset\Internal\mar2020\pickle_files\7d349b3b54951baa536d765e26dfb8a25fcc07a9.pkl,0
D:\08_Dataset\Internal\mar2020\pickle_files\1b34c8e26c5f992da01aa34e23ef4fe7dcea6868.pkl,0
D:\08_Dataset\Internal\mar2020\pickle_files\60259466840e91d5bca9966dea28aa4ab03a0071.pkl,0
D:\08_Dataset\Internal\mar2020\pickle_files\55f53eaa5ac63683008335f97c3df58c0737390e.pkl,0
D:\08_Dataset\Internal\mar2020\pickle_files\df6b4b6ed0a58e410508bef09d74b8157ce9b678.pkl,0
D:\08_Dataset\Internal\mar2020\pickle_files\671d5206f663b1e0af60467a1c92a42c08346b2a.pkl,0
D:\08_Dataset\Internal\mar2020\pickle_files\504ec5417961595d0d18d64d51b45cb018d21da5.pkl,0
D:\08_Dataset\Internal\mar2020\pickle_files\4c389ac5f85dc15d592c3cdf3c7feac671839963.pkl,0
D:\08_Dataset\Internal\mar2020\pickle_files\edb9ea742740511e7b0888e0c73b427b7e972d0c.pkl,0
D:\08_Dataset\Internal\mar2020\pickle_files\6e08c6da517e11ef6b0f7b6daf2cdb6ddf37a43b.pkl,0
D:\08_Dataset\Internal\mar2020\pickle_files\d3b90df8888a10de6eb86b15e50ea0066434423c.pkl,0
D:\08_Dataset\Internal\mar2020\pickle_files\086371f77eeadf200aa8166abace04f4db44fd4a.pkl,0
D:\08_Dataset\Internal\mar2020\pickle_files\50ab892071bed2bb2365ca1d4bf5594e71c6b13b.pkl,0
D:\08_Dataset\Internal\mar2020\pickle_files\bfd295281087c5c1a493763bc23e458289881f7b.pkl,0
D:\08_Dataset\Internal\mar2020\pickle_files\ea68c3560bbc36b62ecc38d2d39e966361551a47.pkl,0
D:\08_Dataset\Internal\mar2020\pickle_files\e90656aea59cab1a22482c87151c25aee1fc0347.pkl,0
D:\08_Dataset\Internal\mar2020\pickle_files\b406907ce3d38326ce24440d022ee02838f79d33.pkl,0
D:\08_Dataset\Internal\mar2020\pickle_files\172a5f89bf36a0d476a72eb232fe86b97182ec5a.pkl,0
D:\08_Dataset\Internal\mar2020\pickle_files\f8bae6d3ac6f9ba6d294af54e7ecfb5112111f19.pkl,0
D:\08_Dataset\Internal\mar2020\pickle_files\f5f62710a0ff4b65abcf96e63ca8b2f8b39fe7d3.pkl,0
D:\08_Dataset\Internal\mar2020\pickle_files\a2c0cfeb3ef254f72481760f0ac60d1dd5c2067b.pkl,0
D:\08_Dataset\Internal\mar2020\pickle_files\653d78923180b6c40f4ed6d6d1200a03cef7b919.pkl,0
D:\08_Dataset\Internal\mar2020\pickle_files\93dd10815a6f7556213ed6bac1e1a9d2281c021c.pkl,0
D:\08_Dataset\Internal\mar2020\pickle_files\91c3d11ebf481cd54e68f399e3e4f589270c327b.pkl,0
D:\08_Dataset\Internal\mar2020\pickle_files\e9118dd595ee88e994496c24b5f47ee657ea9881.pkl,0
D:\08_Dataset\Internal\mar2020\pickle_files\7d7b40bc33031c3bc6c490b13ee178eb5e0d6dea.pkl,0
D:\08_Dataset\Internal\mar2020\pickle_files\1288b7fea3c545b0c386f077726b4da002794688.pkl,0
D:\08_Dataset\Internal\mar2020\pickle_files\a8d4f7c6ea1c4d9e3cc23843ca4aac830aa972cb.pkl,0
D:\08_Dataset\Internal\mar2020\pickle_files\33211c10a24731f8f0b905aff0a714f4ae63b1f3.pkl,0
D:\08_Dataset\Internal\mar2020\pickle_files\03a6e949e4c1bd4750d0a86498e00857dbf731e1.pkl,0
D:\08_Dataset\Internal\mar2020\pickle_files\24d166eaae50a76d9847de1b978346be375f4627.pkl,0
D:\08_Dataset\Internal\mar2020\pickle_files\d3865b5b52f49d6ef1b81db263b45cccb6b93c5e.pkl,0
D:\08_Dataset\Internal\mar2020\pickle_files\1d302a33f5500212442fd3ffea74daa98828a3ce.pkl,0
D:\08_Dataset\Internal\mar2020\pickle_files\7820385e0ef423342020a4be1250892a86c6b4b9.pkl,0
D:\08_Dataset\Internal\mar2020\pickle_files\d3a77e94d08f2eb9a8276f32ca16f65d1ce8b524.pkl,0
D:\08_Dataset\Internal\mar2020\pickle_files\86aecf30af74eeaa29e0b4b39cc9267dff8a19b1.pkl,0
D:\08_Dataset\Internal\mar2020\pickle_files\d5826a8853b67f9301cc646fe497a850045fdf78.pkl,0
D:\08_Dataset\Internal\mar2020\pickle_files\8fc23ecc3b0a2c4b4d096bb25a255b5d03d444d0.pkl,0
D:\08_Dataset\Internal\mar2020\pickle_files\0cc216ee7591c77fe1d0cbf059464b4512197046.pkl,0
D:\08_Dataset\Internal\mar2020\pickle_files\0b315bb93787f72b19034eeb67047887adaaa595.pkl,0
D:\08_Dataset\Internal\mar2020\pickle_files\43a4a8640e2b09c147d75501b14dca19c10fa751.pkl,0
D:\08_Dataset\Internal\mar2020\pickle_files\9f8dbe3961923b10c9f2e0b3be56fcc2aa2148c1.pkl,0
D:\08_Dataset\Internal\mar2020\pickle_files\ab5164b540b3b01cae8b040867e2ea46a4e92895.pkl,0
D:\08_Dataset\Internal\mar2020\pickle_files\6755c31e87a24a704f83c5ad74e94fe90c63da55.pkl,0
D:\08_Dataset\Internal\mar2020\pickle_files\d8ccb4a7fb49727f639f2951d0dd8be978cef36a.pkl,0
D:\08_Dataset\Internal\mar2020\pickle_files\270da676fa5cb7102920201544abb5285e2a2859.pkl,0
D:\08_Dataset\Internal\mar2020\pickle_files\53a637425ce3588d72076965f6f849ed0beef59a.pkl,0
D:\08_Dataset\Internal\mar2020\pickle_files\6973e289b02a3136af248234417d2b84758d5b3d.pkl,0
D:\08_Dataset\Internal\mar2020\pickle_files\5e9d8b9f0aa47c79136375d2aa0a75cda9e1d52c.pkl,0
D:\08_Dataset\Internal\mar2020\pickle_files\c0b7f3a4252d8170863d6ccc58378bb5bfbc1f5e.pkl,0
D:\08_Dataset\Internal\mar2020\pickle_files\0454cdf1099d61a024a40f1df4cac45c9e34016b.pkl,0
D:\08_Dataset\Internal\mar2020\pickle_files\43eb3c6fd5894ae2d7da359114138cba1bcb6d1c.pkl,0
D:\08_Dataset\Internal\mar2020\pickle_files\b5be9f856f35a4627ac80d42f79ed0793af37a68.pkl,0
D:\08_Dataset\Internal\mar2020\pickle_files\45784380c819d702f58af659da544e4edde1d465.pkl,0
D:\08_Dataset\Internal\mar2020\pickle_files\b2d0754e6cc7ee356acea4d712d9fa23b187b905.pkl,0
D:\08_Dataset\Internal\mar2020\pickle_files\5103d94ce8008b1cfc507f2bef23d6ec1bf93624.pkl,0
D:\08_Dataset\Internal\mar2020\pickle_files\00eb88ede97c39c50d867936d86f7254188a1162.pkl,0
D:\08_Dataset\Internal\mar2020\pickle_files\4a6b10ac89ee47afd66c18032bb26d6c9a35288d.pkl,0
D:\08_Dataset\Internal\mar2020\pickle_files\c02241957946979bcb574675a770e4eca6b66a80.pkl,0
D:\08_Dataset\Internal\mar2020\pickle_files\8a30c4f10e52cb0510fe7a6f45b9b23d1452f533.pkl,0
D:\08_Dataset\Internal\mar2020\pickle_files\a721646622742a6e443f1d29a7b1858db86448fb.pkl,0
D:\08_Dataset\Internal\mar2020\pickle_files\03707f2a5c2ab18f62ddae4ceca499dfa6cc58c9.pkl,0
D:\08_Dataset\Internal\mar2020\pickle_files\134b01d8328098abdc597f378c5530ffaca065cb.pkl,0
D:\08_Dataset\Internal\mar2020\pickle_files\5d3f4189e43ae576daa4b8b4a586c681cf17e591.pkl,0
D:\08_Dataset\Internal\mar2020\pickle_files\a416a1b7315c1dd1b0ac3442bc0bd98aa8f99b53.pkl,0
D:\08_Dataset\Internal\mar2020\pickle_files\c4580187cee58d018f73c6c7df90ff17b73a1b6c.pkl,0
D:\08_Dataset\Internal\mar2020\pickle_files\e23794eefbdad56271843176b43d5c6ccc1f27ab.pkl,0
D:\08_Dataset\Internal\mar2020\pickle_files\a4a41506fbe93c70b5e526d9fe5185a0cd0f114e.pkl,0
D:\08_Dataset\Internal\mar2020\pickle_files\b3b6ac24c1275556070b9e12e42ab7a9f9b31248.pkl,0
D:\08_Dataset\Internal\mar2020\pickle_files\1188af55ef10fde185bd33437baacdcda6cebd44.pkl,0
D:\08_Dataset\Internal\mar2020\pickle_files\7625f9c8b1ed316201c23c58f90ba4c97d8b7858.pkl,0
D:\08_Dataset\Internal\mar2020\pickle_files\b08783ab5750cba593d8d87a54a08375ad002b9f.pkl,0
D:\08_Dataset\Internal\mar2020\pickle_files\3735577e291ccf9f6d08daf9e7664ada867bfded.pkl,0
D:\08_Dataset\Internal\mar2020\pickle_files\ea2e866e8537346be32cd08d2f4694edc65bfa5c.pkl,0
D:\08_Dataset\Internal\mar2020\pickle_files\c3f09315ad8123eebc31e33d03a54dac86a8b6fc.pkl,0
D:\08_Dataset\Internal\mar2020\pickle_files\93a16b9f5fd87ef34650b6fe75c0f37e78cc22e8.pkl,0
D:\08_Dataset\Internal\mar2020\pickle_files\a10c7a8e7040dc45c6f88fcfd0b47d16cb9147b9.pkl,0
D:\08_Dataset\Internal\mar2020\pickle_files\7ca074d73b08c78dfd72514c31ff6f9cf5d2a0a0.pkl,0
D:\08_Dataset\Internal\mar2020\pickle_files\a10074a8384c3a2a9a8f0def5f6144e04d734e84.pkl,0
D:\08_Dataset\Internal\mar2020\pickle_files\7c3b48862d51ce46defacea845bf8855c1d6e7ff.pkl,0
D:\08_Dataset\Internal\mar2020\pickle_files\37a78089d5936d1bc3b60915971604c611a94dbd.pkl,0
D:\08_Dataset\Internal\mar2020\pickle_files\f067d9405fcbdb4ebfb370dc624efbfd1e4cd095.pkl,0
D:\08_Dataset\Internal\mar2020\pickle_files\cd24dbba831fcd32a2de62de51363fda9b758ebd.pkl,0
D:\08_Dataset\Internal\mar2020\pickle_files\b4379beb57afabe36fb75aa86d65c049fcbf1857.pkl,0
D:\08_Dataset\Internal\mar2020\pickle_files\2b9231211e7bbca2ab5569306f07479a31bfb084.pkl,0
D:\08_Dataset\Internal\mar2020\pickle_files\9cdccc78bc4723fd5c1279239ac8e309368cee4d.pkl,0
D:\08_Dataset\Internal\mar2020\pickle_files\e1eb51e34ca25b9ba103ac577c90ddb83bb91d9b.pkl,0
D:\08_Dataset\Internal\mar2020\pickle_files\26691be58a0824d6a597392143378315743af050.pkl,0
D:\08_Dataset\Internal\mar2020\pickle_files\f387502cf82aa8ca1790dc06f1893c2b31c0f602.pkl,0
D:\08_Dataset\Internal\mar2020\pickle_files\254395abacb14fdaf5d13e9757165efcd48477ce.pkl,0
D:\08_Dataset\Internal\mar2020\pickle_files\75662c3680017d0d307517d10c1dea6277303d40.pkl,0
D:\08_Dataset\Internal\mar2020\pickle_files\f053ac3ce0154433767a7c4c2cc93af6f7a21b51.pkl,0
D:\08_Dataset\Internal\mar2020\pickle_files\4e291d60eba985ddadd4e105446a8078b02ada38.pkl,0
D:\08_Dataset\Internal\mar2020\pickle_files\41c2c2f6b1bb0f3b034dfd3e8803df3ee32b22b8.pkl,0
D:\08_Dataset\Internal\mar2020\pickle_files\701dca85991919e3628c2c9efb072c25b16b1441.pkl,0
D:\08_Dataset\Internal\mar2020\pickle_files\d2df58a6d983502c57555f4beb2e9d7c80da8969.pkl,0
D:\08_Dataset\Internal\mar2020\pickle_files\b453858ec59c5e1eb0e6195453b1f53a2b56a807.pkl,0
D:\08_Dataset\Internal\mar2020\pickle_files\d9a6e782b600ac5db09afacb046922cee4fc25a1.pkl,0
D:\08_Dataset\Internal\mar2020\pickle_files\d8553d7aab1dd7d1344fa9d68fa0c7947493fc67.pkl,0
D:\08_Dataset\Internal\mar2020\pickle_files\07d842646617e7e2cfcdef730d3cfd07bf557ab7.pkl,0
D:\08_Dataset\Internal\mar2020\pickle_files\455d24441099b4f47950c376df29b8e06c249899.pkl,0
D:\08_Dataset\Internal\mar2020\pickle_files\9faec2febf9ec51346587021d253b6985eac00aa.pkl,0
D:\08_Dataset\Internal\mar2020\pickle_files\75f8380800c0eab26afa27efd7390954eba4160b.pkl,0
D:\08_Dataset\Internal\mar2020\pickle_files\015a21651c4b9ae83ef5469341a0773ea2e936e0.pkl,0
D:\08_Dataset\Internal\mar2020\pickle_files\cf8333c1381bd3ffc1258e0b9e90f68f6aff86b4.pkl,0
D:\08_Dataset\Internal\mar2020\pickle_files\7c3a6f1adb90727840807b0a7ceebd1156ee3e26.pkl,0
D:\08_Dataset\Internal\mar2020\pickle_files\690b9226ed93a4e558bbe6cd57350e8e05ac9fef.pkl,0
D:\08_Dataset\Internal\mar2020\pickle_files\0b36467a0b3e4597187c4a320901373be1a219db.pkl,0
D:\08_Dataset\Internal\mar2020\pickle_files\be2ad6b1e1fecce307c307eb2d72f9741d8d13e3.pkl,0
D:\08_Dataset\Internal\mar2020\pickle_files\ab9d63863e10cc2603423bf5da85afa17e57b32c.pkl,0
D:\08_Dataset\Internal\mar2020\pickle_files\a5e63f0001ed440f8544c4210c82078deea6aed8.pkl,0
D:\08_Dataset\Internal\mar2020\pickle_files\b7f90cb9c4ff3d19252dd085e6ae2faba8c459c3.pkl,0
D:\08_Dataset\Internal\mar2020\pickle_files\61f57b89bb9669d148eb29029529771bfc389116.pkl,0
D:\08_Dataset\Internal\mar2020\pickle_files\d41ea9036237d4b7815014f1231ecfc81fe1a153.pkl,0
D:\08_Dataset\Internal\mar2020\pickle_files\3df90296f8102680ae9da3c8f797843881a6010e.pkl,0
D:\08_Dataset\Internal\mar2020\pickle_files\f46d8c5f41854d297fcdee22628afb68008f7607.pkl,0
D:\08_Dataset\Internal\mar2020\pickle_files\86b7560ad4b1da64b6f1b171abef9792c2af2682.pkl,0
D:\08_Dataset\Internal\mar2020\pickle_files\d0b0dcd1f29f3516217acd7a9b4fdd3399ca407c.pkl,0
D:\08_Dataset\Internal\mar2020\pickle_files\a5fda3edb2c9bd5c8aa3b8cb1133ecc893790fab.pkl,0
D:\08_Dataset\Internal\mar2020\pickle_files\4eaa49cf8fd19ffa20a0bcca2dc63c4e9c553f42.pkl,0
D:\08_Dataset\Internal\mar2020\pickle_files\79fc29ea3f02b4f2a9588e325aa855111a79e855.pkl,0
D:\08_Dataset\Internal\mar2020\pickle_files\804935c4c5539b62c034ce8913a975ab5ddf0a74.pkl,0
D:\08_Dataset\Internal\mar2020\pickle_files\f208c1cdc7090b45832c0798678a4d03142ea2d3.pkl,0
D:\08_Dataset\Internal\mar2020\pickle_files\3e2e27b527ce68f88eb9268b03ce0d78df029e15.pkl,0
D:\08_Dataset\Internal\mar2020\pickle_files\2fb5c72b0c22fdc758c427f94452c26a381fc4f0.pkl,0
D:\08_Dataset\Internal\mar2020\pickle_files\4a5ac2537183c180712d1d91bad613794a8dc956.pkl,0
D:\08_Dataset\Internal\mar2020\pickle_files\c29948d7c292b6ce118dabd940711bff74b361a1.pkl,0
D:\08_Dataset\Internal\mar2020\pickle_files\8766c969096f14e2022033584097fd3909190cfc.pkl,0
D:\08_Dataset\Internal\mar2020\pickle_files\5f8a1b9dab8925de16b874a65c2d284ebfae1a7b.pkl,0
D:\08_Dataset\Internal\mar2020\pickle_files\04938e6f7c6a43e6bfa2fcea5954b79d4beb8bfa.pkl,0
D:\08_Dataset\Internal\mar2020\pickle_files\77d22d0829b8762a83a6a02cd82969b7e2b15c1f.pkl,0
D:\08_Dataset\Internal\mar2020\pickle_files\bb78ede3f504420f98c7eb2d52d127423d2eb29d.pkl,0
D:\08_Dataset\Internal\mar2020\pickle_files\fe9bfcbff3d5a7618c972de425ea4ceda38e2681.pkl,0
D:\08_Dataset\Internal\mar2020\pickle_files\7560d56273ab6ab247a22f4ea3f71fc650f7c7d7.pkl,0
D:\08_Dataset\Internal\mar2020\pickle_files\a514fa0344d3c0dc26f95ecfb604117fed2e9107.pkl,0
D:\08_Dataset\Internal\mar2020\pickle_files\2f133669fa72d57b5339e20afb56f2f24c213ef7.pkl,0
D:\08_Dataset\Internal\mar2020\pickle_files\e69fe517730e0aef62ce92339f84297c77a5efeb.pkl,0
D:\08_Dataset\Internal\mar2020\pickle_files\65f629eb279e1fb4639993229f29a304eb4d1ac6.pkl,0
D:\08_Dataset\Internal\mar2020\pickle_files\997295f7e8d3de3fa0e83f5491316d6511644eb6.pkl,0
D:\08_Dataset\Internal\mar2020\pickle_files\b77df191baa42e64691b85cd7b393cad57712c68.pkl,0
D:\08_Dataset\Internal\mar2020\pickle_files\db5565e5e37b13e8b0e6178ca0571637864441a5.pkl,0
D:\08_Dataset\Internal\mar2020\pickle_files\a9461a677de316b68b97de8a6284b8352f5484f9.pkl,0
D:\08_Dataset\Internal\mar2020\pickle_files\5a552eef9832e5a72312087b579b40c217e51801.pkl,0
D:\08_Dataset\Internal\mar2020\pickle_files\d993a3b27ac44e6077e1510c844a7ad14534a845.pkl,0
D:\08_Dataset\Internal\mar2020\pickle_files\ec27f87c693357af19d5285e3bd7d34a842cea8c.pkl,0
D:\08_Dataset\Internal\mar2020\pickle_files\660c92c8a44bf9df59dc59a9cac767cc9d1736d6.pkl,0
D:\08_Dataset\Internal\mar2020\pickle_files\0edc56bad43ce7e47f0ec3b4149a876da2109422.pkl,0
D:\08_Dataset\Internal\mar2020\pickle_files\ca5dffea3e10b414d26a358ae6aec244ef31c5cb.pkl,0
D:\08_Dataset\Internal\mar2020\pickle_files\7832f6abf8cf9e36304c3efd7ade14e688417d3d.pkl,0
D:\08_Dataset\Internal\mar2020\pickle_files\746692652df8eea28d30def360923590fbb5f333.pkl,0
D:\08_Dataset\Internal\mar2020\pickle_files\341fce54cb2f0d125f875f5ed1f03d5857a365d2.pkl,0
D:\08_Dataset\Internal\mar2020\pickle_files\4cb5fb4b68eb9dd65e06d00581f1cd3f28aa3592.pkl,0
D:\08_Dataset\Internal\mar2020\pickle_files\0d7c5fb934c397363f087cf4667ff291b59100d5.pkl,0
D:\08_Dataset\Internal\mar2020\pickle_files\fec3615f7e8c7076445ca28e0dc852a4b4ede88c.pkl,0
D:\08_Dataset\Internal\mar2020\pickle_files\182da6e4ae5c9797ac09cb2ba3418906420593a5.pkl,0
D:\08_Dataset\Internal\mar2020\pickle_files\627e03d403598b853af38769d3578f644179f550.pkl,0
D:\08_Dataset\Internal\mar2020\pickle_files\690ac98cd9a3caae8c642fdc9142d92cf4792cd9.pkl,0
D:\08_Dataset\Internal\mar2020\pickle_files\338aea8eb870977d7e56de9313e065c572259512.pkl,0
D:\08_Dataset\Internal\mar2020\pickle_files\5b84f37e5e101c63d71929dc167bcba898b849c2.pkl,0
D:\08_Dataset\Internal\mar2020\pickle_files\42d2f0fc8f6707db960ef8697965664391844ba6.pkl,0
D:\08_Dataset\Internal\mar2020\pickle_files\551719162a5fa40053738b24fd571c35ffb66547.pkl,0
D:\08_Dataset\Internal\mar2020\pickle_files\6befc483b76566f302f5f68fc8a85a76d654b8b4.pkl,0
D:\08_Dataset\Internal\mar2020\pickle_files\749248c89b72e72629ab5c537432d47ea8ed0961.pkl,0
D:\08_Dataset\Internal\mar2020\pickle_files\463888f763e121f2a8ff0a4284a7133941fdcc1b.pkl,0
D:\08_Dataset\Internal\mar2020\pickle_files\d9ae5a1358db9e834a492dd1224d86fdc6c7e0b5.pkl,0
D:\08_Dataset\Internal\mar2020\pickle_files\f32c251e308a9fc1018b02360a3a182dc935270a.pkl,0
D:\08_Dataset\Internal\mar2020\pickle_files\dd4fdb35755ced856340468f2079edc174fce9db.pkl,0
D:\08_Dataset\Internal\mar2020\pickle_files\b5af4b94cc24bb39f10311f5b41552f96deba914.pkl,0
D:\08_Dataset\Internal\mar2020\pickle_files\8b30082eef1ba5d67c361072e99ad06a977e9b8f.pkl,0
D:\08_Dataset\Internal\mar2020\pickle_files\bcbb715c27571031c0be0ca8eaac08c71c600085.pkl,0
D:\08_Dataset\Internal\mar2020\pickle_files\04a2f3c4606528ea0f75f12aef5f66af1fbb37f0.pkl,0
D:\08_Dataset\Internal\mar2020\pickle_files\5891a3fba6bc9146867b23afc195bcddd520a9f3.pkl,0
D:\08_Dataset\Internal\mar2020\pickle_files\0deddd3de1df140706be4a4ade9ccbce1208dbef.pkl,0
D:\08_Dataset\Internal\mar2020\pickle_files\20d950f965f6e2f18157be9711f77894b57d30cc.pkl,0
D:\08_Dataset\Internal\mar2020\pickle_files\5908a280df28bb93bf9d9f7cb370d6e9339f5a11.pkl,0
D:\08_Dataset\Internal\mar2020\pickle_files\48a3fd274aa0a281350ddd53a7fb254a57234bd0.pkl,0
D:\08_Dataset\Internal\mar2020\pickle_files\594cdeb8ed7870503199ef341e0a226deb1ff702.pkl,0
D:\08_Dataset\Internal\mar2020\pickle_files\73970ce47c94446cc56644f3f4d3b7defbb20c1f.pkl,0
D:\08_Dataset\Internal\mar2020\pickle_files\71285a70b28d5168389cf1150ea2d28f8086346c.pkl,0
D:\08_Dataset\Internal\mar2020\pickle_files\e7c616442542cbee36ff38337854b18098b758ce.pkl,0
D:\08_Dataset\Internal\mar2020\pickle_files\e44de7c39aa060c499accd9a0b6152afa8d39c07.pkl,0
D:\08_Dataset\Internal\mar2020\pickle_files\3693711b261db41571354ba5171b4167057555af.pkl,0
D:\08_Dataset\Internal\mar2020\pickle_files\f5e9c8ba89f40115ac2da793cbda27ef916f5f53.pkl,0
D:\08_Dataset\Internal\mar2020\pickle_files\0dcb1e80cbc6b9273f5c0e9812cbcac34b2f0962.pkl,0
D:\08_Dataset\Internal\mar2020\pickle_files\d1e146313e5feb07561fb0964323fc55aed6b35d.pkl,0
D:\08_Dataset\Internal\mar2020\pickle_files\46b41b4c72bddd4247747401d6ab7face388280f.pkl,0
D:\08_Dataset\Internal\mar2020\pickle_files\91f46d8a4cb23059242a1b9e51c2cfa414241b5e.pkl,0
D:\08_Dataset\Internal\mar2020\pickle_files\60c7558ac8aa697dd097bb2fe2ecb804919225f0.pkl,0
D:\08_Dataset\Internal\mar2020\pickle_files\40cffa6e9b52db8b301ddf32ee8e48ebacf8a947.pkl,0
D:\08_Dataset\Internal\mar2020\pickle_files\1d76c87e60a930e27651557e526e6ccee833120f.pkl,0
D:\08_Dataset\Internal\mar2020\pickle_files\ec844af26a4955f2ab4fd99de6b0c5dc5e38f4e9.pkl,0
D:\08_Dataset\Internal\mar2020\pickle_files\e222a6f987bed68e7c982fcb509648d232cf089e.pkl,0
D:\08_Dataset\Internal\mar2020\pickle_files\fbde503d84495937e18aa76723a46143fc4087c9.pkl,0
D:\08_Dataset\Internal\mar2020\pickle_files\ba6436ccb77440aeca681499a4ce436fe586945c.pkl,0
D:\08_Dataset\Internal\mar2020\pickle_files\ae50de287daed93b3bf06706bfed9f62618fc22c.pkl,0
D:\08_Dataset\Internal\mar2020\pickle_files\2c5a797c406fa29bd19cecf6ea94abb8a11a1f10.pkl,0
D:\08_Dataset\Internal\mar2020\pickle_files\35bc294b7e1f062ef5cb5fa1bd3fc942a3e37ae2.pkl,0
D:\08_Dataset\Internal\mar2020\pickle_files\b94a3f5b825e19986f8d107fbd9a3c6d76fcc7bf.pkl,0
D:\08_Dataset\Internal\mar2020\pickle_files\856c0faaa01dd4f2f808e8924d0abab8662e5252.pkl,0
D:\08_Dataset\Internal\mar2020\pickle_files\9d021660508555677119a6d87215ef20b7f2713c.pkl,0
D:\08_Dataset\Internal\mar2020\pickle_files\aabf527ddbe2d914c84469e53e1bc5c65f03df0b.pkl,0
D:\08_Dataset\Internal\mar2020\pickle_files\25c80aa9974a27ec77ac12a7e84738a135d519a8.pkl,0
D:\08_Dataset\Internal\mar2020\pickle_files\775e3e5e733c925ce1f86a319c87e136d5659864.pkl,0
D:\08_Dataset\Internal\mar2020\pickle_files\ae312221b76bd3f1985f95e7def8de21328c1248.pkl,0
D:\08_Dataset\Internal\mar2020\pickle_files\3e8d1c28bafda7187672456c97773b1dc7c55e14.pkl,0
D:\08_Dataset\Internal\mar2020\pickle_files\41f9363f9ce63e7e4d77c39a5df6822960ae186a.pkl,0
D:\08_Dataset\Internal\mar2020\pickle_files\05a6231372b4f984dae1af237d84c3ff2797bc13.pkl,0
D:\08_Dataset\Internal\mar2020\pickle_files\8dddabaea6b342efc4f5b244420a0af055ae691e.pkl,0
D:\08_Dataset\Internal\mar2020\pickle_files\6eda932390a5758998545e6b836a8bafd36586aa.pkl,0
D:\08_Dataset\Internal\mar2020\pickle_files\76425ce63c5d424f78a16cba46ab2e9f98b5f633.pkl,0
D:\08_Dataset\Internal\mar2020\pickle_files\442b6d6e0c1a7045ec33b40760f8c82502147c3d.pkl,0
D:\08_Dataset\Internal\mar2020\pickle_files\cda708f86065f392a94d5996de342e88ab8421b5.pkl,0
D:\08_Dataset\Internal\mar2020\pickle_files\ebc4fbfb386783b10e6e550fbe71a5b626333137.pkl,0
D:\08_Dataset\Internal\mar2020\pickle_files\41c7be935e852cc4d5d8d6f17e2ee4bc03813ad6.pkl,0
D:\08_Dataset\Internal\mar2020\pickle_files\12775f43a5405f23f5b52bae27032685e7116890.pkl,0
D:\08_Dataset\Internal\mar2020\pickle_files\1e2bf455ec665235f0079b925cbe6efef1c633d5.pkl,0
D:\08_Dataset\Internal\mar2020\pickle_files\21c7b7d9675789945493b6ba53efdc6c1757b50b.pkl,0
D:\08_Dataset\Internal\mar2020\pickle_files\dae083e8942bf22d0baad55a83982193b38f9fb6.pkl,0
D:\08_Dataset\Internal\mar2020\pickle_files\70d301115c7dbdb577994b6e88e89fe0e49983c4.pkl,0
D:\08_Dataset\Internal\mar2020\pickle_files\27938c7a5dd113ec9ec644048070b9f1bca7deaa.pkl,0
D:\08_Dataset\Internal\mar2020\pickle_files\2a2247d703bf693f94100335f513ad9131b6b5a5.pkl,0
D:\08_Dataset\Internal\mar2020\pickle_files\886447ec8302343ff45a458058751225f156d426.pkl,0
D:\08_Dataset\Internal\mar2020\pickle_files\5f29153b5a065999d1ac6d3fa5892542188f0278.pkl,0
D:\08_Dataset\Internal\mar2020\pickle_files\d692fbf71345462a4924044a1ce1ee356524c7d9.pkl,0
D:\08_Dataset\Internal\mar2020\pickle_files\f9bb8a2648e433b3878c879b2c0e55175611cb84.pkl,0
D:\08_Dataset\Internal\mar2020\pickle_files\1a37a4cc17be33a65e7f769220370595303f9280.pkl,0
D:\08_Dataset\Internal\mar2020\pickle_files\efef8d03e0c5a57cb16a572b748e65546c9bdfa5.pkl,0
D:\08_Dataset\Internal\mar2020\pickle_files\3ef1bed0649238bee603cb161769b5bf36fb0519.pkl,0
D:\08_Dataset\Internal\mar2020\pickle_files\1a584f59c57c41123554c9e122a04db88be72630.pkl,0
D:\08_Dataset\Internal\mar2020\pickle_files\08014e52f6894cad4f1d1e6fc1a703732e9acd19.pkl,0
D:\08_Dataset\Internal\mar2020\pickle_files\d0342957abb12c429be5fe7481a7384ed41b3940.pkl,0
D:\08_Dataset\Internal\mar2020\pickle_files\b7194065a76fe5f2bc0f632db0537126830c2de1.pkl,0
D:\08_Dataset\Internal\mar2020\pickle_files\9634fe1d3fe610a648370535219073f2bf9dd002.pkl,0
D:\08_Dataset\Internal\mar2020\pickle_files\9ee0e8b7ed68b6b01f87f30a8c8765157324029a.pkl,0
D:\08_Dataset\Internal\mar2020\pickle_files\94ea3555053b8cc80b35c874d118185378f2f601.pkl,0
D:\08_Dataset\Internal\mar2020\pickle_files\4b154c27fd0752675cbe82ec21dedacd0c46a685.pkl,0
D:\08_Dataset\Internal\mar2020\pickle_files\ec7b55c5a7a598bbb217e5ec128a84dc74476e8f.pkl,0
D:\08_Dataset\Internal\mar2020\pickle_files\685e753306450c4ed38d45b2140a5278e7dc1438.pkl,0
D:\08_Dataset\Internal\mar2020\pickle_files\20db76f2e061194ee4bd410d62cefe46b05859f8.pkl,0
D:\08_Dataset\Internal\mar2020\pickle_files\a4e47bf875e8dab8ebe71e812e2a0732bb342a24.pkl,0
D:\08_Dataset\Internal\mar2020\pickle_files\1c3ae091ad8260bdd7770f6a5720a64ac0a8b8a9.pkl,0
D:\08_Dataset\Internal\mar2020\pickle_files\cb01f9d25b8daf530d8af02f7533a9e6275e95e6.pkl,0
D:\08_Dataset\Internal\mar2020\pickle_files\c5fe144511cac4933b8cad6b8693ba8f67ee85a4.pkl,0
D:\08_Dataset\Internal\mar2020\pickle_files\00a7cd17a03b4cfbcdef4f597fa89935161f95b0.pkl,0
D:\08_Dataset\Internal\mar2020\pickle_files\158a528d549db167c22c29abef75f0f2ddb8859f.pkl,0
D:\08_Dataset\Internal\mar2020\pickle_files\eb33cda292791ed5edb989b0f05de08f8be1e331.pkl,0
D:\08_Dataset\Internal\mar2020\pickle_files\bbd112b20c72380a9c9604e11da996f8d539b1f9.pkl,0
D:\08_Dataset\Internal\mar2020\pickle_files\837eff0ac9a8eff0671fc8b55de077cd937dc849.pkl,0
D:\08_Dataset\Internal\mar2020\pickle_files\697a501a8d7002510effb13a84c359bb6e87411f.pkl,0
D:\08_Dataset\Internal\mar2020\pickle_files\606963522e500fea6b736c3ee0d0d123aa08abce.pkl,0
D:\08_Dataset\Internal\mar2020\pickle_files\c708dfeb01977e6b485f94f6e6d8dad75cc9bc0a.pkl,0
D:\08_Dataset\Internal\mar2020\pickle_files\7e86aa24ed0f39a776fbe5851e32c8dec8cc769d.pkl,0
D:\08_Dataset\Internal\mar2020\pickle_files\69ea4a1a3ddcf9eaab97a5c3b2aceb4b898b3a12.pkl,0
D:\08_Dataset\Internal\mar2020\pickle_files\d8d93ff92214bc477983c14da30c4e81ad8cd03f.pkl,0
D:\08_Dataset\Internal\mar2020\pickle_files\763c4fd154f0c7216bb1cc133426d117429c2287.pkl,0
D:\08_Dataset\Internal\mar2020\pickle_files\6681c7346e01d108293e3aa98271af72522b9d7a.pkl,0
D:\08_Dataset\Internal\mar2020\pickle_files\328581f49b52d8a2e5a21d31bc0872859e29e89b.pkl,0
D:\08_Dataset\Internal\mar2020\pickle_files\8e412c72c2105497e1466f894f039a7d58d87304.pkl,0
D:\08_Dataset\Internal\mar2020\pickle_files\f86df780b19062b82c07b6d40a7d0331c1d89aa4.pkl,0
D:\08_Dataset\Internal\mar2020\pickle_files\3a261e814b657f59fd9715039f1d0f081ecb959e.pkl,0
D:\08_Dataset\Internal\mar2020\pickle_files\18fc8a325f847cb40bef654203526f97e07ec068.pkl,0
D:\08_Dataset\Internal\mar2020\pickle_files\89fe41c54c0644f09f1bf95be0d330cc463b24e5.pkl,0
D:\08_Dataset\Internal\mar2020\pickle_files\c7a87f97e3184680f3789dfe1ce3762ea1fb795f.pkl,0
D:\08_Dataset\Internal\mar2020\pickle_files\3b9ebaa973976760db364c960bc9448eb3b9ef1f.pkl,0
D:\08_Dataset\Internal\mar2020\pickle_files\2a9ccc74fdeb8159f835bd80843b4aef9dce6daa.pkl,0
D:\08_Dataset\Internal\mar2020\pickle_files\2579ccd8506cd4bba69650d00ba598b1d20152b3.pkl,0
D:\08_Dataset\Internal\mar2020\pickle_files\1b19a0f72fa277d6d1caacdb7051a1bc89e8f8c5.pkl,0
D:\08_Dataset\Internal\mar2020\pickle_files\a2ea52ee1e7526df2b93db8fe52c716e78467607.pkl,0
D:\08_Dataset\Internal\mar2020\pickle_files\1bfb07459a0d62ab4a36ae403271b772db172f1a.pkl,0
D:\08_Dataset\Internal\mar2020\pickle_files\7cee105dd749928f63bcf9bdc83b072036fc60c0.pkl,0
D:\08_Dataset\Internal\mar2020\pickle_files\0bb4f99e9aa342aa6156395030432893cff55416.pkl,0
D:\08_Dataset\Internal\mar2020\pickle_files\f884b3085632d56d4c17bd1a2a1986bd452b9d7c.pkl,0
D:\08_Dataset\Internal\mar2020\pickle_files\25d1e177ead9b8d3ec33e4f9059a6e4fe2a53dcd.pkl,0
D:\08_Dataset\Internal\mar2020\pickle_files\7cc9857cbaf2ee7e14378eb86c5bceb871e96f16.pkl,0
D:\08_Dataset\Internal\mar2020\pickle_files\44cd86e95338771b9eecc51dd15fef4f2f1342ff.pkl,0
D:\08_Dataset\Internal\mar2020\pickle_files\918bc84b3cf0abadf5e2c81cf19dfea05d262a9b.pkl,0
D:\08_Dataset\Internal\mar2020\pickle_files\be4a5b49d1034432142e91ee5138a623a3cb4f04.pkl,0
D:\08_Dataset\Internal\mar2020\pickle_files\d1b5eb979c96215a0f7d71a6fc58f37e99c9b64f.pkl,0
D:\08_Dataset\Internal\mar2020\pickle_files\1ec57f86d6790f507359b72118ea07287b13af4b.pkl,0
D:\08_Dataset\Internal\mar2020\pickle_files\24207d42e3113b3b888121356ffd5efe6b114cdf.pkl,0
D:\08_Dataset\Internal\mar2020\pickle_files\ce35e84800543e640825b2c9dcf4c56a6ca22483.pkl,0
D:\08_Dataset\Internal\mar2020\pickle_files\66ace1fc936a3cdb8fb1cbcc3ca8dc701c5c4ed5.pkl,0
D:\08_Dataset\Internal\mar2020\pickle_files\f2bb1e37053fffbb8fb61b26d2846e29521328d6.pkl,0
D:\08_Dataset\Internal\mar2020\pickle_files\15840763f4981cc85388aecbe4e58620895b36a5.pkl,0
D:\08_Dataset\Internal\mar2020\pickle_files\01d8110a5fcc4bc3cf5263dddd641c26ba93ef60.pkl,0
D:\08_Dataset\Internal\mar2020\pickle_files\f54509b8eac7715d004823e128d2a56e046cd48d.pkl,0
D:\08_Dataset\Internal\mar2020\pickle_files\c4382220b274bfee59e5b1027a3f859f0b693f1b.pkl,0
D:\08_Dataset\Internal\mar2020\pickle_files\3c89abb1dff4bb2c9c32a424d19e6a4bac0c0836.pkl,0
D:\08_Dataset\Internal\mar2020\pickle_files\22710af57031ca7fc1a1277275321e0e10968a45.pkl,0
D:\08_Dataset\Internal\mar2020\pickle_files\b3d9236f1b713baffdb3dbf6b4daf08d98a11a5e.pkl,0
D:\08_Dataset\Internal\mar2020\pickle_files\93f77e4339b335482f42f63cf5caed12486334bc.pkl,0
D:\08_Dataset\Internal\mar2020\pickle_files\8cf2e7c26c8c44804f279e9a160f10210192017d.pkl,0
D:\08_Dataset\Internal\mar2020\pickle_files\a9465ecb7761b8aeb35429dab02766aefbb68ee6.pkl,0
D:\08_Dataset\Internal\mar2020\pickle_files\c2b898a3891e970ce61913130a0329794f255fba.pkl,0
D:\08_Dataset\Internal\mar2020\pickle_files\178bd6b7368b6fa759da12fc71eb1ed1f434c6fc.pkl,0
D:\08_Dataset\Internal\mar2020\pickle_files\a8dfe2a4b3ee61aac330295303c4cdb71d573b69.pkl,0
D:\08_Dataset\Internal\mar2020\pickle_files\ec875ba3655d5e8ec46e5cb36adcbb38065b0790.pkl,0
D:\08_Dataset\Internal\mar2020\pickle_files\a681bbd403e7c5f8639bcbb2649b008753f4a7d4.pkl,0
D:\08_Dataset\Internal\mar2020\pickle_files\9d40bffed6a5666e86d6e20d7fe09cf3d8d8985b.pkl,0
D:\08_Dataset\Internal\mar2020\pickle_files\c8591ab1a182c0ca340391ebbc8ebc595bb4c56a.pkl,0
D:\08_Dataset\Internal\mar2020\pickle_files\bfc4249f893bf62fb4e976b239b34e29b8f49e50.pkl,0
D:\08_Dataset\Internal\mar2020\pickle_files\196cbf2c4a5b24c37cccf87054ad1ddeeeac6a4e.pkl,0
D:\08_Dataset\Internal\mar2020\pickle_files\5dbf92c4217576199f11ea8f83828629abd32a94.pkl,0
D:\08_Dataset\Internal\mar2020\pickle_files\8cd4b26a81e66c39e0b3ec19c85a78b9ff4a7847.pkl,0
D:\08_Dataset\Internal\mar2020\pickle_files\436b6c6754ea4e85483f5ad27a882b72238eec26.pkl,0
D:\08_Dataset\Internal\mar2020\pickle_files\d95a4574d3646d8b1fb1b0108ee1778a3b7d687d.pkl,0
D:\08_Dataset\Internal\mar2020\pickle_files\96c0801c72fe45af22506e72aaa145ee6ce420f6.pkl,0
D:\08_Dataset\Internal\mar2020\pickle_files\5914d0f9b44ffd1c662dced77870ef942c90a0b7.pkl,0
D:\08_Dataset\Internal\mar2020\pickle_files\bb7c340be3e00f25e1e7a23732d8e6908c4e39a3.pkl,0
D:\08_Dataset\Internal\mar2020\pickle_files\0d02bc61ffa1c8f94ab8cbee91fa5c5304c05928.pkl,0
D:\08_Dataset\Internal\mar2020\pickle_files\d9302c0a40a09dfc811021685705a5ffac3c180f.pkl,0
D:\08_Dataset\Internal\mar2020\pickle_files\7977bb5b19146406ff3325c552d5144e666ecc7d.pkl,0
D:\08_Dataset\Internal\mar2020\pickle_files\1344cb997c7dd9a59df3271424d70bd38ae005e1.pkl,0
D:\08_Dataset\Internal\mar2020\pickle_files\043ca4aad2e8cf416f63055ffe84c38168010792.pkl,0
D:\08_Dataset\Internal\mar2020\pickle_files\56679c44f612ebeb73affe1fb6810e2aa0a9071b.pkl,0
D:\08_Dataset\Internal\mar2020\pickle_files\c0dfda525dd3ea44e5834dc2b38e1cdaff906df6.pkl,0
D:\08_Dataset\Internal\mar2020\pickle_files\a10ba793a7a7f8779de7c16a34d3cbe3073ca60e.pkl,0
D:\08_Dataset\Internal\mar2020\pickle_files\da3ed1f9e52b86a4387b0b13adfcaa807b2a425f.pkl,0
D:\08_Dataset\Internal\mar2020\pickle_files\a65d68ef1b81c49cc079425bbe767dcae6b2c486.pkl,0
D:\08_Dataset\Internal\mar2020\pickle_files\ae97ecc527d84fec0699042fb46316b96fa20082.pkl,0
D:\08_Dataset\Internal\mar2020\pickle_files\1571ac116066f4a6fb5835736462429c559d0721.pkl,0
D:\08_Dataset\Internal\mar2020\pickle_files\d756c0bb4d4df4e4331cbc3664d5ff9b531cba3d.pkl,0
D:\08_Dataset\Internal\mar2020\pickle_files\e4799adde7e8d38889d508295f7c8d1477af4e72.pkl,0
D:\08_Dataset\Internal\mar2020\pickle_files\8721027760990afd4b624f22cff062287446d47e.pkl,0
D:\08_Dataset\Internal\mar2020\pickle_files\227fc56544fff88b82a9d5dd1d42c3dddb93d1c5.pkl,0
D:\08_Dataset\Internal\mar2020\pickle_files\e65fc6622812e2047356e5cd48bc3180c8776140.pkl,0
D:\08_Dataset\Internal\mar2020\pickle_files\81ab92e40a355be351153123cbdd486d101261ad.pkl,0
D:\08_Dataset\Internal\mar2020\pickle_files\7ed8f9ba31a5ece577bccb4538b97c9d8428ff31.pkl,0
D:\08_Dataset\Internal\mar2020\pickle_files\6011116649c1001e77c67f90f4327434d3fe2b4e.pkl,0
D:\08_Dataset\Internal\mar2020\pickle_files\a63a10d4b34916cfc0d1b9d990244710b25b4b0f.pkl,0
D:\08_Dataset\Internal\mar2020\pickle_files\696b69971a342808ad270b26f1991c7ec32a0946.pkl,0
D:\08_Dataset\Internal\mar2020\pickle_files\965602b5e1d31c88f0106111c48d997ae0495952.pkl,0
D:\08_Dataset\Internal\mar2020\pickle_files\222a9a6c4cca7d8b93ebb229ff8ddeb07397efc1.pkl,0
D:\08_Dataset\Internal\mar2020\pickle_files\e069ca7b2421e11dacab2d1fee0f942bab2b894e.pkl,0
D:\08_Dataset\Internal\mar2020\pickle_files\6a588898e870bd0ea03678934aea212be4dde344.pkl,0
D:\08_Dataset\Internal\mar2020\pickle_files\bf78889638e1ecb02c45ba754ca8d8fc21f9b85c.pkl,0
D:\08_Dataset\Internal\mar2020\pickle_files\049871723f9d9284a48ac5b2adefd338fd67173a.pkl,0
D:\08_Dataset\Internal\mar2020\pickle_files\458e77582d0d40569584885a3c1198a8172877f2.pkl,0
D:\08_Dataset\Internal\mar2020\pickle_files\6675f430bd5e99762a9494f1036ff94c39bdc87b.pkl,0
D:\08_Dataset\Internal\mar2020\pickle_files\ce7adb2b6d13956991da72721843e1512af1530b.pkl,0
D:\08_Dataset\Internal\mar2020\pickle_files\56633e29dca24313ee21bfcbac4d45e61ad9b00a.pkl,0
D:\08_Dataset\Internal\mar2020\pickle_files\b83da99a63e1bc307ad3dba9b31a337029f77a1e.pkl,0
D:\08_Dataset\Internal\mar2020\pickle_files\52e9d30b60af28e5e65223e5894517aef9d3f638.pkl,0
D:\08_Dataset\Internal\mar2020\pickle_files\3bda995a80ec57abc27c341ffeea740859d23b05.pkl,0
D:\08_Dataset\Internal\mar2020\pickle_files\dcbe0c976470cdd5b1d0d831c4e11ef8fbd967a6.pkl,0
D:\08_Dataset\Internal\mar2020\pickle_files\d0b3e37b9c70bcd3c171fd0305752ac5527d374c.pkl,0
D:\08_Dataset\Internal\mar2020\pickle_files\69dc2e3b487724a5440d1ee9343cc300e3972f32.pkl,0
D:\08_Dataset\Internal\mar2020\pickle_files\bbbd0b9e32a6d9ff80ed51042999615d2c4bb7cf.pkl,0
D:\08_Dataset\Internal\mar2020\pickle_files\a95957c2eb25be2cf13a9d1b1308fd52dc8aaf57.pkl,0
D:\08_Dataset\Internal\mar2020\pickle_files\b4c123c7d17a3c44e74880b4108766e8ce4b6a66.pkl,0
D:\08_Dataset\Internal\mar2020\pickle_files\d5df6737f157ec2cfef45b06b11428403da1203a.pkl,0
D:\08_Dataset\Internal\mar2020\pickle_files\2ac6028981e07f7a6406da87b8158e17627da2a0.pkl,0
D:\08_Dataset\Internal\mar2020\pickle_files\0827ddf85ccd2455aea261cd2ff5a9cfacb31b3b.pkl,0
D:\08_Dataset\Internal\mar2020\pickle_files\d56a6af97f140592e81058882f9588f479386da3.pkl,0
D:\08_Dataset\Internal\mar2020\pickle_files\a01bc4b42adcbedb64bc660460b467029f8d3b26.pkl,0
D:\08_Dataset\Internal\mar2020\pickle_files\e615bf19555abd9fe69cf05f7b250a3fe7253223.pkl,0
D:\08_Dataset\Internal\mar2020\pickle_files\d6f31f4a866b4c8d4fc17877926352dd7f1a83f7.pkl,0
D:\08_Dataset\Internal\mar2020\pickle_files\4733238325a5f2a4890e05dc7b048bd351a780b3.pkl,0
D:\08_Dataset\Internal\mar2020\pickle_files\f8d37aea8f91740f9fc839f14c623f822bfbc38f.pkl,0
D:\08_Dataset\Internal\mar2020\pickle_files\5a1e18589354e48dba15c9f1212e4ad91e1cb8c7.pkl,0
D:\08_Dataset\Internal\mar2020\pickle_files\90fbfccad99a0f1862bd3066fcaca95321e63443.pkl,0
D:\08_Dataset\Internal\mar2020\pickle_files\5702ee7ebf6fd0d92bef5b021cc078e74c5a5194.pkl,0
D:\08_Dataset\Internal\mar2020\pickle_files\ec876d953a6d6a7ee7f7cbbc50ad7f1513183f4d.pkl,0
D:\08_Dataset\Internal\mar2020\pickle_files\fa33338f504499ea8e3b005f8b08dd0ce354b0fe.pkl,0
D:\08_Dataset\Internal\mar2020\pickle_files\9ce722206a138797828b77ae66561ad1bd364231.pkl,0
D:\08_Dataset\Internal\mar2020\pickle_files\d7be1bdc819b16dc37aafbc84bf5ca901f860085.pkl,0
D:\08_Dataset\Internal\mar2020\pickle_files\c292f629c28c7255f55a6d8dfc4e453b6c7de721.pkl,0
D:\08_Dataset\Internal\mar2020\pickle_files\a03f3f85433c2382e413dbc2cc2eb36d34dee9b4.pkl,0
D:\08_Dataset\Internal\mar2020\pickle_files\688363c85d8e8e2433826046157d84bd94912e63.pkl,0
D:\08_Dataset\Internal\mar2020\pickle_files\8e88231c44888d63ebe409d1692f368d59c011a4.pkl,0
D:\08_Dataset\Internal\mar2020\pickle_files\f234c0945f1cc803325d5dfd683ccbfd5daf298f.pkl,0
D:\08_Dataset\Internal\mar2020\pickle_files\474128292ff103283f11076f00763a3a4096992e.pkl,0
D:\08_Dataset\Internal\mar2020\pickle_files\56279fcb599f47f50022fb7d7a4eb50a6a725591.pkl,0
D:\08_Dataset\Internal\mar2020\pickle_files\ff056882cd84befbfad9187e46792e4ddd0fb714.pkl,0
D:\08_Dataset\Internal\mar2020\pickle_files\3612dac0d50ef6725e82d67837ca92559e5019c5.pkl,0
D:\08_Dataset\Internal\mar2020\pickle_files\5c538fe3bf89e76e9a113212c173e86de920e81d.pkl,0
D:\08_Dataset\Internal\mar2020\pickle_files\a4bbc4dced92c9e949c071ef5ebd93c70e4b0bd7.pkl,0
D:\08_Dataset\Internal\mar2020\pickle_files\4181170601cc1101aae4d47fe21f2557396fc9fd.pkl,0
D:\08_Dataset\Internal\mar2020\pickle_files\ac9acca857abd3c327f9db2df4b8e06a5036e010.pkl,0
D:\08_Dataset\Internal\mar2020\pickle_files\476b187ba35fa1de606d9321fa1637d4410dd19a.pkl,0
D:\08_Dataset\Internal\mar2020\pickle_files\1c542325f40729ec44b3c4c761918a7078432c4c.pkl,0
D:\08_Dataset\Internal\mar2020\pickle_files\bd477619eacf1175d03d656442222d04dea8ce15.pkl,0
D:\08_Dataset\Internal\mar2020\pickle_files\7601cdf76d0b60632212f0fbe24ad4b1888eb52c.pkl,0
D:\08_Dataset\Internal\mar2020\pickle_files\d4bfa7daec45684d9fb1840b5c85b31c6a14f511.pkl,0
D:\08_Dataset\Internal\mar2020\pickle_files\3d0ec7e4c8e4095200b6682e036621e69cf58c80.pkl,0
D:\08_Dataset\Internal\mar2020\pickle_files\223110408d37803c22eeff2a3640ac349f644976.pkl,0
D:\08_Dataset\Internal\mar2020\pickle_files\7d681b7296e1d7acb1daec712c8b1458e3d87824.pkl,0
D:\08_Dataset\Internal\mar2020\pickle_files\cb691f470ae66ca91939aa7a3e2ff2cfff6ae0e0.pkl,0
D:\08_Dataset\Internal\mar2020\pickle_files\1dcdc407d2ed6b38adf713b852fcb721af3f16fb.pkl,0
D:\08_Dataset\Internal\mar2020\pickle_files\fe34d7418ef507c098163f2cc543f27722646d4d.pkl,0
D:\08_Dataset\Internal\mar2020\pickle_files\56e30b236b8c2acf2e03efa02300444327152bb3.pkl,0
D:\08_Dataset\Internal\mar2020\pickle_files\da0b09463dbc9dd1ed4deb52354defe5e8c1912a.pkl,0
D:\08_Dataset\Internal\mar2020\pickle_files\16388718c040644a475efd8b6b7793cb6e883d85.pkl,0
D:\08_Dataset\Internal\mar2020\pickle_files\4106beec83064f228238a5af27868a0ef05ea260.pkl,0
D:\08_Dataset\Internal\mar2020\pickle_files\d56104215671766712180e059b271b10ab6a2d27.pkl,0
D:\08_Dataset\Internal\mar2020\pickle_files\a03ec6adb652894be957781b5e94f7f8649c0014.pkl,0
D:\08_Dataset\Internal\mar2020\pickle_files\ce639a0b65e89039d401a7508861508ea1270dc7.pkl,0
D:\08_Dataset\Internal\mar2020\pickle_files\8d1b662cad13778e61661e6172ecf2104d751b42.pkl,0
D:\08_Dataset\Internal\mar2020\pickle_files\cd8c02d2bfc923c0c6da452d65d23e863fd6739f.pkl,0
D:\08_Dataset\Internal\mar2020\pickle_files\bf1f255e908897513775d7b2a0d548ef61a7f195.pkl,0
D:\08_Dataset\Internal\mar2020\pickle_files\5bb97351dd5681ded304f54dbf625f72c5c7ac62.pkl,0
D:\08_Dataset\Internal\mar2020\pickle_files\8400849f716e94aeeeed6980f5984f488a353273.pkl,0
D:\08_Dataset\Internal\mar2020\pickle_files\440571eb1b7a9e0b418d9e938e57955b65c21068.pkl,0
D:\08_Dataset\Internal\mar2020\pickle_files\25616793c575a82018cbd903ade7acca8e93a765.pkl,0
D:\08_Dataset\Internal\mar2020\pickle_files\6107df7566b87dda36e89bb92ad7098f0d207126.pkl,0
D:\08_Dataset\Internal\mar2020\pickle_files\deee80761386db1f98f69c934d8c4a5f1358a22d.pkl,0
D:\08_Dataset\Internal\mar2020\pickle_files\b839e3321131db8112ceb86b78c10e43364156d7.pkl,0
D:\08_Dataset\Internal\mar2020\pickle_files\b94de2727dfc505f42847f454f5e24fb4ee0d511.pkl,0
D:\08_Dataset\Internal\mar2020\pickle_files\a8f882dddd716c87f72acb236136469603be5113.pkl,0
D:\08_Dataset\Internal\mar2020\pickle_files\73845c5e3c7ac718da7b8d691730954181d56bb4.pkl,0
D:\08_Dataset\Internal\mar2020\pickle_files\c05811263aa27db0f4bfcfbd20f1739cd8577f96.pkl,0
D:\08_Dataset\Internal\mar2020\pickle_files\c3767a5958a3864b5170b91bc502da895fbb6137.pkl,0
D:\08_Dataset\Internal\mar2020\pickle_files\cb834e5a18e27e3fd1183e144411dae4d18130c0.pkl,0
D:\08_Dataset\Internal\mar2020\pickle_files\724683ff784ca508bb8c1a6848e3f651f2a10c3b.pkl,0
D:\08_Dataset\Internal\mar2020\pickle_files\f92640959fd16065808745dd42de405b33dd3abe.pkl,0
D:\08_Dataset\Internal\mar2020\pickle_files\267281059401e899f82d24cdc9d67734170d5e80.pkl,0
D:\08_Dataset\Internal\mar2020\pickle_files\1c100561af6dc5137500aa61e0ff57cce9acfcb5.pkl,0
D:\08_Dataset\Internal\mar2020\pickle_files\964834bebc4a2a8b7e6516e9f6826f852382b24b.pkl,0
D:\08_Dataset\Internal\mar2020\pickle_files\20559786c03c5c9340cc798e7a6d9b0f2c998549.pkl,0
D:\08_Dataset\Internal\mar2020\pickle_files\a02ccc73995c651bb461d4ff3c85b14f1cd726b2.pkl,0
D:\08_Dataset\Internal\mar2020\pickle_files\28a4b06bc9e6a13ab80096dbea81a6f04a365d4e.pkl,0
D:\08_Dataset\Internal\mar2020\pickle_files\dd772f992bff7f14ea50271ce89a1cba806fbc4b.pkl,0
D:\08_Dataset\Internal\mar2020\pickle_files\262bd3f3f4ec54d3bb2d3fdbab16432523517e6e.pkl,0
D:\08_Dataset\Internal\mar2020\pickle_files\3a89ba2279bf7855fbb649a931a63f126d48d5fd.pkl,0
D:\08_Dataset\Internal\mar2020\pickle_files\f00e49412413aa599f850d2b55535fbc70740d59.pkl,0
D:\08_Dataset\Internal\mar2020\pickle_files\e361d003f9212e4ed8a75f500041cd00c263485f.pkl,0
D:\08_Dataset\Internal\mar2020\pickle_files\1c4f0c50b97435306e4626f050bfd5ef1bb5815d.pkl,0
D:\08_Dataset\Internal\mar2020\pickle_files\dc8874c688b0f7243223c90dca4ae8b08be06185.pkl,0
D:\08_Dataset\Internal\mar2020\pickle_files\2f5cc37273609b9fbecc7ca30a6a4b3de685e789.pkl,0
D:\08_Dataset\Internal\mar2020\pickle_files\74c1cba939f1c7f8bb8688517ca37fc61de64fcf.pkl,0
D:\08_Dataset\Internal\mar2020\pickle_files\ab615b2c1d625e71023110257dcdab6198896ebe.pkl,0
D:\08_Dataset\Internal\mar2020\pickle_files\19ec2f90ce74ffb596572527cd9bdbf11969c7aa.pkl,0
D:\08_Dataset\Internal\mar2020\pickle_files\99e96cb6a74f7ad66665622b8f3ad86cfff5fbe8.pkl,0
D:\08_Dataset\Internal\mar2020\pickle_files\ca6ac41e270344b0b3fbc86455490ca78c4915a5.pkl,0
D:\08_Dataset\Internal\mar2020\pickle_files\478b5e90654b1a31a6de772e5e88a7dd6fb155cf.pkl,0
D:\08_Dataset\Internal\mar2020\pickle_files\4eba95e645b147a3701f1ba347778dc3ea3a6312.pkl,0
D:\08_Dataset\Internal\mar2020\pickle_files\c7eb1cdd6385b34b2f5544833ff61bb0ddfbc910.pkl,0
D:\08_Dataset\Internal\mar2020\pickle_files\f7b5ca63b741d29d57a48f0867bea04edfa46eb5.pkl,0
D:\08_Dataset\Internal\mar2020\pickle_files\f0c5dae9a3afce339010b46857482a84726a4f4b.pkl,0
D:\08_Dataset\Internal\mar2020\pickle_files\b561705b25f4242a503a1cf9fa5a96ab453cc6e8.pkl,0
D:\08_Dataset\Internal\mar2020\pickle_files\7eebd6adbb1cab94db4c8d00a6972766606b9e4c.pkl,0
D:\08_Dataset\Internal\mar2020\pickle_files\9da73bf9fe7618ebe734a75e6c8eb9a825db7f43.pkl,0
D:\08_Dataset\Internal\mar2020\pickle_files\e5426083e68574650a978f72d9435517f1a02232.pkl,0
D:\08_Dataset\Internal\mar2020\pickle_files\bf58c58ee511c501dec239d50dbec176ace329bf.pkl,0
D:\08_Dataset\Internal\mar2020\pickle_files\7d9feb0518dfd2facd4ead82594f416fb5fb8643.pkl,0
D:\08_Dataset\Internal\mar2020\pickle_files\c33b464b0f7b41379b4a3410b625971c804de4a3.pkl,0
D:\08_Dataset\Internal\mar2020\pickle_files\df715788bbb5b4f1159ce6e46fd7aeaf750d5688.pkl,0
D:\08_Dataset\Internal\mar2020\pickle_files\d8dea99561e86332e4701cc35f4fcfddd03120f7.pkl,0
D:\08_Dataset\Internal\mar2020\pickle_files\834b39f3612a5cac682158f39e5a433e770f396d.pkl,0
D:\08_Dataset\Internal\mar2020\pickle_files\24069cd6d3b0b6ff96b246a727853e0a6625c76c.pkl,0
D:\08_Dataset\Internal\mar2020\pickle_files\ee8e9bd94a816a244e4a2d8aae54a6a62e96b5f2.pkl,0
D:\08_Dataset\Internal\mar2020\pickle_files\f7135672391888bfc02ccf7ec1e233861550fd14.pkl,0
D:\08_Dataset\Internal\mar2020\pickle_files\711fff255251a5d07cd4cc219623468b35512c90.pkl,0
D:\08_Dataset\Internal\mar2020\pickle_files\c9906f60aed8798aa47e5fb78ded1084246dba4b.pkl,0
D:\08_Dataset\Internal\mar2020\pickle_files\69cd42b92fa55fb70940cca12eaf70234fefff2e.pkl,0
D:\08_Dataset\Internal\mar2020\pickle_files\dbb1552cff336ebf06edfaf12894ef8a93c85e4f.pkl,0
D:\08_Dataset\Internal\mar2020\pickle_files\059f2c12bbee648930730086304a9bcb0b6a70b3.pkl,0
D:\08_Dataset\Internal\mar2020\pickle_files\26f6f0fa40f5d860a6401cac9576ae8c100a7363.pkl,0
D:\08_Dataset\Internal\mar2020\pickle_files\9e81f71943d64b7b148ee50a86c149719a7b3ae1.pkl,0
D:\08_Dataset\Internal\mar2020\pickle_files\83043f859a926c016881aeec88ef7b8b73cfb9b0.pkl,0
D:\08_Dataset\Internal\mar2020\pickle_files\dc5c52bf8dfc5b4de52cfb1879f7647d1ebe3586.pkl,0
D:\08_Dataset\Internal\mar2020\pickle_files\3d7514f18e312fe7ae227bb52e87a47f945a82f0.pkl,0
D:\08_Dataset\Internal\mar2020\pickle_files\d127dd5b2fa5ed5ec947c8164ca6657fdeea182e.pkl,0
D:\08_Dataset\Internal\mar2020\pickle_files\62daafe1b0c6cdccbc605fa423c63255075dbbe5.pkl,0
D:\08_Dataset\Internal\mar2020\pickle_files\d1d32b1b932a9aa709866e6643fb24cf4e153d63.pkl,0
D:\08_Dataset\Internal\mar2020\pickle_files\c8182310f0cb6141f257931e93362d2e3ebea6ce.pkl,0
D:\08_Dataset\Internal\mar2020\pickle_files\bca2b73dcb7083ab5c33dd17417f6ad3b867c907.pkl,0
D:\08_Dataset\Internal\mar2020\pickle_files\90bd8c9e0eecd95846eb9e53324fde31a25d124a.pkl,0
D:\08_Dataset\Internal\mar2020\pickle_files\f984ffb16ba328859d923ef53634e2aa6f387c93.pkl,0
D:\08_Dataset\Internal\mar2020\pickle_files\2619e0b11f39db1641b78158b54863c8e960db4a.pkl,0
D:\08_Dataset\Internal\mar2020\pickle_files\2e720a0bfb75f066625f3b38fde0d375e9b17d47.pkl,0
D:\08_Dataset\Internal\mar2020\pickle_files\bc903e6cf4a995c19344af03369c52d2c42aa230.pkl,0
D:\08_Dataset\Internal\mar2020\pickle_files\0a17c9a174a44d2a883a7c6ff9955771f7fb80a5.pkl,0
D:\08_Dataset\Internal\mar2020\pickle_files\c9f8e820a41945f8b60b5ab6ddae920205a4ff38.pkl,0
D:\08_Dataset\Internal\mar2020\pickle_files\f17f383ea2141828bd03885bbe0947567b77e140.pkl,0
D:\08_Dataset\Internal\mar2020\pickle_files\c594bc19b1e239af7388e0819239a9579deed425.pkl,0
D:\08_Dataset\Internal\mar2020\pickle_files\bee96feea110cd8d7a88831fa3ec47ffb913edad.pkl,0
D:\08_Dataset\Internal\mar2020\pickle_files\5bd71dab437c490492589dd3244ab36fc9ff1f10.pkl,0
D:\08_Dataset\Internal\mar2020\pickle_files\829da620f7ef050b87618994845cd94d3141acb1.pkl,0
D:\08_Dataset\Internal\mar2020\pickle_files\3c0345eeee130ddd575cdf2b56f9e77aa1ad9aff.pkl,0
D:\08_Dataset\Internal\mar2020\pickle_files\aa7842e0d28311d3ef3dc818e211b6642a4c897e.pkl,0
D:\08_Dataset\Internal\mar2020\pickle_files\ae1d5a23935187dd073ecbea127d988b4087cd93.pkl,0
D:\08_Dataset\Internal\mar2020\pickle_files\734851e2e756bfd65c29f28c4dce9edabc7287b1.pkl,0
D:\08_Dataset\Internal\mar2020\pickle_files\adf9e978dfb8884de74c559e76ae0d5fccb846d9.pkl,0
D:\08_Dataset\Internal\mar2020\pickle_files\4f2b34faf43f838bc5be54c00edf4bb80d070cab.pkl,0
D:\08_Dataset\Internal\mar2020\pickle_files\5f02efc9c7b58ca777bc59e4ec63e66e6b0ef50d.pkl,0
D:\08_Dataset\Internal\mar2020\pickle_files\90eafab20a184a6c2e58df9784f062747dd41979.pkl,0
D:\08_Dataset\Internal\mar2020\pickle_files\42d863ce2250c6083aed6839a3e31a62be7799b1.pkl,0
D:\08_Dataset\Internal\mar2020\pickle_files\519c53523a4a7b511468c2873a7f1ddd8f191af3.pkl,0
D:\08_Dataset\Internal\mar2020\pickle_files\100c53b2ae911cd55ab883d8ad5c9e60a9dfb1b7.pkl,0
D:\08_Dataset\Internal\mar2020\pickle_files\86068fdf1a973688c5a9be01525a99343625d5cc.pkl,0
D:\08_Dataset\Internal\mar2020\pickle_files\b125e732895d34964251e5518623f9927cf48c4d.pkl,0
D:\08_Dataset\Internal\mar2020\pickle_files\6f19e64ee229d6a9c397521defb20ec03a50e69e.pkl,0
D:\08_Dataset\Internal\mar2020\pickle_files\aac7ade04d32541cc7aa4e4a90a0b351b7446901.pkl,0
D:\08_Dataset\Internal\mar2020\pickle_files\6fd2e3250f272e92cbf8a70e4d60fb0fc247fe3a.pkl,0
D:\08_Dataset\Internal\mar2020\pickle_files\d52c6d0b0628e1e8671b23e652576bc54a7f8796.pkl,0
D:\08_Dataset\Internal\mar2020\pickle_files\4208ac290d8d5c2aadb3197ee916c20a800e3dbf.pkl,0
D:\08_Dataset\Internal\mar2020\pickle_files\c2a7eea156fd7975af790ff2213e2959ccec65c8.pkl,0
D:\08_Dataset\Internal\mar2020\pickle_files\c340ccd703873b353f843f6c50a51f17c037aee6.pkl,0
D:\08_Dataset\Internal\mar2020\pickle_files\9940d5c9da083b4ef1c427ef5f8a363d785ff834.pkl,0
D:\08_Dataset\Internal\mar2020\pickle_files\324740ad0965319ff1ca31b8fb9fb17195e39209.pkl,0
D:\08_Dataset\Internal\mar2020\pickle_files\7efece836600a437424e677b8a39cab9c842cbf5.pkl,0
D:\08_Dataset\Internal\mar2020\pickle_files\177a3251a15c23f4c17db16a39f241cd6ad11e9f.pkl,0
D:\08_Dataset\Internal\mar2020\pickle_files\b4c92d3f6244b611fda021534e6dbc5e797d8551.pkl,0
D:\08_Dataset\Internal\mar2020\pickle_files\888006b20fb32c849bac139c0b27792107b87c96.pkl,0
D:\08_Dataset\Internal\mar2020\pickle_files\79939ff1ff303692515a9dda0732e984c583ab83.pkl,0
D:\08_Dataset\Internal\mar2020\pickle_files\4d59f0ccde34e84ad5df8d739f461df0994e4bd9.pkl,0
D:\08_Dataset\Internal\mar2020\pickle_files\a0df6de3c3364061527fb54e85ee4bed9c4e020e.pkl,0
D:\08_Dataset\Internal\mar2020\pickle_files\7da783898d04e96876c6067819511925dc1bc0b9.pkl,0
D:\08_Dataset\Internal\mar2020\pickle_files\27360e5de6387fedf47ecdb548e1300df95ad899.pkl,0
D:\08_Dataset\Internal\mar2020\pickle_files\9e4e460f0c3e5997afe4df4e238f10facc764df3.pkl,0
D:\08_Dataset\Internal\mar2020\pickle_files\5574b3c314ed1c9319dc12f7c148b4a6a6436d79.pkl,0
D:\08_Dataset\Internal\mar2020\pickle_files\a26faf92ec8dd6515d47b74a89e47ddb1039afb5.pkl,0
D:\08_Dataset\Internal\mar2020\pickle_files\48225f2989237096974d9fa63e91d96ed36f491d.pkl,0
D:\08_Dataset\Internal\mar2020\pickle_files\681a7a151fb536a89340b9d794cdb5c6be031239.pkl,0
D:\08_Dataset\Internal\mar2020\pickle_files\ee6e520237e9adffc29cb72969afeabac0194165.pkl,0
D:\08_Dataset\Internal\mar2020\pickle_files\9c516f4d5f3dbd93833457ca4502a441a9fa6dae.pkl,0
D:\08_Dataset\Internal\mar2020\pickle_files\2d805bfcb100c79225a80df2e943738a9a5c8a88.pkl,0
D:\08_Dataset\Internal\mar2020\pickle_files\f332fd2a50638c47be76f4c1225182ebed6ff6fc.pkl,0
D:\08_Dataset\Internal\mar2020\pickle_files\16347ec966d7d6a63543571fc4ba2e792d5983a7.pkl,0
D:\08_Dataset\Internal\mar2020\pickle_files\54259f2234795953418e0ba61e34dec3e441feba.pkl,0
D:\08_Dataset\Internal\mar2020\pickle_files\7f209c89ce2a2cecc44ffe3d605787748b821065.pkl,0
D:\08_Dataset\Internal\mar2020\pickle_files\1a18b9e245c5ff429c177f1748fb7d1a40227417.pkl,0
D:\08_Dataset\Internal\mar2020\pickle_files\0f6ecf73b4dd6ce3d752821720f7369fc3cb8dbf.pkl,0
D:\08_Dataset\Internal\mar2020\pickle_files\efa701ed446a2f41d19659770a6eec81f9957a9e.pkl,0
D:\08_Dataset\Internal\mar2020\pickle_files\e97338750aa9b9c59a81e7dd7c052434a0795842.pkl,0
D:\08_Dataset\Internal\mar2020\pickle_files\66e209dcc681598dc569f7e079e2b7dd36f0a633.pkl,0
D:\08_Dataset\Internal\mar2020\pickle_files\981524b05f91595b794e03b441ab0fad6465ad16.pkl,0
D:\08_Dataset\Internal\mar2020\pickle_files\007963fdf9630c500587e61f272dd21bfe344866.pkl,0
D:\08_Dataset\Internal\mar2020\pickle_files\af645e49cf7948b05d180bdc7c65e4a22896fc8e.pkl,0
D:\08_Dataset\Internal\mar2020\pickle_files\00fe886740dae30e320a178f435d55f189681c4e.pkl,0
D:\08_Dataset\Internal\mar2020\pickle_files\910a2793e21818294018d2edb3f2760550006257.pkl,0
D:\08_Dataset\Internal\mar2020\pickle_files\1f77630346aceb73c3198eb55f1dd7d5770ba8c3.pkl,0
D:\08_Dataset\Internal\mar2020\pickle_files\0c618fd9b0f9d8060deca4483195ff08e516e5d0.pkl,0
D:\08_Dataset\Internal\mar2020\pickle_files\d7bda84a107426bb68ede600629e1997ca85f3bf.pkl,0
D:\08_Dataset\Internal\mar2020\pickle_files\f7a75aa7535e69309fd4d064502ba3790e9a2df1.pkl,0
D:\08_Dataset\Internal\mar2020\pickle_files\a24565417a7267f3d67de45b3f0aeec899f0375d.pkl,0
D:\08_Dataset\Internal\mar2020\pickle_files\934b63cb5e5f8b7b3799acce49044b847d983397.pkl,0
D:\08_Dataset\Internal\mar2020\pickle_files\3acf1ac2e2a5dce71ae25d362cda171af33ba8e7.pkl,0
D:\08_Dataset\Internal\mar2020\pickle_files\c93ac3300dc75f8914dc130efd682d15b5531d0d.pkl,0
D:\08_Dataset\Internal\mar2020\pickle_files\28abc6c7246587763d00f6a79c686841d996e8f5.pkl,0
D:\08_Dataset\Internal\mar2020\pickle_files\adf860a70d48d86017ab87359f371d959759b5ff.pkl,0
D:\08_Dataset\Internal\mar2020\pickle_files\e5c1df29c128e593b2f5cbf3fe34ccfe4dc5921f.pkl,0
D:\08_Dataset\Internal\mar2020\pickle_files\1a0c9b43dac65b1718473e2132ac1e9c1e182654.pkl,0
D:\08_Dataset\Internal\mar2020\pickle_files\8afdecb6783839d5bd9c81cc9891652166a2fc2f.pkl,0
D:\08_Dataset\Internal\mar2020\pickle_files\36de99c85280671c1659f791470c35f07847598c.pkl,0
D:\08_Dataset\Internal\mar2020\pickle_files\2186b77eadd582190e14395ab06d684d9a8d9955.pkl,0
D:\08_Dataset\Internal\mar2020\pickle_files\7e7e0c4e8c12b4011378c93434970aff07ebc60c.pkl,0
D:\08_Dataset\Internal\mar2020\pickle_files\12856c327e21b5debf6d03a7ebcc176dda253d17.pkl,0
D:\08_Dataset\Internal\mar2020\pickle_files\150e18b552a884b8cfc562b1c41e79104f1221e2.pkl,0
D:\08_Dataset\Internal\mar2020\pickle_files\eed9ba89f1ddaf587f9490ac580f9ce4cf65bd17.pkl,0
D:\08_Dataset\Internal\mar2020\pickle_files\49ff513c9770ae00aaf435a052056d4116f9f471.pkl,0
D:\08_Dataset\Internal\mar2020\pickle_files\955a7942e79ec8dab666e3d0941b472fd1623f36.pkl,0
D:\08_Dataset\Internal\mar2020\pickle_files\a869fc75f44438d9207511dc73bae976f558ba6e.pkl,0
D:\08_Dataset\Internal\mar2020\pickle_files\20a18c7ea14f4e1d3044091b46d6e862b6f38708.pkl,0
D:\08_Dataset\Internal\mar2020\pickle_files\cad901d3255205d68ca1905f83d6aedc0f2adb93.pkl,0
D:\08_Dataset\Internal\mar2020\pickle_files\8f20d9835cadbc5a5c62b39f487ce2027dd2bf74.pkl,0
D:\08_Dataset\Internal\mar2020\pickle_files\173d5b4735d8e7eee89850f2ea9ac4c1f8441cac.pkl,0
D:\08_Dataset\Internal\mar2020\pickle_files\e0cbe29bdf207fa449f58fb27081da5b464d5c47.pkl,0
D:\08_Dataset\Internal\mar2020\pickle_files\8c7754825417b0750393b798ab556bf0b8c4b0b7.pkl,0
D:\08_Dataset\Internal\mar2020\pickle_files\8d5bfd3b9d82686047e6c1a4bed8bad478e1bccb.pkl,0
D:\08_Dataset\Internal\mar2020\pickle_files\bb358374eebfec39080ef57ab148c51e014522b6.pkl,0
D:\08_Dataset\Internal\mar2020\pickle_files\f5d63ee4636d290b1bcd2edb555911e66fe0b6a6.pkl,0
D:\08_Dataset\Internal\mar2020\pickle_files\f789171fb7a539829f86eb73a018340b4aa726b4.pkl,0
D:\08_Dataset\Internal\mar2020\pickle_files\357d5290277f576439c0096b4bc0ca8488d13cf7.pkl,0
D:\08_Dataset\Internal\mar2020\pickle_files\bac86b7991062bfb9913ac03af091704a0ae510a.pkl,0
D:\08_Dataset\Internal\mar2020\pickle_files\2c10e1a9d14ba0c1a1b484d974180cd088cae606.pkl,0
D:\08_Dataset\Internal\mar2020\pickle_files\ab9aebb37f4980ff41e766518285f446ba141df1.pkl,0
D:\08_Dataset\Internal\mar2020\pickle_files\43d44358d9551886479d61d0cca141fd4899cbde.pkl,0
D:\08_Dataset\Internal\mar2020\pickle_files\6c8d6a6a87d64343573b61c260c2690ec078bec7.pkl,0
D:\08_Dataset\Internal\mar2020\pickle_files\62831d185176a023da7ea4ed808a6f5eadd99c84.pkl,0
D:\08_Dataset\Internal\mar2020\pickle_files\3595783db7ded2cdd42f02d496bdef906546a7e0.pkl,0
D:\08_Dataset\Internal\mar2020\pickle_files\a0145c0c70104dfdb48abe861daa178314144803.pkl,0
D:\08_Dataset\Internal\mar2020\pickle_files\b0e43f541c0d882ea922c116ad077e73acc9d59e.pkl,0
D:\08_Dataset\Internal\mar2020\pickle_files\e17ce38c45c42b028e5e8d006ecea463426990bb.pkl,0
D:\08_Dataset\Internal\mar2020\pickle_files\2d804fbdff738074e76347d57a8d18f6392a2230.pkl,0
D:\08_Dataset\Internal\mar2020\pickle_files\0b10eafab53724365e882e54d3e589c23d0b33fb.pkl,0
D:\08_Dataset\Internal\mar2020\pickle_files\01d94de9e432327cbec2215fb8cef1ebe7999d28.pkl,0
D:\08_Dataset\Internal\mar2020\pickle_files\f87aceeb3bf4b30b0b476c72240bfcde041c8806.pkl,0
D:\08_Dataset\Internal\mar2020\pickle_files\ce850162bd7370fa8f7567f72bc941c701eaf625.pkl,0
D:\08_Dataset\Internal\mar2020\pickle_files\0ee793fa236a688eb3a43936d0412e73b4485fdb.pkl,0
D:\08_Dataset\Internal\mar2020\pickle_files\074d2910b3b0bdb26ac8cd256ceff603a2e708cb.pkl,0
D:\08_Dataset\Internal\mar2020\pickle_files\1a7742ee77f4a353b14fcfb8f6345d1c7976b785.pkl,0
D:\08_Dataset\Internal\mar2020\pickle_files\7e0d789095185ce9f30a3ff9aee8038b5f4b7fc2.pkl,0
D:\08_Dataset\Internal\mar2020\pickle_files\27ec275aedc7aeb66dd9beae47a8c7e4d8a74b39.pkl,0
D:\08_Dataset\Internal\mar2020\pickle_files\0f6b5dd7a093fa00ef0a984af3e447a07d0d9630.pkl,0
D:\08_Dataset\Internal\mar2020\pickle_files\246369b5fb140ab54e9b6211a4523a6d2ebc3d8d.pkl,0
D:\08_Dataset\Internal\mar2020\pickle_files\08f7c12d45c71ba1234477fae11090e6c8496ae1.pkl,0
D:\08_Dataset\Internal\mar2020\pickle_files\fbdfcbd3991471444aba2cc075db0394b153fb8b.pkl,0
D:\08_Dataset\Internal\mar2020\pickle_files\922a82feef954a800ca550964294f61b137a9620.pkl,0
D:\08_Dataset\Internal\mar2020\pickle_files\46550d88a962c64ebfca9e3034429f99c46ce039.pkl,0
D:\08_Dataset\Internal\mar2020\pickle_files\02d979ab82627f6bbfe60dd17035cde47e5f3e85.pkl,0
D:\08_Dataset\Internal\mar2020\pickle_files\eac07ba01475e52a5891721d4bcd9ac623e418a6.pkl,0
D:\08_Dataset\Internal\mar2020\pickle_files\b514e80d94a884c4f4f73d240a2f7c921c816600.pkl,0
D:\08_Dataset\Internal\mar2020\pickle_files\34a6783a01905564d6862233fda3712d9788a55c.pkl,0
D:\08_Dataset\Internal\mar2020\pickle_files\d142d5099bcd1ad63eca8cb001043c5f43bd8134.pkl,0
D:\08_Dataset\Internal\mar2020\pickle_files\64226d65fcf379cc158604e1f5b0e5a6cdc8b599.pkl,0
D:\08_Dataset\Internal\mar2020\pickle_files\95021ced082e85a7e39507b5c283f96beb2ba4ef.pkl,0
D:\08_Dataset\Internal\mar2020\pickle_files\1c20f963d21db49d7f42ecd2206e6a144c111dd3.pkl,0
D:\08_Dataset\Internal\mar2020\pickle_files\77f9ea2e904b747a5fa1d9534d38d3e6688e8ba9.pkl,0
D:\08_Dataset\Internal\mar2020\pickle_files\53ed6e7473b0fc48933de22263702d1414bf3882.pkl,0
D:\08_Dataset\Internal\mar2020\pickle_files\38849e13a892912c66f6e257c7a235077670f041.pkl,0
D:\08_Dataset\Internal\mar2020\pickle_files\6f5331d4cb9a5ad70994679ba34d371063b954ad.pkl,0
D:\08_Dataset\Internal\mar2020\pickle_files\32e38d3f85257cc63dafc7ce7c07c12a95849764.pkl,0
D:\08_Dataset\Internal\mar2020\pickle_files\e8261667e93e531749b0698871fe059806954fe8.pkl,0
D:\08_Dataset\Internal\mar2020\pickle_files\e1f4f50ee530a58997dbc08f7992e632d8043680.pkl,0
D:\08_Dataset\Internal\mar2020\pickle_files\9690eb8243dc9ce4f226df9a59056051e038cf2a.pkl,0
D:\08_Dataset\Internal\mar2020\pickle_files\000facacfb8450eb7729c04f41fa5cdf235d31cc.pkl,0
D:\08_Dataset\Internal\mar2020\pickle_files\4e8982b8c06073863dffffce66fbe608b8bbb3c3.pkl,0
D:\08_Dataset\Internal\mar2020\pickle_files\326c4fe628bdef3e582249b27448d9bd2ceafa03.pkl,0
D:\08_Dataset\Internal\mar2020\pickle_files\353f376594e28622e6f6cd2c0725dff44a088dba.pkl,0
D:\08_Dataset\Internal\mar2020\pickle_files\a5ae27bf96c9178ab34a79d1e545ebcefe72d4b8.pkl,0
D:\08_Dataset\Internal\mar2020\pickle_files\e9370be0587b04a66aef41d15017301b2a068716.pkl,0
D:\08_Dataset\Internal\mar2020\pickle_files\9ccd3c77f2e61da9d2623845faf86976fad1c078.pkl,0
D:\08_Dataset\Internal\mar2020\pickle_files\13940845eb7bef7e03cbb2a47e78bc57ee369efe.pkl,0
D:\08_Dataset\Internal\mar2020\pickle_files\17bd77c3f40290ad7871e7fbc1492ea6b0a78f52.pkl,0
D:\08_Dataset\Internal\mar2020\pickle_files\8d292fa26c700a9af7f1545c7da1ba35644b39a0.pkl,0
D:\08_Dataset\Internal\mar2020\pickle_files\62c01c5b806606f4917a42b0499a9af9a6f04b4f.pkl,0
D:\08_Dataset\Internal\mar2020\pickle_files\0e0ff8534470efe79239ee39686a3ff982e9e79f.pkl,0
D:\08_Dataset\Internal\mar2020\pickle_files\51315e793f51d70a1daaeeb39e8f0d081449fea3.pkl,0
D:\08_Dataset\Internal\mar2020\pickle_files\ce81dc7083c23714e9783d166d8aeb474e7890ca.pkl,0
D:\08_Dataset\Internal\mar2020\pickle_files\f7ec5e3c47d01e514f7382d9d829701a6f2355ec.pkl,0
D:\08_Dataset\Internal\mar2020\pickle_files\270d3802321ea28365b05d1fa09864af9a7b6915.pkl,0
D:\08_Dataset\Internal\mar2020\pickle_files\96b8075de3604a80371495816bda62f403c61688.pkl,0
D:\08_Dataset\Internal\mar2020\pickle_files\e6f7cae59443ead4b3cfbf52ee70ce63f42cf9ac.pkl,0
D:\08_Dataset\Internal\mar2020\pickle_files\18a77874929a0cc13c620128a4481be3635f4f42.pkl,0
D:\08_Dataset\Internal\mar2020\pickle_files\c9d00bad5556c1500d1c3f765e23d7f4fd6dc4a1.pkl,0
D:\08_Dataset\Internal\mar2020\pickle_files\efa2b79d04156e6e18855a732410d2c02e89d5aa.pkl,0
D:\08_Dataset\Internal\mar2020\pickle_files\52eed01137f58730ab3ba8faa2aafb40f8d2e125.pkl,0
D:\08_Dataset\Internal\mar2020\pickle_files\b5600b4fdf978ecaaff7cd012a797fdd5fef3ae7.pkl,0
D:\08_Dataset\Internal\mar2020\pickle_files\a8c92b2ecb761a3f3f266fc28e7699feee3b5d2b.pkl,0
D:\08_Dataset\Internal\mar2020\pickle_files\8645bd6f01b3bc05418fca132ddc07c31fc3e273.pkl,0
D:\08_Dataset\Internal\mar2020\pickle_files\6381f30234bf2fc2b3a7338959e2cfc4fceef4e6.pkl,0
D:\08_Dataset\Internal\mar2020\pickle_files\5d47987dab852dcc303c9285b72ed8c05b312cd0.pkl,0
D:\08_Dataset\Internal\mar2020\pickle_files\4bac731496ac6b6ed4e349ad88847104bfd108a2.pkl,0
D:\08_Dataset\Internal\mar2020\pickle_files\20bdc93f8cd648335166476f72387d41fe33319b.pkl,0
D:\08_Dataset\Internal\mar2020\pickle_files\5838a369c95330dbf2a5972de705db7a335b0e6b.pkl,0
D:\08_Dataset\Internal\mar2020\pickle_files\873cf5ac562b1245c9368da92d05079b450fefee.pkl,0
D:\08_Dataset\Internal\mar2020\pickle_files\c92606b144f1e89fd4da306882bac52f2f570596.pkl,0
D:\08_Dataset\Internal\mar2020\pickle_files\711c7e3d4d8acee84bcf44637eebebfaf79f7aef.pkl,0
D:\08_Dataset\Internal\mar2020\pickle_files\7cc4e96c7d4dceb34988cf15c402c3882507a4bd.pkl,0
D:\08_Dataset\Internal\mar2020\pickle_files\bb767c42c5d8d61f9a7a0e7fc02121d4a1581f7c.pkl,0
D:\08_Dataset\Internal\mar2020\pickle_files\798880fe4b5c9e932fc725fdefe8aadba97cb87d.pkl,0
D:\08_Dataset\Internal\mar2020\pickle_files\f9803d6ef479f695bbe446119ea8c119a865adba.pkl,0
D:\08_Dataset\Internal\mar2020\pickle_files\87d9eed9174958c7a3116a3eb6914efdf36216f8.pkl,0
D:\08_Dataset\Internal\mar2020\pickle_files\a207df8bfdc7b5e01e90bbf855703e51460c22c6.pkl,0
D:\08_Dataset\Internal\mar2020\pickle_files\5a388166c3087072aee0842aaed44ff9aa263295.pkl,0
D:\08_Dataset\Internal\mar2020\pickle_files\70d00b3d2a5be97cb262864bf4665cfa3e209324.pkl,0
D:\08_Dataset\Internal\mar2020\pickle_files\7c60165ac5f2bc085f77f52e674763e22af2c622.pkl,0
D:\08_Dataset\Internal\mar2020\pickle_files\de8ba2ab66fda05d6d335b3eda2e906b1c295cb8.pkl,0
D:\08_Dataset\Internal\mar2020\pickle_files\b38334f0be8aaa7edd1c54cb372b601afdfc1418.pkl,0
D:\08_Dataset\Internal\mar2020\pickle_files\7f55b04f1f70486e7e27531ec664c65c5c8bd9c3.pkl,0
D:\08_Dataset\Internal\mar2020\pickle_files\020a5d6c574f5e4cbaa9287ba931e5fd63dfb3dd.pkl,0
D:\08_Dataset\Internal\mar2020\pickle_files\0fd37e4050618f3ce7b02cde794cdea5ee4463cb.pkl,0
D:\08_Dataset\Internal\mar2020\pickle_files\c394f33e574dae0c0759b2dcde836a12bebf03af.pkl,0
D:\08_Dataset\Internal\mar2020\pickle_files\c1beb5a28c2cd685b81545344ea984cf42ba29f4.pkl,0
D:\08_Dataset\Internal\mar2020\pickle_files\311215a7a450e629bc6a3751a97aee5afb9ac55e.pkl,0
D:\08_Dataset\Internal\mar2020\pickle_files\511afeb3c536c171c0bd397689bb528fa6909be4.pkl,0
D:\08_Dataset\Internal\mar2020\pickle_files\fb8ad74fcaeaceb921a6921ccc27bbf902eb7914.pkl,0
D:\08_Dataset\Internal\mar2020\pickle_files\516de43c41a41b52a112209f12f5daa974696c55.pkl,0
D:\08_Dataset\Internal\mar2020\pickle_files\5d2b0f0be4504c34e2e3a1a27c43f697564f3f23.pkl,0
D:\08_Dataset\Internal\mar2020\pickle_files\6893f03d3e90ebc0276b42a8e69c4417ce7227b7.pkl,0
D:\08_Dataset\Internal\mar2020\pickle_files\24bab720e6c159ec27a3623f735f7eca737f7bbc.pkl,0
D:\08_Dataset\Internal\mar2020\pickle_files\80b4b6788db42ada99864c60ff2b792c19a76e6e.pkl,0
D:\08_Dataset\Internal\mar2020\pickle_files\4a86505dc2ab172e66119d43efee2b828143eea1.pkl,0
D:\08_Dataset\Internal\mar2020\pickle_files\cd9cdc9fd213e0032792ad93a0e4fc72d0f8ceb2.pkl,0
D:\08_Dataset\Internal\mar2020\pickle_files\fad7cfc490381b4dd753bb588fc4bb2060752d54.pkl,0
D:\08_Dataset\Internal\mar2020\pickle_files\13f00a7211901191112a7c8619ddf4c1db4e2b28.pkl,0
D:\08_Dataset\Internal\mar2020\pickle_files\420d85cf0b97e1e5dc084e554050565eff887d59.pkl,0
D:\08_Dataset\Internal\mar2020\pickle_files\a97eb91cf8a1b079d9eb91fcb917157d678fd408.pkl,0
D:\08_Dataset\Internal\mar2020\pickle_files\a1ac6b80c0438ba5063d0289ec715fee8250637a.pkl,0
D:\08_Dataset\Internal\mar2020\pickle_files\170acaf5252aa2b73db0f8f377944076c1dca1fd.pkl,0
D:\08_Dataset\Internal\mar2020\pickle_files\ea925e9aedaf35a6a2fc458efc6dec713fc69586.pkl,0
D:\08_Dataset\Internal\mar2020\pickle_files\eb035a6fe6afc45204c3cec1879d40e787e2d31c.pkl,0
D:\08_Dataset\Internal\mar2020\pickle_files\9cbc864b162cd80e79dc25172151ccedd0f5323c.pkl,0
D:\08_Dataset\Internal\mar2020\pickle_files\71ed8d4de3ff408726c654510586c5578d6289f9.pkl,0
D:\08_Dataset\Internal\mar2020\pickle_files\f601abc978abf3c862777f4c926411363f31f170.pkl,0
D:\08_Dataset\Internal\mar2020\pickle_files\336a042fd96e90489ff2d3982f0730bc02db6e65.pkl,0
D:\08_Dataset\Internal\mar2020\pickle_files\5ffb6da12399cec4d7266dbbfd0144721e912d77.pkl,0
D:\08_Dataset\Internal\mar2020\pickle_files\cfeba46244478b0f4f5f8c9f3b37fdad0ceefd64.pkl,0
D:\08_Dataset\Internal\mar2020\pickle_files\381c20dfa5fc1eded47ec2dabb3fb970dbab0bb3.pkl,0
D:\08_Dataset\Internal\mar2020\pickle_files\a10941d324e3f41e6ba67786eb278aea8c470b78.pkl,0
D:\08_Dataset\Internal\mar2020\pickle_files\86294f2c9af4b57ef05fef38af459eaa8ab0c843.pkl,0
D:\08_Dataset\Internal\mar2020\pickle_files\5fa3bb4258b95635ebdea23719e1a8e6fdeebaf6.pkl,0
D:\08_Dataset\Internal\mar2020\pickle_files\4c98f90ea4f46cb988bb4c610eae8833a01e56ff.pkl,0
D:\08_Dataset\Internal\mar2020\pickle_files\6a5730e90c97d2397e5dd8716c66753b89dde1d6.pkl,0
D:\08_Dataset\Internal\mar2020\pickle_files\eeb4b9f9c20e5b11863f76d6e1695c6b072b30e7.pkl,0
D:\08_Dataset\Internal\mar2020\pickle_files\ca869fb5fe16ae8a84846c7592563600e50d8527.pkl,0
D:\08_Dataset\Internal\mar2020\pickle_files\4356d94ed6ca14570edab0b31edbff58c023c7b1.pkl,0
D:\08_Dataset\Internal\mar2020\pickle_files\47d5e758b8c19af83998a17e7dec9abc31d157d5.pkl,0
D:\08_Dataset\Internal\mar2020\pickle_files\d4760959d4bde243d15378951fdac8f46b5d5f7c.pkl,0
D:\08_Dataset\Internal\mar2020\pickle_files\17f97ad69f4fa6455becfe1230268e75b2455b0f.pkl,0
D:\08_Dataset\Internal\mar2020\pickle_files\5e5ad8b8e544fd2ee28e4aa0d99458d9a8abe6df.pkl,0
D:\08_Dataset\Internal\mar2020\pickle_files\63cf91c5303112aae293a5e7c6bf2eb03fcc1169.pkl,0
D:\08_Dataset\Internal\mar2020\pickle_files\d248c81b8a3ae13968ec66a795a0e1f9a35556c3.pkl,0
D:\08_Dataset\Internal\mar2020\pickle_files\7aa6f87b5f1340a6efab4d6f9c82ef2612403684.pkl,0
D:\08_Dataset\Internal\mar2020\pickle_files\5751fb1d4a8a6eae33b996bfa3586c0af07e007f.pkl,0
D:\08_Dataset\Internal\mar2020\pickle_files\732793dc639741f1fff43f9c47a5b4ea03bdb7fa.pkl,0
D:\08_Dataset\Internal\mar2020\pickle_files\daba0286dba2ebc9d67dcb4d7295b285f9e1d5fe.pkl,0
D:\08_Dataset\Internal\mar2020\pickle_files\b591766bb9ee9e8f70555f3ec9291fe5be8c1133.pkl,0
D:\08_Dataset\Internal\mar2020\pickle_files\57a2cc41ef6d2bf7182158b2bd805cddcd06c978.pkl,0
D:\08_Dataset\Internal\mar2020\pickle_files\64315489d7d83b4fcbc267089c0dca85f1cec0e0.pkl,0
D:\08_Dataset\Internal\mar2020\pickle_files\a19a60250684efa2ee2af6ae388494b178e1a8f4.pkl,0
D:\08_Dataset\Internal\mar2020\pickle_files\5c04a85d4f852186f84a300b9c09af43a2484d56.pkl,0
D:\08_Dataset\Internal\mar2020\pickle_files\216adb6877d6eb8c2cda88cb9e1a8411c0c1d941.pkl,0
D:\08_Dataset\Internal\mar2020\pickle_files\c43cf09b74aae4ea73ad6fdbc5541aae787f1463.pkl,0
D:\08_Dataset\Internal\mar2020\pickle_files\a63bcd36060b73411c65d98caaba986d134da811.pkl,0
D:\08_Dataset\Internal\mar2020\pickle_files\24abe46c83952479cac09d5bfcffc6edded8fdb6.pkl,0
D:\08_Dataset\Internal\mar2020\pickle_files\abf402f76c457f24cdea2c92997d604f020f80ad.pkl,0
D:\08_Dataset\Internal\mar2020\pickle_files\fba5223b50e88bdbf05aa61c9c849d47df4c769f.pkl,0
D:\08_Dataset\Internal\mar2020\pickle_files\1e24dc65c41e3e29d28ae079fc307d64bfb44473.pkl,0
D:\08_Dataset\Internal\mar2020\pickle_files\f55762087e5e35e220230d926f675560b649c2b6.pkl,0
D:\08_Dataset\Internal\mar2020\pickle_files\21fca4af7e594084d8811828afdbcc917ad4c44e.pkl,0
D:\08_Dataset\Internal\mar2020\pickle_files\754b9a9bf9708a893c4e2b0437e5387a23a66791.pkl,0
D:\08_Dataset\Internal\mar2020\pickle_files\9f823230b8091ff048d1ee642b1f81b18856534f.pkl,0
D:\08_Dataset\Internal\mar2020\pickle_files\782038cbed6e46a1cc6aa81a6a9ddc9a3bc3d71e.pkl,0
D:\08_Dataset\Internal\mar2020\pickle_files\d139760ef4870e17a8a4353fadc541363664b3f5.pkl,0
D:\08_Dataset\Internal\mar2020\pickle_files\b52c0ba2fa7a9b9bf4392c00dac5fbcaea062681.pkl,0
D:\08_Dataset\Internal\mar2020\pickle_files\bfb119e6e65e4ddad1cf44437633c340897ef977.pkl,0
D:\08_Dataset\Internal\mar2020\pickle_files\3dfcf627541d4faf0dc2b05e4eefde0a77c848c0.pkl,0
D:\08_Dataset\Internal\mar2020\pickle_files\c83210864a357f7e3324833e439f1c592c719b5b.pkl,0
D:\08_Dataset\Internal\mar2020\pickle_files\5e35226dc9dadd9a1524f784ddc7e53696e447c7.pkl,0
D:\08_Dataset\Internal\mar2020\pickle_files\9de97b492c6373f8320378675600844ee656ca58.pkl,0
D:\08_Dataset\Internal\mar2020\pickle_files\8aac7dabb8e70b129373b2e9e22adc2c0bf9baba.pkl,0
D:\08_Dataset\Internal\mar2020\pickle_files\da512e2ceed5efefe3010667073ce62dd6308dcd.pkl,0
D:\08_Dataset\Internal\mar2020\pickle_files\89e6af4cc23ba6cc78c160e855787b2a78851b2d.pkl,0
D:\08_Dataset\Internal\mar2020\pickle_files\3ae2b45cf6f73247a85844132ce6a4adc3d7e053.pkl,0
D:\08_Dataset\Internal\mar2020\pickle_files\a270e0596e7bf1b3dd9c122c0884ef85705959b8.pkl,0
D:\08_Dataset\Internal\mar2020\pickle_files\12a9a3fdfa7d8a6289bc6c943bb28b9121024152.pkl,0
D:\08_Dataset\Internal\mar2020\pickle_files\28f8711252ae3a64d32534d16ab53b33a36788d1.pkl,0
D:\08_Dataset\Internal\mar2020\pickle_files\165f89d88bf9a1cbaeb9d6785dce6bbd75838cf4.pkl,0
D:\08_Dataset\Internal\mar2020\pickle_files\1d35a6935c56b902603daa616400813fc2fd348c.pkl,0
D:\08_Dataset\Internal\mar2020\pickle_files\a98c5dc28fc36961d53a74d4fa63fb7a1f188f20.pkl,0
D:\08_Dataset\Internal\mar2020\pickle_files\5eb7e4718651540c7c6223113bcaca9be3a54dae.pkl,0
D:\08_Dataset\Internal\mar2020\pickle_files\52b714f8d2ac4dbe8facf2020478eb6bfd23abf6.pkl,0
D:\08_Dataset\Internal\mar2020\pickle_files\040ea052fa96ed73a66f6a2ca06768bd22fcbfef.pkl,0
D:\08_Dataset\Internal\mar2020\pickle_files\c0ead07fed0085d014d03d48845b561c89bb801b.pkl,0
D:\08_Dataset\Internal\mar2020\pickle_files\6f2b5e72d07af392b8484fd6e66c337315a4c29b.pkl,0
D:\08_Dataset\Internal\mar2020\pickle_files\ac61b7ebf596749020b09a1b1e24138ea565e432.pkl,0
D:\08_Dataset\Internal\mar2020\pickle_files\f1656281e7584a01eaa38a85d20a52bb62eef929.pkl,0
D:\08_Dataset\Internal\mar2020\pickle_files\df1b7c12940795c22b15a182a03e0c66bb03f84c.pkl,0
D:\08_Dataset\Internal\mar2020\pickle_files\3531e2ee13879f88ea447df14351837e88fda07f.pkl,0
D:\08_Dataset\Internal\mar2020\pickle_files\9ae983d966dc155bb3c5049ba3def0d8209da24b.pkl,0
D:\08_Dataset\Internal\mar2020\pickle_files\c0e22c251e4b6a7cbcb95919ef3fa7f7a3f921ea.pkl,0
D:\08_Dataset\Internal\mar2020\pickle_files\adf9ba17b12fcfc1d7cbcc34fe09b7534117c5df.pkl,0
D:\08_Dataset\Internal\mar2020\pickle_files\10e9ee61c2803061b85d75c45b418c187796779e.pkl,0
D:\08_Dataset\Internal\mar2020\pickle_files\355279ddf5e71f1e8b10da8a4d71d9ba8ca1a82c.pkl,0
D:\08_Dataset\Internal\mar2020\pickle_files\cb6205140592e2ebdbebabb953a368c183b94748.pkl,0
D:\08_Dataset\Internal\mar2020\pickle_files\1b93c4f7ac64d69d26291f6ef991f41eb74e8f6f.pkl,0
D:\08_Dataset\Internal\mar2020\pickle_files\cc8eb6153345a24096959d896da473af86c28f03.pkl,0
D:\08_Dataset\Internal\mar2020\pickle_files\9cff0f894ac32695877d4fea743297fbfe9255e9.pkl,0
D:\08_Dataset\Internal\mar2020\pickle_files\88ab3c5ba88f7e580b58d9118fa0ae1c1ea42857.pkl,0
D:\08_Dataset\Internal\mar2020\pickle_files\67c18d63404efe8abcdc3ff4c1ae91214134f33a.pkl,0
D:\08_Dataset\Internal\mar2020\pickle_files\690170c21e2f15e876cef12da0f872787c24a4e4.pkl,0
D:\08_Dataset\Internal\mar2020\pickle_files\1655ca8463d5718448a19039339f0482a07913c2.pkl,0
D:\08_Dataset\Internal\mar2020\pickle_files\0dd67d1ae345f003a26be7994007e644e3f2c2a8.pkl,0
D:\08_Dataset\Internal\mar2020\pickle_files\57427f951b6a37c34c3fd9b05d9e2867f960d7f9.pkl,0
D:\08_Dataset\Internal\mar2020\pickle_files\d1c880ef816039e9eff8e59bd91fdf1fa56a85cf.pkl,0
D:\08_Dataset\Internal\mar2020\pickle_files\275f1c60e19bdd172250dc282007fc73cfba1720.pkl,0
D:\08_Dataset\Internal\mar2020\pickle_files\9e7ca107020f200a8d61aca329fb38706dcbbc29.pkl,0
D:\08_Dataset\Internal\mar2020\pickle_files\cb232ed0a20b32a05661cfa37038d5249155b68d.pkl,0
D:\08_Dataset\Internal\mar2020\pickle_files\0560b2b19f763c21cb7d5e6e09704404b4e5631b.pkl,0
D:\08_Dataset\Internal\mar2020\pickle_files\ef947a2a0a5beb1194cfab769faa3add7d6955a4.pkl,0
D:\08_Dataset\Internal\mar2020\pickle_files\1a1560a37db337db9049d5506bf846066f87bbf7.pkl,0
D:\08_Dataset\Internal\mar2020\pickle_files\267b3be7cc332e73992ff9a265a0da7b719fadf2.pkl,0
D:\08_Dataset\Internal\mar2020\pickle_files\ee5bd909e5329104d77116f1c978880a53dc8106.pkl,0
D:\08_Dataset\Internal\mar2020\pickle_files\d1ab6b4025c636ee4598b67fa95954a25522b98e.pkl,0
D:\08_Dataset\Internal\mar2020\pickle_files\b1e01e9f5b5219aae9d77b178d0e89199ba7d0e5.pkl,0
D:\08_Dataset\Internal\mar2020\pickle_files\e75dc053a866b8fe581d085f0b20f1c0fc58e15f.pkl,0
D:\08_Dataset\Internal\mar2020\pickle_files\d5cb8c3c2f5f750d63502ed87d11798d3f9ed135.pkl,0
D:\08_Dataset\Internal\mar2020\pickle_files\c4be8bdf3a73f37f246d3ecdcbcde1daff2e3b34.pkl,0
D:\08_Dataset\Internal\mar2020\pickle_files\26d75f70165e0d488948fea1a428e38fc3b3138d.pkl,0
D:\08_Dataset\Internal\mar2020\pickle_files\5eb4ea029305141917415f25170aa531d818376c.pkl,0
D:\08_Dataset\Internal\mar2020\pickle_files\05cf946fc9b3812d08bfc2ea7627a62313a3db52.pkl,0
D:\08_Dataset\Internal\mar2020\pickle_files\a97fb4a8de528bca6728a6eaf1f15bb090472977.pkl,0
D:\08_Dataset\Internal\mar2020\pickle_files\050574c276bb8b1a92796c8e5c1c7cf9a3b77154.pkl,0
D:\08_Dataset\Internal\mar2020\pickle_files\964a6a37a0b87fe8084c31be71d5e3c605327800.pkl,0
D:\08_Dataset\Internal\mar2020\pickle_files\f13a7531a565e9f5c6c5f6a7e8b7f6a6fee2c1db.pkl,0
D:\08_Dataset\Internal\mar2020\pickle_files\1e6fa9f6743f34a56ffc4726a106128c933efb08.pkl,0
D:\08_Dataset\Internal\mar2020\pickle_files\c6f1e0204eba7846450c69d9883cc5961e6a11a1.pkl,0
D:\08_Dataset\Internal\mar2020\pickle_files\727580e9981148a1e0b42fd1984f7903af02db87.pkl,0
D:\08_Dataset\Internal\mar2020\pickle_files\80d82e3a6c1ce9c0fe2c457d2de4fa81b276c512.pkl,0
D:\08_Dataset\Internal\mar2020\pickle_files\16c8dce210e32ccc8a9456fa974140c5a26746ce.pkl,0
D:\08_Dataset\Internal\mar2020\pickle_files\ddc4959090548c870210712a57b375e31e707812.pkl,0
D:\08_Dataset\Internal\mar2020\pickle_files\af71d52f150304fc9d164aeda0b8c31f8ea0a79d.pkl,0
D:\08_Dataset\Internal\mar2020\pickle_files\30c8ae0524d845f2ac18b4bd6daaff94328c41f0.pkl,0
D:\08_Dataset\Internal\mar2020\pickle_files\757cfb681645982bed81ca48637f574ddb18f8f5.pkl,0
D:\08_Dataset\Internal\mar2020\pickle_files\3c2d091d98fdfd2169661d9410ce9c3234994945.pkl,0
D:\08_Dataset\Internal\mar2020\pickle_files\f1a0c16d9c8664086fc2f919e0c0704ec92d0294.pkl,0
D:\08_Dataset\Internal\mar2020\pickle_files\63094a6806c2f3fb17687ade08ac6dc2082dcc3a.pkl,0
D:\08_Dataset\Internal\mar2020\pickle_files\1078ecf87ebe11b6cf35653a2ae9dc7f7261b635.pkl,0
D:\08_Dataset\Internal\mar2020\pickle_files\506105dc93f5d7ea9666894d461f06f14b05ef98.pkl,0
D:\08_Dataset\Internal\mar2020\pickle_files\2f0ebca7603b213ca3b994733275d1479a30363a.pkl,0
D:\08_Dataset\Internal\mar2020\pickle_files\59ee41c71e49f610f24cda762525a02873a68f22.pkl,0
D:\08_Dataset\Internal\mar2020\pickle_files\926f17f3a2dc2cc91ab1d963a3fc635905d2ad04.pkl,0
D:\08_Dataset\Internal\mar2020\pickle_files\b960c47987f2e176c6513f9f703fa35cf8ddd045.pkl,0
D:\08_Dataset\Internal\mar2020\pickle_files\43791aefbb362bf712d32cc8968b497db8726990.pkl,0
D:\08_Dataset\Internal\mar2020\pickle_files\fc675a8b421bc9b03878883b8a0e53cb0e9cbdc6.pkl,0
D:\08_Dataset\Internal\mar2020\pickle_files\5409074a75f6fc8b38321ea29046609da14d7b94.pkl,0
D:\08_Dataset\Internal\mar2020\pickle_files\32a4dd28626b8d92d6c73f79a445b90137eee416.pkl,0
D:\08_Dataset\Internal\mar2020\pickle_files\dc504bc054ecb36a529d265664713deafc82b9d5.pkl,0
D:\08_Dataset\Internal\mar2020\pickle_files\c1ed6c21b1318efaa34f38ea9151666999fa8035.pkl,0
D:\08_Dataset\Internal\mar2020\pickle_files\605b85c8908b29c98bb849e4aed5a3f22d0a5530.pkl,0
D:\08_Dataset\Internal\mar2020\pickle_files\c62cdedeba5d9bdc76169c276bc6aacce6cb25f5.pkl,0
D:\08_Dataset\Internal\mar2020\pickle_files\ad4e61e69915dd94afc9d334b1c98e5fb4ee2aa7.pkl,0
D:\08_Dataset\Internal\mar2020\pickle_files\60f6cea26ec70af4a42b50a5b2e34d12048e7c86.pkl,0
D:\08_Dataset\Internal\mar2020\pickle_files\532434f3a32d8eab3a38eb810b2f06dff8385821.pkl,0
D:\08_Dataset\Internal\mar2020\pickle_files\c0e906102fc50c88eb8ef45f23e67299ff248dd5.pkl,0
D:\08_Dataset\Internal\mar2020\pickle_files\273d795d3c15bfb3d2c1432480208e691de98dd3.pkl,0
D:\08_Dataset\Internal\mar2020\pickle_files\10464cf0b3a93360709693121927a372d4730d62.pkl,0
D:\08_Dataset\Internal\mar2020\pickle_files\40f4f1a9fc10b3a380f939f94c22e2e8969fb2bb.pkl,0
D:\08_Dataset\Internal\mar2020\pickle_files\68d08f541654a58079bf087246d2edbe99fa8c04.pkl,0
D:\08_Dataset\Internal\mar2020\pickle_files\53342581bb82420a97bf89692a4927c5cb5ff9e1.pkl,0
D:\08_Dataset\Internal\mar2020\pickle_files\da73be6bfc8e01076da9cc9968b53c4bf55408da.pkl,0
D:\08_Dataset\Internal\mar2020\pickle_files\f7eb601af0c0787170fa58234a9f46b60c1eda20.pkl,0
D:\08_Dataset\Internal\mar2020\pickle_files\d45e7c89514a495013b16ec1036d51346909de73.pkl,0
D:\08_Dataset\Internal\mar2020\pickle_files\6f0757ec21602a379642342a701bc1e7b0cc697a.pkl,0
D:\08_Dataset\Internal\mar2020\pickle_files\c568d518052c4ba25f462b70d96a663f24a2c9da.pkl,0
D:\08_Dataset\Internal\mar2020\pickle_files\64ad69cbb9dab6d509dd7ad1104ce8f4329c926e.pkl,0
D:\08_Dataset\Internal\mar2020\pickle_files\6931e09aa157aece51b735aab7d029c93584c4e1.pkl,0
D:\08_Dataset\Internal\mar2020\pickle_files\4c14172d2b0288457ef5c75594910759cdf43581.pkl,0
D:\08_Dataset\Internal\mar2020\pickle_files\a70ebcb30e12bc5b2e8f604f3bd176096d0579de.pkl,0
D:\08_Dataset\Internal\mar2020\pickle_files\ab851c2795d00782f4cbe811c3eeec64ce3e2565.pkl,0
D:\08_Dataset\Internal\mar2020\pickle_files\7ed71beb18d8f0b1f777145e6fbea3a970732bdc.pkl,0
D:\08_Dataset\Internal\mar2020\pickle_files\60a32bd32fee235b876eb39a34fd2b052e4d3219.pkl,0
D:\08_Dataset\Internal\mar2020\pickle_files\d3d371b9e2a7e53397eb3124eccf3532e059a345.pkl,0
D:\08_Dataset\Internal\mar2020\pickle_files\cd0b6774276a3f82a2adcf7ff8a24cac4a8538e7.pkl,0
D:\08_Dataset\Internal\mar2020\pickle_files\19f8967c93bc179258ddee2cd374b35bf4728e2f.pkl,0
D:\08_Dataset\Internal\mar2020\pickle_files\316d30ed5893ce6840f1c0481f805d57ac1c147a.pkl,0
D:\08_Dataset\Internal\mar2020\pickle_files\f6f2d9f77bccceebbbe7fbfac81d9064060614e2.pkl,0
D:\08_Dataset\Internal\mar2020\pickle_files\b281e9d41e889f4d21ee75ebcee82b111fd126f5.pkl,0
D:\08_Dataset\Internal\mar2020\pickle_files\73f829ce95126147dcaa54c8afd5a743cd33f77c.pkl,0
D:\08_Dataset\Internal\mar2020\pickle_files\bd31d8bad119b9da702889b44854b054f15e2f47.pkl,0
D:\08_Dataset\Internal\mar2020\pickle_files\1b081e3e0bd61ae3bc3637d275fc30bfe9637ba7.pkl,0
D:\08_Dataset\Internal\mar2020\pickle_files\97f6e4e341f247ef7dff8bee50359a96a1816e80.pkl,0
D:\08_Dataset\Internal\mar2020\pickle_files\77702891a6962a019518fd82854992688891b888.pkl,0
D:\08_Dataset\Internal\mar2020\pickle_files\cecfe3fd7d99487e5a6b48ec1c16bef23d3d95ab.pkl,0
D:\08_Dataset\Internal\mar2020\pickle_files\f913e7bce69e55f372c24345611f3792e6d3d59c.pkl,0
D:\08_Dataset\Internal\mar2020\pickle_files\6207b7788ffee438798863419636baa6fa8940c9.pkl,0
D:\08_Dataset\Internal\mar2020\pickle_files\c795bb5e3d0612e548f9941a8cc49caccee5a875.pkl,0
D:\08_Dataset\Internal\mar2020\pickle_files\e2576f15bda2d19a2a288ed0876bd08f6f06b71c.pkl,0
D:\08_Dataset\Internal\mar2020\pickle_files\e5f0350e01b31d1344dd875d7e53af942c03af22.pkl,0
D:\08_Dataset\Internal\mar2020\pickle_files\9eb526b5b856287a3de5bfc18dcf438d56a69246.pkl,0
D:\08_Dataset\Internal\mar2020\pickle_files\8a8349db59a7f17e28a9553f1c04b0e015aa1b0b.pkl,0
D:\08_Dataset\Internal\mar2020\pickle_files\98d2514c49e0508ec658290711b9c038740c3c56.pkl,0
D:\08_Dataset\Internal\mar2020\pickle_files\fd706035b1de5e363ab1d7779f5b99d9800e7057.pkl,0
D:\08_Dataset\Internal\mar2020\pickle_files\8551196f5129250985e149cfbd703f2ea8212d19.pkl,0
D:\08_Dataset\Internal\mar2020\pickle_files\21190928955094c44ad996f26c801b46437809cc.pkl,0
D:\08_Dataset\Internal\mar2020\pickle_files\8e10ddadda15230a713a953aa04aaa3ee771ed97.pkl,0
D:\08_Dataset\Internal\mar2020\pickle_files\7070cd305908c158cb7c857601f790824859dc53.pkl,0
D:\08_Dataset\Internal\mar2020\pickle_files\e24df57aae3c07cbf3d18805cb747ea5809fbb1d.pkl,0
D:\08_Dataset\Internal\mar2020\pickle_files\fb2660450beb399009bd9ca5563a4c63a8050fc9.pkl,0
D:\08_Dataset\Internal\mar2020\pickle_files\8dc9c022f92c3f87ee4fa4e5ef8f8b41b1ea46e0.pkl,0
D:\08_Dataset\Internal\mar2020\pickle_files\238aec8212379106d24c5e3fa19d3394fd4d7fa5.pkl,0
D:\08_Dataset\Internal\mar2020\pickle_files\d85eb6dcc4575cefc323880981a1466bf18de6f3.pkl,0
D:\08_Dataset\Internal\mar2020\pickle_files\32eb435295c7b31d7743170a7afd62cc7b7ce935.pkl,0
D:\08_Dataset\Internal\mar2020\pickle_files\54b41395c00cce456f22d637edbc375f133bc548.pkl,0
D:\08_Dataset\Internal\mar2020\pickle_files\910af75171701575db61cc74bc271967ff14525e.pkl,0
D:\08_Dataset\Internal\mar2020\pickle_files\d857626d2dfc18b71f0d08231978cc4c9c382a58.pkl,0
D:\08_Dataset\Internal\mar2020\pickle_files\35f90cb5e2c5a06e0ee38e912fd15512c016f222.pkl,0
D:\08_Dataset\Internal\mar2020\pickle_files\dd9ff36ca0638eca7424aa93dae48e0ec3504214.pkl,0
D:\08_Dataset\Internal\mar2020\pickle_files\e9985d8aaef69b656d3537d5e590cd6fdb63b3ac.pkl,0
D:\08_Dataset\Internal\mar2020\pickle_files\5086a4420909d87b0c7424e35affca2f2931a7de.pkl,0
D:\08_Dataset\Internal\mar2020\pickle_files\76e50562b023f7971c13e9ab870e17edcd80760d.pkl,0
D:\08_Dataset\Internal\mar2020\pickle_files\3da8c9779707899dcb2ef4500d624f688d7c61ad.pkl,0
D:\08_Dataset\Internal\mar2020\pickle_files\9983fb1cd2ef27a82872ffb6317f12603a9f835c.pkl,0
D:\08_Dataset\Internal\mar2020\pickle_files\2d9d7a4a11f1f42c33ad5320144af0271e54a101.pkl,0
D:\08_Dataset\Internal\mar2020\pickle_files\8a3bf1c99807e3d7f4e7c0ee0d847c6501130711.pkl,0
D:\08_Dataset\Internal\mar2020\pickle_files\cd8a852292f062c23c579228a62316794847d9d2.pkl,0
D:\08_Dataset\Internal\mar2020\pickle_files\2c8d24b8f88d5c286f57f7dc8509cfaab781f404.pkl,0
D:\08_Dataset\Internal\mar2020\pickle_files\b491e8b57272c5b36ba744fb5f7290ca5980551c.pkl,0
D:\08_Dataset\Internal\mar2020\pickle_files\84c1de94e002de58009973f5dd16241d286201a5.pkl,0
D:\08_Dataset\Internal\mar2020\pickle_files\a9bf7108f65455e59d9d0b7e1fbeae7d9ef79121.pkl,0
D:\08_Dataset\Internal\mar2020\pickle_files\b75afa3cee8fbf48d3fe448d7ee9448513128768.pkl,0
D:\08_Dataset\Internal\mar2020\pickle_files\1b0d3e5665566f43b1626ec5bd3b511a37e181b6.pkl,0
D:\08_Dataset\Internal\mar2020\pickle_files\24c7493bcf5ffbd75f60d6f8407423563c585e15.pkl,0
D:\08_Dataset\Internal\mar2020\pickle_files\66ee1d21f1ea05fa41a3b7aa3539ee70c8b5711b.pkl,0
D:\08_Dataset\Internal\mar2020\pickle_files\77ed8b89210930d1de2495ba363519b696d0b6e2.pkl,0
D:\08_Dataset\Internal\mar2020\pickle_files\be1ab5f74a91c30afe8c86fe7b8cdd1801154745.pkl,0
D:\08_Dataset\Internal\mar2020\pickle_files\6418f8abb4ee945e2b2bb187fb46be843ccf13a5.pkl,0
D:\08_Dataset\Internal\mar2020\pickle_files\c8e714f4c9fc82c8866d564ac241d6cfefa3e4da.pkl,0
D:\08_Dataset\Internal\mar2020\pickle_files\21898dcf1ae7af085374450bbcb189602dd60ddc.pkl,0
D:\08_Dataset\Internal\mar2020\pickle_files\606d35c9b4529217f87c88f23d20d51b1198611e.pkl,0
D:\08_Dataset\Internal\mar2020\pickle_files\85f48d67a10696de3e9025f5fffe85781bbe7f6f.pkl,0
D:\08_Dataset\Internal\mar2020\pickle_files\cfe7833496cc6243bf33aa4251dd1e9351f3208f.pkl,0
D:\08_Dataset\Internal\mar2020\pickle_files\55461771f7b04fdb107a1f388e2552098cb224ba.pkl,0
D:\08_Dataset\Internal\mar2020\pickle_files\7f0704b45f230cbbb6e35c10b3f70837eabec057.pkl,0
D:\08_Dataset\Internal\mar2020\pickle_files\7c87ae03d9b46c19d875619f9ff820366eccff50.pkl,0
D:\08_Dataset\Internal\mar2020\pickle_files\3a698241d8ea1cb5aa85a512bacf333e96bd6cf5.pkl,0
D:\08_Dataset\Internal\mar2020\pickle_files\c4abb115093e46b69c67ba511576661877b87455.pkl,0
D:\08_Dataset\Internal\mar2020\pickle_files\3b3ce2dae25b1e83cfc5f9299c45a0da2e38e968.pkl,0
D:\08_Dataset\Internal\mar2020\pickle_files\1be7c5bb25423aa3c88cef7ba51aa656d81c9ede.pkl,0
D:\08_Dataset\Internal\mar2020\pickle_files\eda0e444f14beb9619f21b440ae067e75499fbb5.pkl,0
D:\08_Dataset\Internal\mar2020\pickle_files\d74331d4d48c63404f6e3b283142e1833b3c0966.pkl,0
D:\08_Dataset\Internal\mar2020\pickle_files\375e8079dc1e7151302da8fb0d5687545309a7d7.pkl,0
D:\08_Dataset\Internal\mar2020\pickle_files\67da98e073cf878bf2e0f5fea15c116e81e31000.pkl,0
D:\08_Dataset\Internal\mar2020\pickle_files\86834716ce0c3fb17e82a7b1959e0f858bee86c4.pkl,0
D:\08_Dataset\Internal\mar2020\pickle_files\7b9d8479214a6d7ed1935528b92ce835e7cfa2ca.pkl,0
D:\08_Dataset\Internal\mar2020\pickle_files\32e1cf3ffe05bd42fafd05140fcc94feb01b9790.pkl,0
D:\08_Dataset\Internal\mar2020\pickle_files\0834c08e56acc74d046e3e10adcdf2603012e51e.pkl,0
D:\08_Dataset\Internal\mar2020\pickle_files\da2a40870f3658ff37c10c863ce194dbb80357df.pkl,0
D:\08_Dataset\Internal\mar2020\pickle_files\7d4f9bf134a5655b640c8df73f106ff8b52cdd72.pkl,0
D:\08_Dataset\Internal\mar2020\pickle_files\77725035e14548f5ce9afd615026fd82b9b33ba0.pkl,0
D:\08_Dataset\Internal\mar2020\pickle_files\f99af0831cc9f7f1540ff6ccef0532ce9a20254a.pkl,0
D:\08_Dataset\Internal\mar2020\pickle_files\f12148107460625f4f1900c25bf411f320d1b41a.pkl,0
D:\08_Dataset\Internal\mar2020\pickle_files\503e0d33edb20ef75dff56e28a2ac68404886d7c.pkl,0
D:\08_Dataset\Internal\mar2020\pickle_files\75fc138fe9e85bd4c3eda73b26b624ece2223ffe.pkl,0
D:\08_Dataset\Internal\mar2020\pickle_files\27ab31d37e5b90e911ef4e00d4a4369020d81b7d.pkl,0
D:\08_Dataset\Internal\mar2020\pickle_files\c1b658a2fa3840751005b9768be9c88bce8e0ffe.pkl,0
D:\08_Dataset\Internal\mar2020\pickle_files\4e3e00d99d87059c4c9b5becdfc02cef1ced0d6d.pkl,0
D:\08_Dataset\Internal\mar2020\pickle_files\477f4bb25d67f8dd697523133b2a04c6fada493b.pkl,0
D:\08_Dataset\Internal\mar2020\pickle_files\3831dc76733afb17e63ec8825ca028dfaea495dd.pkl,0
D:\08_Dataset\Internal\mar2020\pickle_files\968adb28fa180b81ef9c6f9b9e58939a92595167.pkl,0
D:\08_Dataset\Internal\mar2020\pickle_files\7953368fddb91b78a44144295e2615f6e67c262c.pkl,0
D:\08_Dataset\Internal\mar2020\pickle_files\493a719bd52c761ae264b611aabccdd5e124dec3.pkl,0
D:\08_Dataset\Internal\mar2020\pickle_files\ba9fd572c794b8001de0d2fd8e02f50a0ea3f95d.pkl,0
D:\08_Dataset\Internal\mar2020\pickle_files\c68b568424cca6d02aac3bfaee9c5effb323314f.pkl,0
D:\08_Dataset\Internal\mar2020\pickle_files\c616b1467fc53c360d7902229ebe8e1d1fafb632.pkl,0
D:\08_Dataset\Internal\mar2020\pickle_files\923a8ac08d40406745ed3b26ae10d957e4f1187a.pkl,0
D:\08_Dataset\Internal\mar2020\pickle_files\70fde8f0daed9ef9cf74d44dcdde78d9d43f76ef.pkl,0
D:\08_Dataset\Internal\mar2020\pickle_files\1d204b6d3c58f76fff3b8289bb57e761bc2af669.pkl,0
D:\08_Dataset\Internal\mar2020\pickle_files\87b498f65a1a4077bc80261e2b306c661cf812b2.pkl,0
D:\08_Dataset\Internal\mar2020\pickle_files\bd8c2a43c664ee6f8eba44243160c823df39fc79.pkl,0
D:\08_Dataset\Internal\mar2020\pickle_files\c27026cb784ddc273c250ed5d2b481a2111c2b79.pkl,0
D:\08_Dataset\Internal\mar2020\pickle_files\319b00e6c27b69b1de8934137d19abcce1862b2b.pkl,0
D:\08_Dataset\Internal\mar2020\pickle_files\27877238f52f5824cd654e97d08aa119b97adb5e.pkl,0
D:\08_Dataset\Internal\mar2020\pickle_files\c7a413451810a6006de84c219918004de785efe0.pkl,0
D:\08_Dataset\Internal\mar2020\pickle_files\1972fe8b59de65f7a15dee70759aa3711825af96.pkl,0
D:\08_Dataset\Internal\mar2020\pickle_files\3e4494bc1ea9dd565fa648c6b4f083317f1ca012.pkl,0
D:\08_Dataset\Internal\mar2020\pickle_files\f8bdb38871579275c4e182c804696d498b335e9a.pkl,0
D:\08_Dataset\Internal\mar2020\pickle_files\6d72049dbfe2c6d5f5e66ffc6ce52603d5003ab4.pkl,0
D:\08_Dataset\Internal\mar2020\pickle_files\0d79ba6add0bb927b79073cd6c63e3a736b3d2b0.pkl,0
D:\08_Dataset\Internal\mar2020\pickle_files\9533c9843eb506bff913caa6d1b994bf22b5683b.pkl,0
D:\08_Dataset\Internal\mar2020\pickle_files\d298711d7bf42857de63cf7d8cac86bbd7b7e1fa.pkl,0
D:\08_Dataset\Internal\mar2020\pickle_files\8c627d126b83eb0330dbeec1dad9ba380300aaa7.pkl,0
D:\08_Dataset\Internal\mar2020\pickle_files\a639e613c0ae9898e6ee5a7a46badcd4a18b44a6.pkl,0
D:\08_Dataset\Internal\mar2020\pickle_files\3f6256ed543c6474a8fa89d96911abde05a0faff.pkl,0
D:\08_Dataset\Internal\mar2020\pickle_files\c76be0ec7c60efcbbbea1b943966aac9990a753b.pkl,0
D:\08_Dataset\Internal\mar2020\pickle_files\5aadec721be5543290e57977f04ecdcfee96cfb7.pkl,0
D:\08_Dataset\Internal\mar2020\pickle_files\3a092a7690c3c57d5ecf47e4547fcc6a672a81fa.pkl,0
D:\08_Dataset\Internal\mar2020\pickle_files\0c276aa7bb7cb8f1cf05b29ac2322dd4cca615ef.pkl,1
D:\08_Dataset\Internal\mar2020\pickle_files\0edf77d9ae527849e2385b3291b560d8b49a023c.pkl,1
D:\08_Dataset\Internal\mar2020\pickle_files\49f54934e56fd04e7b798e75126e4c9e9b91f8ce.pkl,1
D:\08_Dataset\Internal\mar2020\pickle_files\1eb5b0578cb3f83c5fab6bfb9c9242c9e80c7952.pkl,1
D:\08_Dataset\Internal\mar2020\pickle_files\03f3a3a76a4560efe74f7e8ee8ee1ec16c743a42.pkl,1
D:\08_Dataset\Internal\mar2020\pickle_files\882ff6f3e0b3291eebde47b0fbfa4a3cf130ea7e.pkl,1
D:\08_Dataset\Internal\mar2020\pickle_files\0424593fffcd911570bda3b8cbe4f86eda3dc4f0.pkl,1
D:\08_Dataset\Internal\mar2020\pickle_files\881b3935908f42a5ab216b14ad0cd65b46a05110.pkl,1
D:\08_Dataset\Internal\mar2020\pickle_files\be1cc61a99d3b19313573af30b10dc51fc7dcaff.pkl,1
D:\08_Dataset\Internal\mar2020\pickle_files\4ab3f564a9dc5f360c57adbcdc3107acf6497613.pkl,1
D:\08_Dataset\Internal\mar2020\pickle_files\0fcac581cd9a84467bb45262abc0522d35becd22.pkl,1
D:\08_Dataset\Internal\mar2020\pickle_files\aeb576179a89ea7484dd6052c1202ff849e3cb45.pkl,1
D:\08_Dataset\Internal\mar2020\pickle_files\82bba8248c0ad5601a0d33da64730cd0db710164.pkl,1
D:\08_Dataset\Internal\mar2020\pickle_files\939298040f42c28a761f24423149b9c8f5d93c80.pkl,1
D:\08_Dataset\Internal\mar2020\pickle_files\4f7e62a33a86ae27a36a3f2ea4d62483e874fc5e.pkl,1
D:\08_Dataset\Internal\mar2020\pickle_files\e8a2c136d3ab49c09fe3a195a14958e415780ef3.pkl,1
D:\08_Dataset\Internal\mar2020\pickle_files\682f6d9b690c1fb518e310f9539827ad3203dc28.pkl,1
D:\08_Dataset\Internal\mar2020\pickle_files\8b42a70cbb710507ae0bfab6d5828a51495a7ca2.pkl,1
D:\08_Dataset\Internal\mar2020\pickle_files\fc3d08f65fe415fc0e909663892c56f65831e5b2.pkl,1
D:\08_Dataset\Internal\mar2020\pickle_files\a2f309a9e2c8623144d3afe7f5e6518e7bfd09c0.pkl,1
D:\08_Dataset\Internal\mar2020\pickle_files\02fcb04b99b17a612476a1344d5948ecafab1399.pkl,1
D:\08_Dataset\Internal\mar2020\pickle_files\3699f27482390adf6a5d24a5cb6e330d3ecf0295.pkl,1
D:\08_Dataset\Internal\mar2020\pickle_files\9656abfa03cf024a11253f4613a15aef4482805d.pkl,1
D:\08_Dataset\Internal\mar2020\pickle_files\926fa2f4e0752ad068e20eeb06a439f255e1bc31.pkl,1
D:\08_Dataset\Internal\mar2020\pickle_files\c988cb0270809ee11204a26513817f7548607b2b.pkl,1
D:\08_Dataset\Internal\mar2020\pickle_files\ad6776aad92937f65d189dc2b92dffe4d98eab7c.pkl,1
D:\08_Dataset\Internal\mar2020\pickle_files\22ffff55f79bde5f542bd1301c60f9adebfdc05f.pkl,1
D:\08_Dataset\Internal\mar2020\pickle_files\d4df4e209379b2255b98b0572766410e00a4e69e.pkl,1
D:\08_Dataset\Internal\mar2020\pickle_files\97baa131dd9d00d58e38f5e50f6c83effdff9a21.pkl,1
D:\08_Dataset\Internal\mar2020\pickle_files\f52d46aff72c624edc91286c120f213c4fc3fc61.pkl,1
D:\08_Dataset\Internal\mar2020\pickle_files\759c6f70ce9467c8d24eb23f52c3315cbec606c5.pkl,1
D:\08_Dataset\Internal\mar2020\pickle_files\921cb40258dd4326af19ad5898940852726e86f3.pkl,1
D:\08_Dataset\Internal\mar2020\pickle_files\7a0d6db85566d686f7a2143a8987f33c9ce8e69d.pkl,1
D:\08_Dataset\Internal\mar2020\pickle_files\01c80b37583cf3d895dad39ce24f29317ec7c4cd.pkl,1
D:\08_Dataset\Internal\mar2020\pickle_files\0dd9e300544c9fb718d78f0135ff6c71d290d040.pkl,1
D:\08_Dataset\Internal\mar2020\pickle_files\ad782013b4ad5fda761c9e4be989bdcafb78e0dc.pkl,1
D:\08_Dataset\Internal\mar2020\pickle_files\647e9936c872cf83b1b8f9142e47747ec5688e5f.pkl,1
D:\08_Dataset\Internal\mar2020\pickle_files\b1aae1838afd9ab3e727265d1442e0be9b67084d.pkl,1
D:\08_Dataset\Internal\mar2020\pickle_files\f700322a3c7419cd5be4b071f15f10e0eee307dc.pkl,1
D:\08_Dataset\Internal\mar2020\pickle_files\cb71eef5b2c9aa755c0cf5f1ea9bd04978b58888.pkl,1
D:\08_Dataset\Internal\mar2020\pickle_files\55163c9c84ce709bc85cbd78f399ff0e33be3d54.pkl,1
D:\08_Dataset\Internal\mar2020\pickle_files\38e7181d5497b40859bbe0b7f75278fafb03d863.pkl,1
D:\08_Dataset\Internal\mar2020\pickle_files\4f84baf7e6f42b573dff8797535dd789dc09d488.pkl,1
D:\08_Dataset\Internal\mar2020\pickle_files\6e41425df4a6f7b82b5de28a631a926569741882.pkl,1
D:\08_Dataset\Internal\mar2020\pickle_files\aada53c5cc33ae563176c2eff360e7a25d2cee40.pkl,1
D:\08_Dataset\Internal\mar2020\pickle_files\e5681f46f99ea6e3752c77034c7969e516433a80.pkl,1
D:\08_Dataset\Internal\mar2020\pickle_files\8099196151a0b118800bb06788f83d6641d9fa68.pkl,1
D:\08_Dataset\Internal\mar2020\pickle_files\1f55092470447c87e55019c65b5bfaaa6609a3b6.pkl,1
D:\08_Dataset\Internal\mar2020\pickle_files\a601c4341e4969197eead64bd5638a8f3bf5add2.pkl,1
D:\08_Dataset\Internal\mar2020\pickle_files\80936d5054bbca5205ed9e66420fa5db155cc794.pkl,1
D:\08_Dataset\Internal\mar2020\pickle_files\30ef8c8442f0b2c08b582324062d72b4b20cb3a4.pkl,1
D:\08_Dataset\Internal\mar2020\pickle_files\9e7ab33860784d995adbf98b50714f9991f2411f.pkl,1
D:\08_Dataset\Internal\mar2020\pickle_files\63fe46dc8901aa75e8d82ef25e705e3e0e2caacf.pkl,1
D:\08_Dataset\Internal\mar2020\pickle_files\c3f9e929d7e26874fec7997d2e208a4df1555607.pkl,1
D:\08_Dataset\Internal\mar2020\pickle_files\f30130f3b9c6fe8216b068d4a93fb04c88eed325.pkl,1
D:\08_Dataset\Internal\mar2020\pickle_files\4fe0faafa92f0826bfd81f1a843077f9326c6a46.pkl,1
D:\08_Dataset\Internal\mar2020\pickle_files\fff403a215b0f8e93b99807df49ba18b61821a1a.pkl,1
D:\08_Dataset\Internal\mar2020\pickle_files\7576aa02b6243fc04aa4dc212c2558f710c37be1.pkl,1
D:\08_Dataset\Internal\mar2020\pickle_files\39b1f92d0ba7feb32340dd4280c86b12f5adc178.pkl,1
D:\08_Dataset\Internal\mar2020\pickle_files\f9e848d0564ce03b2fae67742c020f410a3a0507.pkl,1
D:\08_Dataset\Internal\mar2020\pickle_files\445bb81c4ff13f2900b7d14cb7914921e38ac0be.pkl,1
D:\08_Dataset\Internal\mar2020\pickle_files\c71238c6bcd1c532e0e782f764ab4ce3255f69dd.pkl,1
D:\08_Dataset\Internal\mar2020\pickle_files\13d205bbf0373fdde76a041242d74421f6d1f398.pkl,1
D:\08_Dataset\Internal\mar2020\pickle_files\65ddba4a3ffbb84875573e7442560fcfcd42c947.pkl,1
D:\08_Dataset\Internal\mar2020\pickle_files\8925e787122090d6ec686b7439d2c19bf8becf03.pkl,1
D:\08_Dataset\Internal\mar2020\pickle_files\267df2feff93ec8f8909b5b25c190822a6813bed.pkl,1
D:\08_Dataset\Internal\mar2020\pickle_files\dc0b1498a748de934066357cb703d380b2d724c2.pkl,1
D:\08_Dataset\Internal\mar2020\pickle_files\81ad39724c0db045a4c6d4efc6c726b53b6018f0.pkl,1
D:\08_Dataset\Internal\mar2020\pickle_files\e06dced5759100df2b3fda53ac4a06755a39c812.pkl,1
D:\08_Dataset\Internal\mar2020\pickle_files\d3494db9b87de970150a7d015629ca5151c57ae5.pkl,1
D:\08_Dataset\Internal\mar2020\pickle_files\6dad95959e98d7b2a83b5526052dbb74b8f8881a.pkl,1
D:\08_Dataset\Internal\mar2020\pickle_files\af8d8e6ee3c9c45f6dec9dde67c9a5efdca5532e.pkl,1
D:\08_Dataset\Internal\mar2020\pickle_files\7a6e38b270eba171458e75ce73e9b84e7d488811.pkl,1
D:\08_Dataset\Internal\mar2020\pickle_files\6611aeffff89e090b8a4976d0c44aa566c0be4f6.pkl,1
D:\08_Dataset\Internal\mar2020\pickle_files\828c798aa5fc9a17d0f432421046000db9fbebf4.pkl,1
D:\08_Dataset\Internal\mar2020\pickle_files\99aad4e7c3787c183c7d7c73f8f9d4659fc56626.pkl,1
D:\08_Dataset\Internal\mar2020\pickle_files\c12279e443c93b4af5d0b3f57e8e78622051f5f8.pkl,1
D:\08_Dataset\Internal\mar2020\pickle_files\53769d419359ffe1b6393053868ebd1d2c30a96a.pkl,1
D:\08_Dataset\Internal\mar2020\pickle_files\9563c9a1ae2e70f6f4740a186bae97f115586659.pkl,1
D:\08_Dataset\Internal\mar2020\pickle_files\fd0def57d44cd66b3d633eb304e9f9cd17fbdd94.pkl,1
D:\08_Dataset\Internal\mar2020\pickle_files\5770e76dc281c41b4089aff9bc095a74582b4b05.pkl,1
D:\08_Dataset\Internal\mar2020\pickle_files\fa41da16b2a530f57ac177431992c566e7facaf7.pkl,1
D:\08_Dataset\Internal\mar2020\pickle_files\be27091225f1871f1ecd3b48fafe6ec2d2b47aec.pkl,1
D:\08_Dataset\Internal\mar2020\pickle_files\039fc7ac1184aa594762fb23b2fe7b8371f837f4.pkl,1
D:\08_Dataset\Internal\mar2020\pickle_files\4a6059b5932b44f367a52a191a5ad00213d4faac.pkl,1
D:\08_Dataset\Internal\mar2020\pickle_files\6765b5cb7416344afc581922669e880d98dd427f.pkl,1
D:\08_Dataset\Internal\mar2020\pickle_files\653a0e48ee886df85fd37d8ba8aec355e17b11a5.pkl,1
D:\08_Dataset\Internal\mar2020\pickle_files\de8061b33df6004b97464229d6b37abe734bff92.pkl,1
D:\08_Dataset\Internal\mar2020\pickle_files\d8e2d313006bdc16d5ac4bfb44d809eeeae388be.pkl,1
D:\08_Dataset\Internal\mar2020\pickle_files\24d1edff47ecaf4744c73057c20c3ec2f634948d.pkl,1
D:\08_Dataset\Internal\mar2020\pickle_files\86d8cd34f9807a2e9bf900f9368f91b34332a4ca.pkl,1
D:\08_Dataset\Internal\mar2020\pickle_files\d1c5fed1af35d59dd432cbe2e3ba432197017c4d.pkl,1
D:\08_Dataset\Internal\mar2020\pickle_files\59ffb96c8cf0193ae8a6b9835defa5e31f38c1a2.pkl,1
D:\08_Dataset\Internal\mar2020\pickle_files\c17cd389721c469dc94c7d1b76747b38a1ed8920.pkl,1
D:\08_Dataset\Internal\mar2020\pickle_files\9df244249492f9bb45daec5fbf655bc79b6cbec5.pkl,1
D:\08_Dataset\Internal\mar2020\pickle_files\1940882c1e9851b36a4b35329e155bf2b9cf9482.pkl,1
D:\08_Dataset\Internal\mar2020\pickle_files\499c7ee36a0bd70d65fecaf0865e53665d0b169e.pkl,1
D:\08_Dataset\Internal\mar2020\pickle_files\68db81ce3db6ded93040a9d1d5e7944b745d6a78.pkl,1
D:\08_Dataset\Internal\mar2020\pickle_files\f57a17c6bc33e9432fed715a1bd62075bd2401a6.pkl,1
D:\08_Dataset\Internal\mar2020\pickle_files\1e0ca852716102bea525a59faedae1be35c6036b.pkl,1
D:\08_Dataset\Internal\mar2020\pickle_files\f5ca7226b06d047a6d1bb03175acb569f117d4bf.pkl,1
D:\08_Dataset\Internal\mar2020\pickle_files\ab702bca7419444fd4692a9be4c1f361fe705a97.pkl,1
D:\08_Dataset\Internal\mar2020\pickle_files\1e8dbdf8cd9d660d232a3c94d467a346ea2aa8d3.pkl,1
D:\08_Dataset\Internal\mar2020\pickle_files\ea31333dc129b28e92ab41c20a9a2e12dfafc21d.pkl,1
D:\08_Dataset\Internal\mar2020\pickle_files\6eb07a11ec7479ee6206f864513851715e78d746.pkl,1
D:\08_Dataset\Internal\mar2020\pickle_files\7648d09e6e50ce70bc372bbf0e20ccc7ea1b321d.pkl,1
D:\08_Dataset\Internal\mar2020\pickle_files\22c6260955baee0560fc8ac401ca72edde9040d1.pkl,1
D:\08_Dataset\Internal\mar2020\pickle_files\94efaaa04b98075a6227d46bcf8ea665ec5dc2b1.pkl,1
D:\08_Dataset\Internal\mar2020\pickle_files\99e891e54942fd9a15308a82f9b2d4f53b3b8f44.pkl,1
D:\08_Dataset\Internal\mar2020\pickle_files\2ea9cb1301b4c57ec05f6e856d415c11d04622f6.pkl,1
D:\08_Dataset\Internal\mar2020\pickle_files\a597a6581b50ee20777d48722c6e12881cee2c08.pkl,1
D:\08_Dataset\Internal\mar2020\pickle_files\04ace9fefaa19b34d1194ae48b69acc7370d33ec.pkl,1
D:\08_Dataset\Internal\mar2020\pickle_files\00adda132a188b5344aa6a2712b29c7be3ab00af.pkl,1
D:\08_Dataset\Internal\mar2020\pickle_files\2ac04e25a0bebaa935304024c07e9610b24b5a53.pkl,1
D:\08_Dataset\Internal\mar2020\pickle_files\58023729b99871b435e0f390f03c01c95c126a7f.pkl,1
D:\08_Dataset\Internal\mar2020\pickle_files\45d3967ee5727a0374a574e97c36d297a55df6a7.pkl,1
D:\08_Dataset\Internal\mar2020\pickle_files\f3818edf682f3ed8ecf1b1b81fe4b7076c8c77b6.pkl,1
D:\08_Dataset\Internal\mar2020\pickle_files\9e7719ff4ea34bb3851e9958f7ad2a5d674fd868.pkl,1
D:\08_Dataset\Internal\mar2020\pickle_files\5433d590101e1032edc0056ba981fc457e2b392a.pkl,1
D:\08_Dataset\Internal\mar2020\pickle_files\a11c0d40f65e8eb80ca42fadc8fa91a924f01776.pkl,1
D:\08_Dataset\Internal\mar2020\pickle_files\ef688c9c05ea1d4f3bffb45d6914c527c3e53582.pkl,1
D:\08_Dataset\Internal\mar2020\pickle_files\8399e9b7c3d0448e70bc40d3bb1558bb6f8ef3dd.pkl,1
D:\08_Dataset\Internal\mar2020\pickle_files\e2ddd827bb744d11242fa3157967d69430058a85.pkl,1
D:\08_Dataset\Internal\mar2020\pickle_files\20d604fafc183f2cf4ad8adb706f803049b47e6a.pkl,1
D:\08_Dataset\Internal\mar2020\pickle_files\51f4b97090d5f9864179feb26caf3000dc9349d1.pkl,1
D:\08_Dataset\Internal\mar2020\pickle_files\5f32c5189e02379647097c7aa6ef682e6a7d1576.pkl,1
D:\08_Dataset\Internal\mar2020\pickle_files\cec24074ecb87a7311b6b212d916b4e3d5eb9cab.pkl,1
D:\08_Dataset\Internal\mar2020\pickle_files\9df02b79f420f5766e06b20e7d23b13051b80566.pkl,1
D:\08_Dataset\Internal\mar2020\pickle_files\82e0166713f6f3b046fdb113494796ed857dda13.pkl,1
D:\08_Dataset\Internal\mar2020\pickle_files\476bc6d430ec85a227089f922ebae615ff6fbed8.pkl,1
D:\08_Dataset\Internal\mar2020\pickle_files\2b74a389c09b78bfda37440a3aefef55c0911097.pkl,1
D:\08_Dataset\Internal\mar2020\pickle_files\0376d2d7978b659cd0638a3d25e937b952311d61.pkl,1
D:\08_Dataset\Internal\mar2020\pickle_files\aa64f7a3ad40e687366bd1c88d913d1685237b55.pkl,1
D:\08_Dataset\Internal\mar2020\pickle_files\b5bc6721ac39f8abed9cf42a249a2c3b1db6e01b.pkl,1
D:\08_Dataset\Internal\mar2020\pickle_files\9422cfe35499fb9b72398074ec48ccd994ac43d7.pkl,1
D:\08_Dataset\Internal\mar2020\pickle_files\3280079aa63f6d94f26d7a3d63a08a3019488b8f.pkl,1
D:\08_Dataset\Internal\mar2020\pickle_files\1b5805c12bc69d5db18c082a923d2ec24e48254c.pkl,1
D:\08_Dataset\Internal\mar2020\pickle_files\51a01d6bd8a5b64e7481566db3f8b807f8bbde9a.pkl,1
D:\08_Dataset\Internal\mar2020\pickle_files\7efb498d02541dfadffc8f1ab5e157bb65017166.pkl,1
D:\08_Dataset\Internal\mar2020\pickle_files\7c131e090dabcdbf029fcbf218d2c3d2c55cdb2e.pkl,1
D:\08_Dataset\Internal\mar2020\pickle_files\41bd8e3b2e8225361820e54ee1f24841adac822e.pkl,1
D:\08_Dataset\Internal\mar2020\pickle_files\7bdd262ca7421666ddece6b35b99bdd0fad8c042.pkl,1
D:\08_Dataset\Internal\mar2020\pickle_files\6c22862599ca48ea128977266c7c880b1463eee7.pkl,1
D:\08_Dataset\Internal\mar2020\pickle_files\e7b09ffb03f6520e0b76fa085c4bd5f0352fc67f.pkl,1
D:\08_Dataset\Internal\mar2020\pickle_files\b349000c6abde7675f16dbd933d5a3811ee3ca9e.pkl,1
D:\08_Dataset\Internal\mar2020\pickle_files\9cfa3bd2aaead3f3bc3ced433425f6e01986f3e0.pkl,1
D:\08_Dataset\Internal\mar2020\pickle_files\e9cd96c21899794c47b732bf94d93ad18a39e806.pkl,1
D:\08_Dataset\Internal\mar2020\pickle_files\aa8618b3f56e303ee7a934e34dc7ba8dd08bc1ab.pkl,1
D:\08_Dataset\Internal\mar2020\pickle_files\8cefebb6205c90b531bc7c09219e38bd869a63d3.pkl,1
D:\08_Dataset\Internal\mar2020\pickle_files\eb7f38f9fc5591f5c94af4fd2571528e6a636021.pkl,1
D:\08_Dataset\Internal\mar2020\pickle_files\71c9d0194d0cae00ddfc814d62758fde302b7d7a.pkl,1
D:\08_Dataset\Internal\mar2020\pickle_files\3f657b16688f5590c74ecee5313088a297f24dfc.pkl,1
D:\08_Dataset\Internal\mar2020\pickle_files\63ef8a4da1dcb16ce8bc0f580396f6d88a33cdf9.pkl,1
D:\08_Dataset\Internal\mar2020\pickle_files\2239db6c220c7717c8d0481c08e7742bec9fca88.pkl,1
D:\08_Dataset\Internal\mar2020\pickle_files\210a8db401d998e2cce5fe463c32610a9704fab0.pkl,1
D:\08_Dataset\Internal\mar2020\pickle_files\2f3f449431cf310148573d8acfb2b71bfc6b996b.pkl,1
D:\08_Dataset\Internal\mar2020\pickle_files\df1cfd6017f7bcb3e54d055718526f805eda43d2.pkl,1
D:\08_Dataset\Internal\mar2020\pickle_files\5eafa5cd27235294bd10e326362ed8a5a7739fe1.pkl,1
D:\08_Dataset\Internal\mar2020\pickle_files\fff2b17714dc588a8f08f19a776e26b255a304c7.pkl,1
D:\08_Dataset\Internal\mar2020\pickle_files\033c532a4a3dd56e83ffb9dc0efe6adba3630944.pkl,1
D:\08_Dataset\Internal\mar2020\pickle_files\1fbfb7ce1c4294fef642f22ce05bca1abfee826f.pkl,1
D:\08_Dataset\Internal\mar2020\pickle_files\46fa044547207aedd988697c8c690a2fd1a7c300.pkl,1
D:\08_Dataset\Internal\mar2020\pickle_files\3ff70e92ad39845fc73d6c3496ab23aad6eb9805.pkl,1
D:\08_Dataset\Internal\mar2020\pickle_files\993cc45fdbc9e4376a6a7e38c463eb96663820e0.pkl,1
D:\08_Dataset\Internal\mar2020\pickle_files\13fcde8f0df3fd6a0be89c4c1595af37fbe8c816.pkl,1
D:\08_Dataset\Internal\mar2020\pickle_files\21b6c416f1713e4fb00f2384b65ec2bf95459d88.pkl,1
D:\08_Dataset\Internal\mar2020\pickle_files\ae521a5c5503821416ac29a57ff916746a1653e0.pkl,1
D:\08_Dataset\Internal\mar2020\pickle_files\41b29dae75f57782aa63f0287b6abb7a4e0c8c1f.pkl,1
D:\08_Dataset\Internal\mar2020\pickle_files\98298f45e1da4d67140c96dd2b81d53fd9da0cdb.pkl,1
D:\08_Dataset\Internal\mar2020\pickle_files\08c6afea103d913f9fdb2022aec6528169542a5d.pkl,1
D:\08_Dataset\Internal\mar2020\pickle_files\d5a6afb629d528cbaf09f6ae1d830d4cdbab2e48.pkl,1
D:\08_Dataset\Internal\mar2020\pickle_files\fe959527dd91516ad4067b12805f629c8752c3e6.pkl,1
D:\08_Dataset\Internal\mar2020\pickle_files\0e7843b5d3d2a53f9791ac83af3316ddd50e132e.pkl,1
D:\08_Dataset\Internal\mar2020\pickle_files\9e9ba4a8d8a3547de257bb2b3d07ef8cd7862a75.pkl,1
D:\08_Dataset\Internal\mar2020\pickle_files\e5c46693e6cf5fcb339ce08cc09352cac93d039a.pkl,1
D:\08_Dataset\Internal\mar2020\pickle_files\2f73a4eaffd28393cc21b53dc50dc62074845826.pkl,1
D:\08_Dataset\Internal\mar2020\pickle_files\7d8e83aa8d84c09e6d713bcc7c384f6140693f20.pkl,1
D:\08_Dataset\Internal\mar2020\pickle_files\2d28341c469cce061029df101d3dae317b692bcc.pkl,1
D:\08_Dataset\Internal\mar2020\pickle_files\0fee38e356cb26bd059ce6438df23870397a6221.pkl,1
D:\08_Dataset\Internal\mar2020\pickle_files\bc474d32a706f9513254a581bb8d885840744df3.pkl,1
D:\08_Dataset\Internal\mar2020\pickle_files\e819c54fdeedfbfc031c2169497381e7aa673d21.pkl,1
D:\08_Dataset\Internal\mar2020\pickle_files\d292e685aabf1fee537447e002311c40422db764.pkl,1
D:\08_Dataset\Internal\mar2020\pickle_files\2c6bdec1b99640a04e9f4b34f52399e64a4c2614.pkl,1
D:\08_Dataset\Internal\mar2020\pickle_files\2885425055ab71e3e07ddc3780ac231613722018.pkl,1
D:\08_Dataset\Internal\mar2020\pickle_files\197364a76e367dd3fe2e8a3cd90ff89719cac0b0.pkl,1
D:\08_Dataset\Internal\mar2020\pickle_files\7d7aaceab3a31699542e65a3424427a8aca2e4b6.pkl,1
D:\08_Dataset\Internal\mar2020\pickle_files\a9d9a8ca1d34fa6aa360278386f09157fddb8c99.pkl,1
D:\08_Dataset\Internal\mar2020\pickle_files\e671d37791a6c027af9779a90701ce30d211c32f.pkl,1
D:\08_Dataset\Internal\mar2020\pickle_files\41ffe3599b9db782d14c1b7ba6142b3052867c2a.pkl,1
D:\08_Dataset\Internal\mar2020\pickle_files\3af18b73d2602f80c2a304b4b4cf7d808d1e1b8f.pkl,1
D:\08_Dataset\Internal\mar2020\pickle_files\b2017d1468c3a4cb4bb97948512954d243e68c75.pkl,1
D:\08_Dataset\Internal\mar2020\pickle_files\2ab034c22a5ccdf86453b4d8cb6606d9b4f9ef7b.pkl,1
D:\08_Dataset\Internal\mar2020\pickle_files\4a8d69052be101398525e282e681eb2ebdc28f86.pkl,1
D:\08_Dataset\Internal\mar2020\pickle_files\eceb30b496ca045f7e022fbf534f0fa382990936.pkl,1
D:\08_Dataset\Internal\mar2020\pickle_files\32fcf898c9dd88fdceeaf0c20c4cebe0ef32baab.pkl,1
D:\08_Dataset\Internal\mar2020\pickle_files\6d13d22cf899b113b30d7c32fc92ab33223d320c.pkl,1
D:\08_Dataset\Internal\mar2020\pickle_files\bde9b60bd674a92070084968785753206978c111.pkl,1
D:\08_Dataset\Internal\mar2020\pickle_files\0d94ba41f49aa9628b5fdb9621e6a23e33a65393.pkl,1
D:\08_Dataset\Internal\mar2020\pickle_files\95eed852ee69b80148d330ae51546dea85040932.pkl,1
D:\08_Dataset\Internal\mar2020\pickle_files\91b68816d2ae3010644053f80674406cf9ab6245.pkl,1
D:\08_Dataset\Internal\mar2020\pickle_files\6f183d87aab9ccc5d592ed728bfe1f76d4f1484d.pkl,1
D:\08_Dataset\Internal\mar2020\pickle_files\f8120b584974fe595ac75b7feea5b233114b2727.pkl,1
D:\08_Dataset\Internal\mar2020\pickle_files\47d7e11ce0d65f829ce50a15ae7086c5fcaa5aad.pkl,1
D:\08_Dataset\Internal\mar2020\pickle_files\82ed3bc16efaaad67105690efcbed1fe878f12df.pkl,1
D:\08_Dataset\Internal\mar2020\pickle_files\f13101fc9d89dcc5b02d7554564177b0b02948a5.pkl,1
D:\08_Dataset\Internal\mar2020\pickle_files\188cf02b9ad6da20f74dd72610ddd9b76add397c.pkl,1
D:\08_Dataset\Internal\mar2020\pickle_files\a10ecd2a730241abf3c5f521fb18705eaa7ed0b1.pkl,1
D:\08_Dataset\Internal\mar2020\pickle_files\5ed9894ca3894a0a5d3c01a96e2259522b604320.pkl,1
D:\08_Dataset\Internal\mar2020\pickle_files\1e9855d59958bef45290a74928c45f801f8f6483.pkl,1
D:\08_Dataset\Internal\mar2020\pickle_files\e0ae184b43396685e37610aaa092455acfcc24af.pkl,1
D:\08_Dataset\Internal\mar2020\pickle_files\6dd77257c46d183a3ec03ad0c75a72857d089ea4.pkl,1
D:\08_Dataset\Internal\mar2020\pickle_files\50007505bd373a4b5249375eef97830d0dc9ea22.pkl,1
D:\08_Dataset\Internal\mar2020\pickle_files\60147b19cca8de72d0148e41024ad94b9656c7d5.pkl,1
D:\08_Dataset\Internal\mar2020\pickle_files\69e0c549b6dd18bd2d2c4e0acb43413958fd937c.pkl,1
D:\08_Dataset\Internal\mar2020\pickle_files\88cdb6edf6766b827c1e365addcef8ada39d5973.pkl,1
D:\08_Dataset\Internal\mar2020\pickle_files\298c7b242f9bd663a93d2a25e1a3bcf59c10f152.pkl,1
D:\08_Dataset\Internal\mar2020\pickle_files\2b9c50acc2902a47b70d9d267eedbc86d385674a.pkl,1
D:\08_Dataset\Internal\mar2020\pickle_files\855c9d352999c2137e219ee44c62cb5130da7553.pkl,1
D:\08_Dataset\Internal\mar2020\pickle_files\edae970f2ff7ca3dd4e171a1a2f5322273c5e6e6.pkl,1
D:\08_Dataset\Internal\mar2020\pickle_files\e387c29195374ac73c494de98454a699d061398e.pkl,1
D:\08_Dataset\Internal\mar2020\pickle_files\6d683b84bd54b955057503140bf9d754202bd10f.pkl,1
D:\08_Dataset\Internal\mar2020\pickle_files\60e00b445552a7d0946c622ea200c03601b48dd6.pkl,1
D:\08_Dataset\Internal\mar2020\pickle_files\94bb2822f8036087ab274e3595da6ba95b33b97d.pkl,1
D:\08_Dataset\Internal\mar2020\pickle_files\6e383ad6a88fbbed2fef1eafa0a345fec6cf38c1.pkl,1
D:\08_Dataset\Internal\mar2020\pickle_files\9bd43955c557eab2a8a24028a1f88291aff77f62.pkl,1
D:\08_Dataset\Internal\mar2020\pickle_files\82a3199907605679a061973d4e94a3cb04f6315d.pkl,1
D:\08_Dataset\Internal\mar2020\pickle_files\d0a34a4d04e816b3d98975aac5afd6504503378b.pkl,1
D:\08_Dataset\Internal\mar2020\pickle_files\b8e513223479709f7c75d45796a901bb4bf4fc9a.pkl,1
D:\08_Dataset\Internal\mar2020\pickle_files\b51b5e439722e470d6f5f4c1bea8edc1365d6d41.pkl,1
D:\08_Dataset\Internal\mar2020\pickle_files\98cea76dcdd778ff7b285e5cecacafa62aafeb2c.pkl,1
D:\08_Dataset\Internal\mar2020\pickle_files\1a542be993a61225290aab4364f0f9472879f074.pkl,1
D:\08_Dataset\Internal\mar2020\pickle_files\78feeaee3235a6c043ab749c722bc5459d97a4b5.pkl,1
D:\08_Dataset\Internal\mar2020\pickle_files\a1c0f854288fa2c26b350d11d8641e78fdc645dc.pkl,1
D:\08_Dataset\Internal\mar2020\pickle_files\aaa9c672bec9303e6284045304d7e4cd9f5831f6.pkl,1
D:\08_Dataset\Internal\mar2020\pickle_files\cd3b3e0ac7158946c2e8faa3c601dbb6fdfdd0e3.pkl,1
D:\08_Dataset\Internal\mar2020\pickle_files\262e6e701fc9da11be2ca00ae85130c63051ff98.pkl,1
D:\08_Dataset\Internal\mar2020\pickle_files\92363273edaafba91a36d13549831a3452002078.pkl,1
D:\08_Dataset\Internal\mar2020\pickle_files\823c85ca47538474f50c9d34ed0904a179ffd43b.pkl,1
D:\08_Dataset\Internal\mar2020\pickle_files\fc3ca60a0f97dd4095869bd5b1655fcc893e4b59.pkl,1
D:\08_Dataset\Internal\mar2020\pickle_files\854079419df23691459282d31a7c765171b65287.pkl,1
D:\08_Dataset\Internal\mar2020\pickle_files\aec670713a28857789d272934a28d253ea578ab5.pkl,1
D:\08_Dataset\Internal\mar2020\pickle_files\c3ac2407e8f9fe3f4fadfab91d92fe8e1c2727a1.pkl,1
D:\08_Dataset\Internal\mar2020\pickle_files\a72e8213622b0f2f4bc33576a77e61c742596a33.pkl,1
D:\08_Dataset\Internal\mar2020\pickle_files\b4f5e0ae0dd01e977358059e5541e13947252182.pkl,1
D:\08_Dataset\Internal\mar2020\pickle_files\56277f25e13d1fb18b44e458cfcd26f194c664ed.pkl,1
D:\08_Dataset\Internal\mar2020\pickle_files\7827426a374f289c6f28611c9e4f23688a74c65f.pkl,1
D:\08_Dataset\Internal\mar2020\pickle_files\d44829ea853508b0b9c7c758bef938367468dd5a.pkl,1
D:\08_Dataset\Internal\mar2020\pickle_files\b9c7557d0ce4d40829b0f72c78c005b20b66ef39.pkl,1
D:\08_Dataset\Internal\mar2020\pickle_files\9bd1a2609eb0ed4719408850e58065a72f378e6b.pkl,1
D:\08_Dataset\Internal\mar2020\pickle_files\d7aa972cf44e813b61a01f871617fa87c9601178.pkl,1
D:\08_Dataset\Internal\mar2020\pickle_files\cd59dfccd43c4a480fe6e77b7a851a5ff3e81b12.pkl,1
D:\08_Dataset\Internal\mar2020\pickle_files\d4c128e53698ba1c97648a46d9aeded251933472.pkl,1
D:\08_Dataset\Internal\mar2020\pickle_files\e22a386c82a182c4d5e8388c8330a190e87a0594.pkl,1
D:\08_Dataset\Internal\mar2020\pickle_files\562ad977470824819ad6ebc8d357045695344fc1.pkl,1
D:\08_Dataset\Internal\mar2020\pickle_files\5e88f00f360cb144f38bb97fcee984af66f9acef.pkl,1
D:\08_Dataset\Internal\mar2020\pickle_files\e687c4fa8ef2b7cd2ea9f284fb3228d35d0ad83c.pkl,1
D:\08_Dataset\Internal\mar2020\pickle_files\905fa15d1d07b90d78bbd008a7f5e1c416a08520.pkl,1
D:\08_Dataset\Internal\mar2020\pickle_files\73b7ce7336bfe083be2f59928dee6de2a2ddc693.pkl,1
D:\08_Dataset\Internal\mar2020\pickle_files\8e8c2825450e84ba758808afb768016ecb1778de.pkl,1
D:\08_Dataset\Internal\mar2020\pickle_files\fcd2c351a54651ce4de78f4ed5a36a14f85a71b9.pkl,1
D:\08_Dataset\Internal\mar2020\pickle_files\1b75482520843555a47f29d072884e9640d12314.pkl,1
D:\08_Dataset\Internal\mar2020\pickle_files\75abc8092b01b857aade43d8716071f3f25e6178.pkl,1
D:\08_Dataset\Internal\mar2020\pickle_files\9a562e69f4fcbd1e124bb6c5bbee553f5f311829.pkl,1
D:\08_Dataset\Internal\mar2020\pickle_files\969c7ca75bf947de6d7f87b7c151e7f4a15314ff.pkl,1
D:\08_Dataset\Internal\mar2020\pickle_files\e080e187718e9cd95430cdb23a84103394b4e406.pkl,1
D:\08_Dataset\Internal\mar2020\pickle_files\48a834d4d9e83a2afa53714cb3fd72c74b60ee0a.pkl,1
D:\08_Dataset\Internal\mar2020\pickle_files\f24032377b7688512b1adc3787af02180638ddb3.pkl,1
D:\08_Dataset\Internal\mar2020\pickle_files\f4d096157664918232d4655054d023f9c6e2c9f8.pkl,1
D:\08_Dataset\Internal\mar2020\pickle_files\b082324143806a667ea2cf20951422ef3e266748.pkl,1
D:\08_Dataset\Internal\mar2020\pickle_files\3f5e7b5121c1d3fd91f82740e9d9f7bacdf1c883.pkl,1
D:\08_Dataset\Internal\mar2020\pickle_files\6454f4825e2d4c864a3d4146980579ace6b41ffa.pkl,1
D:\08_Dataset\Internal\mar2020\pickle_files\550479dd7df25b6aa3a509a8c886b345757439a9.pkl,1
D:\08_Dataset\Internal\mar2020\pickle_files\60ef148a73fc3e4d7ef0100c31c137a5e5eeb0ac.pkl,1
D:\08_Dataset\Internal\mar2020\pickle_files\31213b2f4985ac293804ab08aa89f5b05d2f99b6.pkl,1
D:\08_Dataset\Internal\mar2020\pickle_files\cbca19dba9237c4fd38cef0bddc65c19cc4a6ab9.pkl,1
D:\08_Dataset\Internal\mar2020\pickle_files\1db30aafecde66c4e5d2e0e0de6c9e19cfd11768.pkl,1
D:\08_Dataset\Internal\mar2020\pickle_files\04702bbb7ce1976a8948058e8957078c600e979e.pkl,1
D:\08_Dataset\Internal\mar2020\pickle_files\f5c87bb96af941a019e7b5e92ca1a7ce3a15207b.pkl,1
D:\08_Dataset\Internal\mar2020\pickle_files\a6fc57895f3e40f7f864713dcbd8f8271e71fb05.pkl,1
D:\08_Dataset\Internal\mar2020\pickle_files\5c9bb4f94f605bacde7cbc9c499f8d6ab1a76a4a.pkl,1
D:\08_Dataset\Internal\mar2020\pickle_files\61081b430a112fdb625ba8d8797277dddc605ac8.pkl,1
D:\08_Dataset\Internal\mar2020\pickle_files\fca58a58c04a025d339db90808d07122da982c72.pkl,1
D:\08_Dataset\Internal\mar2020\pickle_files\e589b8fe9df9130d4191a0bc9901c13aff4ad317.pkl,1
D:\08_Dataset\Internal\mar2020\pickle_files\26ed970c76de61972b7c868d9b602d080a3e01c9.pkl,1
D:\08_Dataset\Internal\mar2020\pickle_files\08ef37caf4cb32d38004448e58c2cf2654a6a336.pkl,1
D:\08_Dataset\Internal\mar2020\pickle_files\af2dea0f1d4b8f9a4c8b20dc532eb7b1a3b3aa0d.pkl,1
D:\08_Dataset\Internal\mar2020\pickle_files\c03e21baade52daaf5c4b2b5d083e1cb136c55bf.pkl,1
D:\08_Dataset\Internal\mar2020\pickle_files\f25f51bcc1bd4f061935e48b063c4c66f53ce7db.pkl,1
D:\08_Dataset\Internal\mar2020\pickle_files\cdc6f9c1569e1e0ef335dcaf92f9f2bb67f76b5d.pkl,1
D:\08_Dataset\Internal\mar2020\pickle_files\77fa28cea2ee0734c039c920b95775e8c80e52c7.pkl,1
D:\08_Dataset\Internal\mar2020\pickle_files\8a7acaf051ab076728cf9e6b3c84ebab7ac98d61.pkl,1
D:\08_Dataset\Internal\mar2020\pickle_files\4b041e6af9c26932249e724d41293c4ecab70fbc.pkl,1
D:\08_Dataset\Internal\mar2020\pickle_files\8f991dd71b4794857fd04c8c0fafd405e357617c.pkl,1
D:\08_Dataset\Internal\mar2020\pickle_files\d132340454d5cc1e1ddbbb07a39dbe47c73025b7.pkl,1
D:\08_Dataset\Internal\mar2020\pickle_files\78910f390aecef3b0f45f24d9bef155901245fb3.pkl,1
D:\08_Dataset\Internal\mar2020\pickle_files\db4efc728a967b75b9268e1590f989bfd6f9bb61.pkl,1
D:\08_Dataset\Internal\mar2020\pickle_files\c1f22d8a38774045a886acf314bede6485f184e2.pkl,1
D:\08_Dataset\Internal\mar2020\pickle_files\2f1abb8beb4aa93ecf70b8dd365a9eea9af4a1a5.pkl,1
D:\08_Dataset\Internal\mar2020\pickle_files\3d60950e051aab4672de15a02fe6800956eec747.pkl,1
D:\08_Dataset\Internal\mar2020\pickle_files\29f23b214a6d916fc970d2598b005e515b24fc5b.pkl,1
D:\08_Dataset\Internal\mar2020\pickle_files\60441493ce99d9facea90a2d62aae634e8030af6.pkl,1
D:\08_Dataset\Internal\mar2020\pickle_files\486195af3a9812b34013d6c97540ac9588e3ed1c.pkl,1
D:\08_Dataset\Internal\mar2020\pickle_files\c65fc393ecc25e4e97ddf08b8d5dc2967bfcb2fe.pkl,1
D:\08_Dataset\Internal\mar2020\pickle_files\4ad8dc474180cb5c91d69c24d7c8a7a606aa39b8.pkl,1
D:\08_Dataset\Internal\mar2020\pickle_files\a51c9b71748a3f8bd6a0ce31d912a2ef383f0967.pkl,1
D:\08_Dataset\Internal\mar2020\pickle_files\810cdc9fcba3920f7e482fb0e02ef1d73ca7563c.pkl,1
D:\08_Dataset\Internal\mar2020\pickle_files\c496f29a2e7aa40be45249c0677e3291c65c2998.pkl,1
D:\08_Dataset\Internal\mar2020\pickle_files\27c8085cf6a927d2742f5dec9ae78f4db377ce3d.pkl,1
D:\08_Dataset\Internal\mar2020\pickle_files\00a179ac1f86998973871528aa74729a78fa9edb.pkl,1
D:\08_Dataset\Internal\mar2020\pickle_files\38e7aa30aad10d59cc6fd84b7e923c2f1179dac5.pkl,1
D:\08_Dataset\Internal\mar2020\pickle_files\70f57772de1facd4e8142686f91302156f9d0476.pkl,1
D:\08_Dataset\Internal\mar2020\pickle_files\1bcc43d1a8cbd3afdae83437d539ab7dddf33eac.pkl,1
D:\08_Dataset\Internal\mar2020\pickle_files\feb0e550d10c46fb1435478868f41e6119462877.pkl,1
D:\08_Dataset\Internal\mar2020\pickle_files\52062216a2a5c330acdefc81f0f186d62e84ff48.pkl,1
D:\08_Dataset\Internal\mar2020\pickle_files\314b9c9fccf6cfe70b6c8228e16c95660e681ad8.pkl,1
D:\08_Dataset\Internal\mar2020\pickle_files\7df7d734b05acaa9aafa3036958c7f364b48b615.pkl,1
D:\08_Dataset\Internal\mar2020\pickle_files\03472e7f3269b2e9d508818be2daacb3f7ace0cf.pkl,1
D:\08_Dataset\Internal\mar2020\pickle_files\cc516234db4016b057642a0cacdd599af594465a.pkl,1
D:\08_Dataset\Internal\mar2020\pickle_files\3d9f786909470a6d0b184eeff03dff1ae58e758b.pkl,1
D:\08_Dataset\Internal\mar2020\pickle_files\a7f3cf70bdabaa02b234d2a8737c6ff66f807b34.pkl,1
D:\08_Dataset\Internal\mar2020\pickle_files\ee8b444ac111fd709e95657906af6b7b38a48509.pkl,1
D:\08_Dataset\Internal\mar2020\pickle_files\8eff3b3a43f0b15aac8a5f290e377aaf69557e9c.pkl,1
D:\08_Dataset\Internal\mar2020\pickle_files\9fb37dcb4673263447601da58984acbe647c9458.pkl,1
D:\08_Dataset\Internal\mar2020\pickle_files\005a0648510b5884e2e9f2bb3fb22b2cd5622288.pkl,1
D:\08_Dataset\Internal\mar2020\pickle_files\e2cbbce46dc59debf803ad92ee2518d4356dc871.pkl,1
D:\08_Dataset\Internal\mar2020\pickle_files\aaca1eb03caebb8a00ff237aaab275ffb2393151.pkl,1
D:\08_Dataset\Internal\mar2020\pickle_files\b345cea44664e703e9baabf2fb5c7c051520b050.pkl,1
D:\08_Dataset\Internal\mar2020\pickle_files\0dc802516a2626f5f9579e894e43aaffaf1c516e.pkl,1
D:\08_Dataset\Internal\mar2020\pickle_files\48fcbb2eb00c6795f403350a8714c5da639c4f16.pkl,1
D:\08_Dataset\Internal\mar2020\pickle_files\4bbcef994ba37450bd557b7b5500b33ec311275c.pkl,1
D:\08_Dataset\Internal\mar2020\pickle_files\1d4d0dd48526ac481fcc77f769c1faa6369abc61.pkl,1
D:\08_Dataset\Internal\mar2020\pickle_files\5c1cb63a946445cf490198d3bac7a3f4b3fc523c.pkl,1
D:\08_Dataset\Internal\mar2020\pickle_files\3634943d9ec7132bc934ee434b01a20b888f6ebd.pkl,1
D:\08_Dataset\Internal\mar2020\pickle_files\5dec6afa81a8983bc6d7a9fa92dece5fc04f3fce.pkl,1
D:\08_Dataset\Internal\mar2020\pickle_files\e39f9b8731e2a870bc69138edda62810b6f104a7.pkl,1
D:\08_Dataset\Internal\mar2020\pickle_files\0a1907f4cd37ebe51d6d717f331bf974ec204632.pkl,1
D:\08_Dataset\Internal\mar2020\pickle_files\f13e24940fa0689ea40fab19db056268df8b4322.pkl,1
D:\08_Dataset\Internal\mar2020\pickle_files\f5d8d5b15172772b32f33d36297a81d434038184.pkl,1
D:\08_Dataset\Internal\mar2020\pickle_files\dd7c419911bdc5bd2b98485557ac1ddfeb8468e2.pkl,1
D:\08_Dataset\Internal\mar2020\pickle_files\5c12f0ff2d58aa2569eaf793cfe39d0111fb8d8d.pkl,1
D:\08_Dataset\Internal\mar2020\pickle_files\4f47980de571dfce9482ddf8927ba97b77fd5519.pkl,1
D:\08_Dataset\Internal\mar2020\pickle_files\ec72e9859d63b7a849ba646513f87915908b7dc1.pkl,1
D:\08_Dataset\Internal\mar2020\pickle_files\a24561c3ce4cf4e748fe078c43fa67b2a4e48391.pkl,1
D:\08_Dataset\Internal\mar2020\pickle_files\493605c4699c600ac52f08ab86dbc036f1781ca0.pkl,1
D:\08_Dataset\Internal\mar2020\pickle_files\ab6c08c92532ab4475c46961c4e71baa6c247eb3.pkl,1
D:\08_Dataset\Internal\mar2020\pickle_files\054a21f47a95edc3b202e087f4cc207d2ad249ec.pkl,1
D:\08_Dataset\Internal\mar2020\pickle_files\a48712c7f47383a37e0361f6d768906e4cbffb28.pkl,1
D:\08_Dataset\Internal\mar2020\pickle_files\0697e302666f82c9316cea5468c4341ae3f7be37.pkl,1
D:\08_Dataset\Internal\mar2020\pickle_files\cb5acb1798da2e0aff0e6557644cdc903af21949.pkl,1
D:\08_Dataset\Internal\mar2020\pickle_files\63408d81cf2ebdb4d33e6b15235e43b9822a910b.pkl,1
D:\08_Dataset\Internal\mar2020\pickle_files\31dd6b8ad2411862b8f852c9bd57d0cb13e83dd6.pkl,1
D:\08_Dataset\Internal\mar2020\pickle_files\4b19a16c42e8fba79becbe1b6e309b94c05a3a17.pkl,1
D:\08_Dataset\Internal\mar2020\pickle_files\ee1d18c2222662f693e6aefa8bced54b56cff40f.pkl,1
D:\08_Dataset\Internal\mar2020\pickle_files\7ca57b36a8f8d8c757f2e4aa0a8693b26a406934.pkl,1
D:\08_Dataset\Internal\mar2020\pickle_files\3262e02d080d3c61aae2b947c8cea8e53cc740ea.pkl,1
D:\08_Dataset\Internal\mar2020\pickle_files\eb8f08a538300e17b4d2945f1cd1c9773af9b543.pkl,1
D:\08_Dataset\Internal\mar2020\pickle_files\caf7a5677532265077fe29c12657031b9b5a9105.pkl,1
D:\08_Dataset\Internal\mar2020\pickle_files\9eb3c6bbfa014c2e9d97b4427ff161eca3b279d1.pkl,1
D:\08_Dataset\Internal\mar2020\pickle_files\fed07ec9cde2a7b1581f192644cfa03d680a6245.pkl,1
D:\08_Dataset\Internal\mar2020\pickle_files\be549dd302644b7aca19621b79eedd26f66602e7.pkl,1
D:\08_Dataset\Internal\mar2020\pickle_files\f2f3915ad48ff3a0c903f68efb219f7819110bff.pkl,1
D:\08_Dataset\Internal\mar2020\pickle_files\dca27d1a239115ee761fc1fcfdb5747db5320ec8.pkl,1
D:\08_Dataset\Internal\mar2020\pickle_files\b7e93777113bb48b4c403c6ea3684039d8227e0f.pkl,1
D:\08_Dataset\Internal\mar2020\pickle_files\abdb0ccf3e7fa2e4898ffb21c0823e88799124ee.pkl,1
D:\08_Dataset\Internal\mar2020\pickle_files\22b97d89df42409d940e517dd56d4efbd00b1836.pkl,1
D:\08_Dataset\Internal\mar2020\pickle_files\87835da634751d112bab8355b78697d5dfd0595c.pkl,1
D:\08_Dataset\Internal\mar2020\pickle_files\d001f0141ee161f6b7fcadd5a4ac0a17407b898d.pkl,1
D:\08_Dataset\Internal\mar2020\pickle_files\57d760a72978aeab7485001bf383205260be3c8b.pkl,1
D:\08_Dataset\Internal\mar2020\pickle_files\ca8146edf3e97e32ed3578cad97d8c19c3434eb0.pkl,1
D:\08_Dataset\Internal\mar2020\pickle_files\3ccf8903f315c7cf9d0fad4cf703e8ab0b4aa20e.pkl,1
D:\08_Dataset\Internal\mar2020\pickle_files\562b82536efb72df55a90ea97d68c94874a6af4b.pkl,1
D:\08_Dataset\Internal\mar2020\pickle_files\2bab7373de7bfce90a3639ec5a46670d44be1c11.pkl,1
D:\08_Dataset\Internal\mar2020\pickle_files\a4d9471b0898a83ede23cb0db08873b19ce0e557.pkl,1
D:\08_Dataset\Internal\mar2020\pickle_files\c12b23a22cebb2bb30640ce0f505071817eedfcb.pkl,1
D:\08_Dataset\Internal\mar2020\pickle_files\27a45e4928bd491cca6c56eac78da7f4c631eb87.pkl,1
D:\08_Dataset\Internal\mar2020\pickle_files\5f6e9ee9b2339a43e112f639d529ffb850b17689.pkl,1
D:\08_Dataset\Internal\mar2020\pickle_files\77e29c24c8778cb238036c204bc6c093d7cefde4.pkl,1
D:\08_Dataset\Internal\mar2020\pickle_files\054bb4246dd318ee5a64f1c816a151cf1f0c4832.pkl,1
D:\08_Dataset\Internal\mar2020\pickle_files\36e4f4c567f4bde8590ed08f39e6a96d6ee14ef4.pkl,1
D:\08_Dataset\Internal\mar2020\pickle_files\62cb97d9f4dff1e4ef0edbb9c744eb6be300ba13.pkl,1
D:\08_Dataset\Internal\mar2020\pickle_files\e414c39feda062ac6ad8ca78e756f15f0f5893d3.pkl,1
D:\08_Dataset\Internal\mar2020\pickle_files\b38f2a563c971be0c784e021ab936b5356649389.pkl,1
D:\08_Dataset\Internal\mar2020\pickle_files\f42140831a03618b6c833c4c14041c34e78152fe.pkl,1
D:\08_Dataset\Internal\mar2020\pickle_files\c01483cf7586d8e1147eeb43d4552597ad6163a8.pkl,1
D:\08_Dataset\Internal\mar2020\pickle_files\8684c0a73cd3f91838accc3df5f68f8df1cea034.pkl,1
D:\08_Dataset\Internal\mar2020\pickle_files\bf0ab48498d538274d496e4e1f35b08f471e02b4.pkl,1
D:\08_Dataset\Internal\mar2020\pickle_files\97548fbf86410732814e95665ad90cac4d856cf8.pkl,1
D:\08_Dataset\Internal\mar2020\pickle_files\2883912228c62f99a7894cdfb8db2dfed17ccad5.pkl,1
D:\08_Dataset\Internal\mar2020\pickle_files\d4f5e9639e2f30a8c7994a3145edfd25bfe49b6d.pkl,1
D:\08_Dataset\Internal\mar2020\pickle_files\27e61356bafa65b4da098ee25fb9ad63b40c49c3.pkl,1
D:\08_Dataset\Internal\mar2020\pickle_files\0ac177958e12c8365db2c45842280e7579717288.pkl,1
D:\08_Dataset\Internal\mar2020\pickle_files\94229b11c470624b813f57c3c80e9d6c7bfadb5a.pkl,1
D:\08_Dataset\Internal\mar2020\pickle_files\eadca28a15877d12ba60d1a6154cf318e4c59f1d.pkl,1
D:\08_Dataset\Internal\mar2020\pickle_files\6cd905e514025a3efa0a6abf99531eb66f5bd71c.pkl,1
D:\08_Dataset\Internal\mar2020\pickle_files\23322bad92f4612999622435767eebcf595c7003.pkl,1
D:\08_Dataset\Internal\mar2020\pickle_files\5c495149f3a7d95d2cdc722cda497f4251bfb035.pkl,1
D:\08_Dataset\Internal\mar2020\pickle_files\70c2d028a6d19bd551bd7ab568de8cba1d09387d.pkl,1
D:\08_Dataset\Internal\mar2020\pickle_files\f6ddb7c8c8646182c99a57a1b90c068bbcf0ae8f.pkl,1
D:\08_Dataset\Internal\mar2020\pickle_files\16ed9452f062caba70d43138bed56767b9de9cf3.pkl,1
D:\08_Dataset\Internal\mar2020\pickle_files\13435799912b0f8e8be6dc10c085998db3df06f1.pkl,1
D:\08_Dataset\Internal\mar2020\pickle_files\287b38aded77d67596f4f90fa5ee2db148a2971c.pkl,1
D:\08_Dataset\Internal\mar2020\pickle_files\56ebe55da50082ce23f4c6de6fbb82a1feb3228e.pkl,1
D:\08_Dataset\Internal\mar2020\pickle_files\e1a1c254dcca876631789bdd0ec9e656737de359.pkl,1
D:\08_Dataset\Internal\mar2020\pickle_files\609ae5de31cf0c39d69552c9d64cc5b2041f54d3.pkl,1
D:\08_Dataset\Internal\mar2020\pickle_files\1f9b14ad20f3a70d1cad8ea65f698a09da4a2374.pkl,1
D:\08_Dataset\Internal\mar2020\pickle_files\90aa430dcaa2578c61af293e1597e135ca244ce0.pkl,1
D:\08_Dataset\Internal\mar2020\pickle_files\77d5b1bac35f8455be77c3505eba37a2aa47e8ae.pkl,1
D:\08_Dataset\Internal\mar2020\pickle_files\4cc97cd4df5024a6a14b2ac7204e647389f5690b.pkl,1
D:\08_Dataset\Internal\mar2020\pickle_files\b7c5d65fdbd77f5732f8154799831872364df69f.pkl,1
D:\08_Dataset\Internal\mar2020\pickle_files\008a23ce12716792e28f7dbc8566faddb66aece6.pkl,1
D:\08_Dataset\Internal\mar2020\pickle_files\f892c3ad3f79810e2a164b4034601d4dfc5d7684.pkl,1
D:\08_Dataset\Internal\mar2020\pickle_files\cd5aa5e7e4a6bb2f91a1cdda3bf41306632d6803.pkl,1
D:\08_Dataset\Internal\mar2020\pickle_files\1ef45f1a17fffbfbd3837d54c5f883340593e7cd.pkl,1
D:\08_Dataset\Internal\mar2020\pickle_files\a379d7b5b64fcdd832c4fb1ce1d2cc43449945c5.pkl,1
D:\08_Dataset\Internal\mar2020\pickle_files\f8ba180dc49c181738796195b207bedc749f2277.pkl,1
D:\08_Dataset\Internal\mar2020\pickle_files\96fc4a473d39d33fedfde3cdf782e35998773f34.pkl,1
D:\08_Dataset\Internal\mar2020\pickle_files\c6c9117008655be4242263fc64b616a4bd23fb3f.pkl,1
D:\08_Dataset\Internal\mar2020\pickle_files\d3c257bd14663bfeb02190e54f0e379d3c5d0328.pkl,1
D:\08_Dataset\Internal\mar2020\pickle_files\76aeeabc818103930921d8642350be0897611650.pkl,1
D:\08_Dataset\Internal\mar2020\pickle_files\0a00bc60a7a7cf0ae1ba6ed028d1ae95cbbf2479.pkl,1
D:\08_Dataset\Internal\mar2020\pickle_files\e793ad551e83c72357fa1f30501f957ff7bdeae6.pkl,1
D:\08_Dataset\Internal\mar2020\pickle_files\ca21e5b24d6e93add9e51f673d546f309a9f2c0b.pkl,1
D:\08_Dataset\Internal\mar2020\pickle_files\ba8a4066ccfae2f87cf2e75a69ab374acb6bdd92.pkl,1
D:\08_Dataset\Internal\mar2020\pickle_files\e78c6b903294a97d1d002c5234bc7240787b167d.pkl,1
D:\08_Dataset\Internal\mar2020\pickle_files\5aba1a48f6102e6a7d375c486714f1fb26340775.pkl,1
D:\08_Dataset\Internal\mar2020\pickle_files\0c25473cc04b83f2f55b52b6e0419a84109bce8a.pkl,1
D:\08_Dataset\Internal\mar2020\pickle_files\7b69f0565b1278076b5145028105686a6e5c5948.pkl,1
D:\08_Dataset\Internal\mar2020\pickle_files\8f5632178060f06aba3c2a34967da9433a389745.pkl,1
D:\08_Dataset\Internal\mar2020\pickle_files\8eaf86e2cefdb0d589882b0ada7da42067d2c194.pkl,1
D:\08_Dataset\Internal\mar2020\pickle_files\0fda2f674ecea91c6ff52bb4de884fa53741c56a.pkl,1
D:\08_Dataset\Internal\mar2020\pickle_files\ad391c1787e3b8aeba523b20be914e49b5e840a3.pkl,1
D:\08_Dataset\Internal\mar2020\pickle_files\496ea49c8c4a59cbc3cb1aa641e2dd5b7a9e6945.pkl,1
D:\08_Dataset\Internal\mar2020\pickle_files\ce504b0946642a8b87bf20a42246b693b2c0a656.pkl,1
D:\08_Dataset\Internal\mar2020\pickle_files\5ea703b5b76233487d41916648f2686ad8c76182.pkl,1
D:\08_Dataset\Internal\mar2020\pickle_files\a09f352cba9898c3501839bd06a50507664eb392.pkl,1
D:\08_Dataset\Internal\mar2020\pickle_files\65405892cdd7a321e42bd7329ff1e566042c58e2.pkl,1
D:\08_Dataset\Internal\mar2020\pickle_files\1ec64b4cdc6ba8b1f4e4d79d89afd1d6908f719e.pkl,1
D:\08_Dataset\Internal\mar2020\pickle_files\6fa1caa3cb40317a2c7ff0be136431a955342ef0.pkl,1
D:\08_Dataset\Internal\mar2020\pickle_files\fbc0d8e9b87f5cef91d0566d32f50bd87ec01c51.pkl,1
D:\08_Dataset\Internal\mar2020\pickle_files\5568accd780707c244ba70ed97ed78800ec63a33.pkl,1
D:\08_Dataset\Internal\mar2020\pickle_files\460ed59c4ad2de95831d8cada1453e1b73cf33fb.pkl,1
D:\08_Dataset\Internal\mar2020\pickle_files\4976183d42aa138269f00e676ae6b882c794b752.pkl,1
D:\08_Dataset\Internal\mar2020\pickle_files\828989ba113c9eae713679b9ea9546f60bfb4ef1.pkl,1
D:\08_Dataset\Internal\mar2020\pickle_files\35d6fb4701cd468109a5a7b603ea68cc6b806a33.pkl,1
D:\08_Dataset\Internal\mar2020\pickle_files\035eca336bc6ab0cae66e50442ce7da478b3d414.pkl,1
D:\08_Dataset\Internal\mar2020\pickle_files\63bf6e92353ce6dd4a90d3bf8d7207c0fbf1fcb0.pkl,1
D:\08_Dataset\Internal\mar2020\pickle_files\d027678192cb5231c453dc600a8cf991eec1ff3f.pkl,1
D:\08_Dataset\Internal\mar2020\pickle_files\3c754a7a63dbc44f80f9e87935ab19faa7c0db3e.pkl,1
D:\08_Dataset\Internal\mar2020\pickle_files\60de7983426c090dddc5555f8cdec5750fb50422.pkl,1
D:\08_Dataset\Internal\mar2020\pickle_files\7cf24b6f4ff82b093f0493505bc6794482a32406.pkl,1
D:\08_Dataset\Internal\mar2020\pickle_files\624af7c5664a5526b0e937de87806c80cf3344d1.pkl,1
D:\08_Dataset\Internal\mar2020\pickle_files\dd1857f64cdfce41af64cda4ff07bb2e0a141cd0.pkl,1
D:\08_Dataset\Internal\mar2020\pickle_files\7bcefd46ea96dc1e8ac6fd3415a99a2d97b09bc3.pkl,1
D:\08_Dataset\Internal\mar2020\pickle_files\021e29992e521b22e47d70dc13fd7f0a214153f4.pkl,1
D:\08_Dataset\Internal\mar2020\pickle_files\7a0052ad482981d77a804e50683c723c1cbebbfa.pkl,1
D:\08_Dataset\Internal\mar2020\pickle_files\a5a6c14b749a600084eb8f2846b2089c3e0b71c6.pkl,1
D:\08_Dataset\Internal\mar2020\pickle_files\31d91e3c649fc6cedc0ad4dbef917764e4afdeb9.pkl,1
D:\08_Dataset\Internal\mar2020\pickle_files\d63e77d596e880fc514faad9171cfd842028c208.pkl,1
D:\08_Dataset\Internal\mar2020\pickle_files\ca23775b6655847c4730edafe1785f6b25874bcf.pkl,1
D:\08_Dataset\Internal\mar2020\pickle_files\b9c20be7ce7145ab2eca71e169cdbbbf9e7d0984.pkl,1
D:\08_Dataset\Internal\mar2020\pickle_files\1af3c618d6951491d86760a1fccbdbd05b2a33dd.pkl,1
D:\08_Dataset\Internal\mar2020\pickle_files\000aa97d7e3e126b8dbdf1305c5dd9c8f21bc98c.pkl,1
D:\08_Dataset\Internal\mar2020\pickle_files\61b98bb2eaa0ed0cfec0718458a0827fdcb6d2ee.pkl,1
D:\08_Dataset\Internal\mar2020\pickle_files\6c70edee0d722d4231ac159a26876b9ee44dbb24.pkl,1
D:\08_Dataset\Internal\mar2020\pickle_files\9a91934af580e68eec6787314ee58b3e33403504.pkl,1
D:\08_Dataset\Internal\mar2020\pickle_files\e075420249f05d8ed64c1c237dc206e9d8c60144.pkl,1
D:\08_Dataset\Internal\mar2020\pickle_files\aafc2cb23a16526f9efc8f635c4853e92ac9302b.pkl,1
D:\08_Dataset\Internal\mar2020\pickle_files\44d560fc8db38b7cb089788e79b83e936683bcc1.pkl,1
D:\08_Dataset\Internal\mar2020\pickle_files\a260dc044b34067be244d6c6a69366d74e88d70e.pkl,1
D:\08_Dataset\Internal\mar2020\pickle_files\51cfeb2680aab848b7b835c0b5dc142ef907d1f4.pkl,1
D:\08_Dataset\Internal\mar2020\pickle_files\12eaf7179de70d10d65a8210eab53c6db163f2bc.pkl,1
D:\08_Dataset\Internal\mar2020\pickle_files\1a440ab04185da89d862fc4be231f63c212e61b0.pkl,1
D:\08_Dataset\Internal\mar2020\pickle_files\df7dd835e1368532f4c37a8c918c3935dd427c84.pkl,1
D:\08_Dataset\Internal\mar2020\pickle_files\866147434868f7cfe6b5b991ef44505f66ec8733.pkl,1
D:\08_Dataset\Internal\mar2020\pickle_files\72e9baa173fb358e79a3b7e948c6b30a100ee555.pkl,1
D:\08_Dataset\Internal\mar2020\pickle_files\74b4ed68daf0b2d49017ecae3d321f2071335066.pkl,1
D:\08_Dataset\Internal\mar2020\pickle_files\cce3cecf08b49c756bb16dd7252b8f5fc60eebc0.pkl,1
D:\08_Dataset\Internal\mar2020\pickle_files\cc3cd6a6e49b0e21bb595201202094536562adf8.pkl,1
D:\08_Dataset\Internal\mar2020\pickle_files\8aa8d3c65f22e8707e5e475719d106fe4147d2cc.pkl,1
D:\08_Dataset\Internal\mar2020\pickle_files\2ee6c768af60c4462bc3d66b6ef470b3efce7e8b.pkl,1
D:\08_Dataset\Internal\mar2020\pickle_files\df64bb470e826109c4adc6be5861f0840adaae4a.pkl,1
D:\08_Dataset\Internal\mar2020\pickle_files\d52b6494b326e4593842f1e7e7a21b554e5046b6.pkl,1
D:\08_Dataset\Internal\mar2020\pickle_files\13ecc3f0eed4554d8cc5f1881237aacc8933fb39.pkl,1
D:\08_Dataset\Internal\mar2020\pickle_files\49dc6d5c63df60a5efb6d5f456f2503f1fd72789.pkl,1
D:\08_Dataset\Internal\mar2020\pickle_files\8734052e0cf929d2c46f54b1c7ccda13693cc75d.pkl,1
D:\08_Dataset\Internal\mar2020\pickle_files\60ba4cda6732876e6ac9b134c922a2c0efc099c6.pkl,1
D:\08_Dataset\Internal\mar2020\pickle_files\2c58268a1376151a0b0b6fcd0ca11a1a37e3cb27.pkl,1
D:\08_Dataset\Internal\mar2020\pickle_files\17cc22c663f1b755f2a321c27edec93772a14373.pkl,1
D:\08_Dataset\Internal\mar2020\pickle_files\a561264a02fc0c56e77c30ae416ab701a027a74f.pkl,1
D:\08_Dataset\Internal\mar2020\pickle_files\16b75ad126454b3e117dd86c975012846fc8fe6d.pkl,1
D:\08_Dataset\Internal\mar2020\pickle_files\40e4985599e48872699627b91e226960bb1671d4.pkl,1
D:\08_Dataset\Internal\mar2020\pickle_files\c2c1a3762398b120468898b6f34abe2de3e04ae8.pkl,1
D:\08_Dataset\Internal\mar2020\pickle_files\8b8b4902ac5e537ed54e2ff4bafdbfe4f88cc4ba.pkl,1
D:\08_Dataset\Internal\mar2020\pickle_files\db5cacbe700018e0c6430f26840c88902ec42e13.pkl,1
D:\08_Dataset\Internal\mar2020\pickle_files\ffd54b2e8b7a6de18b4ffa908fd3be62b8d9c911.pkl,1
D:\08_Dataset\Internal\mar2020\pickle_files\6e9ea8782decd8990a30e8f2bd250edace5a0e85.pkl,1
D:\08_Dataset\Internal\mar2020\pickle_files\e0d1776f225a0567ef7763e766893093abfdea6e.pkl,1
D:\08_Dataset\Internal\mar2020\pickle_files\4f61fdd4f7cc52b4520eb9b2d316e887b51ac1b8.pkl,1
D:\08_Dataset\Internal\mar2020\pickle_files\5e4779fc8856bfb95a9fe22f947ca91f2c9f3d94.pkl,1
D:\08_Dataset\Internal\mar2020\pickle_files\d6aa02ae41889cb86f43c0d94d7eac87198829db.pkl,1
D:\08_Dataset\Internal\mar2020\pickle_files\9028649e8b1d267951e5c176d4d794018c43cdb2.pkl,1
D:\08_Dataset\Internal\mar2020\pickle_files\02af58d31055f8bc08a404ac4bc95909a05052a6.pkl,1
D:\08_Dataset\Internal\mar2020\pickle_files\cbc25aaf31d9d0d8444c0bc4199a736d726a86b4.pkl,1
D:\08_Dataset\Internal\mar2020\pickle_files\b319cc3db8f54f4c51b7bdbfd56025386d188db8.pkl,1
D:\08_Dataset\Internal\mar2020\pickle_files\c84ceda815af70059cce90a1cc7cabf0f80f6ae1.pkl,1
D:\08_Dataset\Internal\mar2020\pickle_files\caaa15e1d0588dcd56062e380b894596f622b395.pkl,1
D:\08_Dataset\Internal\mar2020\pickle_files\95a516148cb3953d9941b500746f95aa15cda307.pkl,1
D:\08_Dataset\Internal\mar2020\pickle_files\648be07c741cde86cda4807481ca0c4e118b75d0.pkl,1
D:\08_Dataset\Internal\mar2020\pickle_files\8ff84d3f0cc3e3bcd6458737e66f06a076b6dd09.pkl,1
D:\08_Dataset\Internal\mar2020\pickle_files\316a4d625497be45c0faf17e180adde064c74199.pkl,1
D:\08_Dataset\Internal\mar2020\pickle_files\91fe760e8f3f96818be97c2747d1c31f5a73ca62.pkl,1
D:\08_Dataset\Internal\mar2020\pickle_files\bf38343f22820ec48e1683a0a9ced651d0edbbb2.pkl,1
D:\08_Dataset\Internal\mar2020\pickle_files\a3fd5dbb88bdddea1daa12cccf3cebd19a6bb0a6.pkl,1
D:\08_Dataset\Internal\mar2020\pickle_files\4c5f498b74c55bd6e8e38cb3adedf39df0fe4511.pkl,1
D:\08_Dataset\Internal\mar2020\pickle_files\38e75eb55eb5c3ee5449e00ec6b7e5cd631d0df8.pkl,1
D:\08_Dataset\Internal\mar2020\pickle_files\6b5acbc03c4adc84ace585b2a1a27605ed3d9ed9.pkl,1
D:\08_Dataset\Internal\mar2020\pickle_files\6007d9fcb388fb9f9a9cde242e2adb7922a65edf.pkl,1
D:\08_Dataset\Internal\mar2020\pickle_files\7fb96181b320aae32328a22b95e63b3e665b94af.pkl,1
D:\08_Dataset\Internal\mar2020\pickle_files\a11a8dfe2eb524bd146003fb4a8dbcefbd3aa2ff.pkl,1
D:\08_Dataset\Internal\mar2020\pickle_files\d4d4beacb6e79e4fca4b3bbc0657e256ce472701.pkl,1
D:\08_Dataset\Internal\mar2020\pickle_files\158252113cc08e4a22cf5610c6db1924ee5b3f2d.pkl,1
D:\08_Dataset\Internal\mar2020\pickle_files\c2f284ff585d62869317984ad2c7166b22b4a138.pkl,1
D:\08_Dataset\Internal\mar2020\pickle_files\5642a6d2f8aac2cb97a8a48f29bb61305b236866.pkl,1
D:\08_Dataset\Internal\mar2020\pickle_files\e75b4c23cd2e1f770d07f6e259c46fc1c5e8f409.pkl,1
D:\08_Dataset\Internal\mar2020\pickle_files\07bf7220effec281cfeb9bbb0e9ecb81e927d072.pkl,1
D:\08_Dataset\Internal\mar2020\pickle_files\8178675db6eaf0a1d50eda62ced12224556115c1.pkl,1
D:\08_Dataset\Internal\mar2020\pickle_files\8a24c4eae59ee656158b9620886b60cd162b8ec4.pkl,1
D:\08_Dataset\Internal\mar2020\pickle_files\0f08b48701efa561503785e9638cb908b868904d.pkl,1
D:\08_Dataset\Internal\mar2020\pickle_files\7c98d73433c9df908639dad6dc115c93134e8a8b.pkl,1
D:\08_Dataset\Internal\mar2020\pickle_files\45478b0c13812e81347375115b50e41b6e18ab84.pkl,1
D:\08_Dataset\Internal\mar2020\pickle_files\30185aed4b5e41fca53110bde5a6ac58cd2dec1f.pkl,1
D:\08_Dataset\Internal\mar2020\pickle_files\67ca164f7db8659d90711e132d6a9af8f20c4630.pkl,1
D:\08_Dataset\Internal\mar2020\pickle_files\34d3ca08ddef324ef3b512907cee1e30903bfd15.pkl,1
D:\08_Dataset\Internal\mar2020\pickle_files\8e6ac38beb14d6655df3da76cab0220083cf3f57.pkl,1
D:\08_Dataset\Internal\mar2020\pickle_files\bc2bb4e845a54d38e633a3084266f7de3a13e908.pkl,1
D:\08_Dataset\Internal\mar2020\pickle_files\df0727b6c1e986ded960dadb140324bee7a7e6a1.pkl,1
D:\08_Dataset\Internal\mar2020\pickle_files\622d481e9f3efd734514ddca62b56f18be9c7a16.pkl,1
D:\08_Dataset\Internal\mar2020\pickle_files\4dd888c697fbebbe9b9a7b4960ba547c3055cf18.pkl,1
D:\08_Dataset\Internal\mar2020\pickle_files\6e9db9a9902e3254c1cfaa9341ec91fa29def7c8.pkl,1
D:\08_Dataset\Internal\mar2020\pickle_files\0c358d5e72600311375f9741e43ef970e2a62a5c.pkl,1
D:\08_Dataset\Internal\mar2020\pickle_files\f99cef18a881954be89e39285c29b190be69e961.pkl,1
D:\08_Dataset\Internal\mar2020\pickle_files\1ec1da0a1c8c3e599dec81d191850bafde125a30.pkl,1
D:\08_Dataset\Internal\mar2020\pickle_files\d18259a510bba89b48bc42ad7c836eff9689038a.pkl,1
D:\08_Dataset\Internal\mar2020\pickle_files\66ab0828166417e7065b9507d226fbe1b00d5f0f.pkl,1
D:\08_Dataset\Internal\mar2020\pickle_files\9d1e18d87521e64a2087047750442c658ca21548.pkl,1
D:\08_Dataset\Internal\mar2020\pickle_files\671e024185560346f14860f8438a2d08303623fa.pkl,1
D:\08_Dataset\Internal\mar2020\pickle_files\af0412d1b604645651568150874b31323dfb2a7f.pkl,1
D:\08_Dataset\Internal\mar2020\pickle_files\4c5fc58a9d2edce564e831285756a3695a07f64a.pkl,1
D:\08_Dataset\Internal\mar2020\pickle_files\3953bc8b0fa4ac3b446e070763dc001a4f215638.pkl,1
D:\08_Dataset\Internal\mar2020\pickle_files\f73860a5f2adc202fd24592c8e4ed7bfa7330a96.pkl,1
D:\08_Dataset\Internal\mar2020\pickle_files\cea3d516114801f7a05bd2331625b0315ab4c6e9.pkl,1
D:\08_Dataset\Internal\mar2020\pickle_files\e235c69ff046893cd8dd287a197833cf780b6caa.pkl,1
D:\08_Dataset\Internal\mar2020\pickle_files\ebd9087623f8220b3de9af59f42bd68476560fa5.pkl,1
D:\08_Dataset\Internal\mar2020\pickle_files\840c122c17e505cb3cfa4c26922e123e9b8a29af.pkl,1
D:\08_Dataset\Internal\mar2020\pickle_files\bdd149ec825b1c717a4853b533ef5f099ced51ac.pkl,1
D:\08_Dataset\Internal\mar2020\pickle_files\7503feab73ff3db9cc5f8cfae205fcad75314fc9.pkl,1
D:\08_Dataset\Internal\mar2020\pickle_files\8080afd63949406d330eb2dfa88ec9e161e9fabb.pkl,1
D:\08_Dataset\Internal\mar2020\pickle_files\f540433b62af49f9d60cc300ceb523e9ba8850f5.pkl,1
D:\08_Dataset\Internal\mar2020\pickle_files\523024e8b0f1abfb53b51757fde7d222aff409b6.pkl,1
D:\08_Dataset\Internal\mar2020\pickle_files\75a233dc15f25d929cdf856b289156e20417204d.pkl,1
D:\08_Dataset\Internal\mar2020\pickle_files\32d799c64819df0d3ba3fb6b8300259bdb57afd9.pkl,1
D:\08_Dataset\Internal\mar2020\pickle_files\eec8d8b0d8280e6277ad360b7cf4d8e1f83b042f.pkl,1
D:\08_Dataset\Internal\mar2020\pickle_files\80922443b7ecc4ad464fb863255956e07b2c22ff.pkl,1
D:\08_Dataset\Internal\mar2020\pickle_files\17807695d8d1d5f4b889b09576dd57bdae88db8e.pkl,1
D:\08_Dataset\Internal\mar2020\pickle_files\587dd24ef2c2c196d3afe2ed918e8244be94f508.pkl,1
D:\08_Dataset\Internal\mar2020\pickle_files\4ca102ad1234ff16b49b127e69adbd47bcf64772.pkl,1
D:\08_Dataset\Internal\mar2020\pickle_files\c0f2de2a784c24c4456374a7b3e358f464a8b3f1.pkl,1
D:\08_Dataset\Internal\mar2020\pickle_files\457a06592734994bd4dc13dcb78b8153ea94e8a5.pkl,1
D:\08_Dataset\Internal\mar2020\pickle_files\dc8ff175e70195fa9a509d57e97ed2cc12989879.pkl,1
D:\08_Dataset\Internal\mar2020\pickle_files\f2760627760760544deca420d18663d496b48882.pkl,1
D:\08_Dataset\Internal\mar2020\pickle_files\208b571dc247068e2695b828682cb7d53d1625e7.pkl,1
D:\08_Dataset\Internal\mar2020\pickle_files\c4633b1c3ee7d4965dbdab111a13df61caaeaa38.pkl,1
D:\08_Dataset\Internal\mar2020\pickle_files\977b3a8a181b9e73ccc49d9d1d12c13cbae1ce76.pkl,1
D:\08_Dataset\Internal\mar2020\pickle_files\47f17d014239449e6f834fd9f15e455d10b798cf.pkl,1
D:\08_Dataset\Internal\mar2020\pickle_files\14fb92148590886d55ce0cec53e31554d17413dd.pkl,1
D:\08_Dataset\Internal\mar2020\pickle_files\c3c12f7f570278eb7955e8a81177effca5e73835.pkl,1
D:\08_Dataset\Internal\mar2020\pickle_files\2fbb64eb2f5e71c700c2a15672fe27d95df0f11e.pkl,1
D:\08_Dataset\Internal\mar2020\pickle_files\0bec4c253e8920939a356ca380ff6994d8dfd6ab.pkl,1
D:\08_Dataset\Internal\mar2020\pickle_files\4e1ca59f748a43c9daa681c887da012ca484a608.pkl,1
D:\08_Dataset\Internal\mar2020\pickle_files\2c385a8c2f06e6b49e5af2de634bc59116cc6701.pkl,1
D:\08_Dataset\Internal\mar2020\pickle_files\d37bed7fcee21531f2e2d5932593fad36f1caf7f.pkl,1
D:\08_Dataset\Internal\mar2020\pickle_files\21799ae29e04f2d7e471a6c7ad5c94cec2d0d518.pkl,1
D:\08_Dataset\Internal\mar2020\pickle_files\f1537351aa961050e0949cd1e3f8e0d34083eda0.pkl,1
D:\08_Dataset\Internal\mar2020\pickle_files\3e188258aa609e9b41e03e372b5f801f25a512cc.pkl,1
D:\08_Dataset\Internal\mar2020\pickle_files\e7579c5b895b47ceb9e3333b2cb53c587bdeed25.pkl,1
D:\08_Dataset\Internal\mar2020\pickle_files\8c096a2a337d7b1b36839730e986832fea0c5174.pkl,1
D:\08_Dataset\Internal\mar2020\pickle_files\8d655b9dbcf3c8c6b55d5aaca5dc4105d06684a2.pkl,1
D:\08_Dataset\Internal\mar2020\pickle_files\2ae74151c28ba6f2bd55501445274129e807ef44.pkl,1
D:\08_Dataset\Internal\mar2020\pickle_files\f66bec0d7d92f2accaec62249f04c32e24d3e2c0.pkl,1
D:\08_Dataset\Internal\mar2020\pickle_files\21665fc53674fe63dfb0ec87a502cdcdc128ec56.pkl,1
D:\08_Dataset\Internal\mar2020\pickle_files\1f7d7bbcd72bc479fad6230fdb9ca6cfe31ecfbc.pkl,1
D:\08_Dataset\Internal\mar2020\pickle_files\13e6e43a453b69f83e43ccaa5d2b9063fdc58d4d.pkl,1
D:\08_Dataset\Internal\mar2020\pickle_files\4fea8f67f931e103b076c1396a3e62b9424a3f8a.pkl,1
D:\08_Dataset\Internal\mar2020\pickle_files\60056b56a92a8783b07ca117982bb72330484e1f.pkl,1
D:\08_Dataset\Internal\mar2020\pickle_files\3b6713da627720b52a6b5996bd699603f986d5e7.pkl,1
D:\08_Dataset\Internal\mar2020\pickle_files\7dae314040cd2249581befcd8342bfc152b653ee.pkl,1
D:\08_Dataset\Internal\mar2020\pickle_files\334995751b56b9142d4060444246ff0293b8719e.pkl,1
D:\08_Dataset\Internal\mar2020\pickle_files\d4bcfe66fc914cc19e341e858c42b7f061a755f7.pkl,1
D:\08_Dataset\Internal\mar2020\pickle_files\7b241b5a086c50ee336ddfcb924c8a4d8766bf56.pkl,1
D:\08_Dataset\Internal\mar2020\pickle_files\e2b49cdf757b3e693f95978ad04dc9dd1e73e814.pkl,1
D:\08_Dataset\Internal\mar2020\pickle_files\8af714e06ce2e49823a0080a2ca34cb62b5a0a17.pkl,1
D:\08_Dataset\Internal\mar2020\pickle_files\9d462e74d87ef2432fb6cac51babcb11000f25fc.pkl,1
D:\08_Dataset\Internal\mar2020\pickle_files\66b716838a9c75ee1d9cfefb8d74c5da0cb3daf8.pkl,1
D:\08_Dataset\Internal\mar2020\pickle_files\0703a561fbdde6bd15496a630730b7e98edbc417.pkl,1
D:\08_Dataset\Internal\mar2020\pickle_files\11f9018df6035e0255c4cbbaeb8acbffe611dbef.pkl,1
D:\08_Dataset\Internal\mar2020\pickle_files\c55c7633666ef4fc6506b36c620be6d69e49bf0f.pkl,1
D:\08_Dataset\Internal\mar2020\pickle_files\fec53f0e753e91c0bbd1a2ec0f3ce4762ca900f5.pkl,1
D:\08_Dataset\Internal\mar2020\pickle_files\021daa0c5f0a7b58ec548a9d4ce99d030ec037f3.pkl,1
D:\08_Dataset\Internal\mar2020\pickle_files\37437b90c0967a2138eedee3b98469e1f604d09f.pkl,1
D:\08_Dataset\Internal\mar2020\pickle_files\1ec39da980d74afbc8569a290126e866fb262b53.pkl,1
D:\08_Dataset\Internal\mar2020\pickle_files\9e783c0340fc2ee1e1a5017e5f9bd578280d35d7.pkl,1
D:\08_Dataset\Internal\mar2020\pickle_files\61e3dec2b64cfd78141c8a8813a0c809ec00f022.pkl,1
D:\08_Dataset\Internal\mar2020\pickle_files\a09c554444a395b9a1a7a5c8a779c4566b804385.pkl,1
D:\08_Dataset\Internal\mar2020\pickle_files\003c289dac32db9e97679ad8d92d11c2606ae76e.pkl,1
D:\08_Dataset\Internal\mar2020\pickle_files\fce51280077f0488f907c7f2cbc021bc0448bf00.pkl,1
D:\08_Dataset\Internal\mar2020\pickle_files\6069979c049577fd72d94ba2883898a3b390858d.pkl,1
D:\08_Dataset\Internal\mar2020\pickle_files\61412c81eae66449744b3b1fa2fc3c25fd57931d.pkl,1
D:\08_Dataset\Internal\mar2020\pickle_files\95dd584c0d98510e4b30ddae9c0bdcf599d1e09b.pkl,1
D:\08_Dataset\Internal\mar2020\pickle_files\0cb3da9faadc46ef2189088cdb6126e03dd50a87.pkl,1
D:\08_Dataset\Internal\mar2020\pickle_files\3f693dcc5a59699878c482df0ac59b12a7917cb7.pkl,1
D:\08_Dataset\Internal\mar2020\pickle_files\49cdef5de2e394cc7dd18854e3ca9e2cc3becfe1.pkl,1
D:\08_Dataset\Internal\mar2020\pickle_files\43df41f13c9926a48b455b6ad228067689d25197.pkl,1
D:\08_Dataset\Internal\mar2020\pickle_files\7573a1b7d435506c7aa522c350b5cd97193ef049.pkl,1
D:\08_Dataset\Internal\mar2020\pickle_files\9bf6266df00f757d6363b9932d523d5b4381d22f.pkl,1
D:\08_Dataset\Internal\mar2020\pickle_files\fc4481e9ebbe5f47aaac64efcb5b25a17a35d2c8.pkl,1
D:\08_Dataset\Internal\mar2020\pickle_files\e85e531fb47ffa1ec30835485fe758e8cde22c79.pkl,1
D:\08_Dataset\Internal\mar2020\pickle_files\6e9d8505b03f671f05aa0557c75dba6c206cbe06.pkl,1
D:\08_Dataset\Internal\mar2020\pickle_files\945b9a1148b56c16b7c5bbf99f460584b3287606.pkl,1
D:\08_Dataset\Internal\mar2020\pickle_files\41f501dd9894ba6dc8d32dcf329b1a1f25624692.pkl,1
D:\08_Dataset\Internal\mar2020\pickle_files\465c4b03d39492bfe0f5e5ee56ecb296287c4b2f.pkl,1
D:\08_Dataset\Internal\mar2020\pickle_files\67ee04b99e5478ea468ac1535861a86036c751d7.pkl,1
D:\08_Dataset\Internal\mar2020\pickle_files\355328b82c244f598f9967c9203ab1363532439b.pkl,1
D:\08_Dataset\Internal\mar2020\pickle_files\da9452e8567cdb881a2fa12a7fea99d21c337975.pkl,1
D:\08_Dataset\Internal\mar2020\pickle_files\8dea606a2c10748fa9b2bc617cd950521148d670.pkl,1
D:\08_Dataset\Internal\mar2020\pickle_files\a11e20668734f2203d1e41f0323429ca0b024fd1.pkl,1
D:\08_Dataset\Internal\mar2020\pickle_files\4e5ae6b8c0109e037fd7ed0bda9ff12a4bf975a3.pkl,1
D:\08_Dataset\Internal\mar2020\pickle_files\d2e2c0be35656545fb956fa36563714b6113205c.pkl,1
D:\08_Dataset\Internal\mar2020\pickle_files\7631dea7d202477ba7c7cf0647a2a09e41e1d7bf.pkl,1
D:\08_Dataset\Internal\mar2020\pickle_files\ebbb5bb069f0470c7726e4599ec3c242761a5c98.pkl,1
D:\08_Dataset\Internal\mar2020\pickle_files\b240e07b7253296e02da0718a81826adbc3a0d1d.pkl,1
D:\08_Dataset\Internal\mar2020\pickle_files\196477ca371f8eade21a8cbc50e7b02252abd072.pkl,1
D:\08_Dataset\Internal\mar2020\pickle_files\ec19c49b5dde80d34dc2286ddb8d39c603d4969f.pkl,1
D:\08_Dataset\Internal\mar2020\pickle_files\5388e9befa7f8fbc22c41673ad09af241c02223b.pkl,1
D:\08_Dataset\Internal\mar2020\pickle_files\47805a750a3b25670a8a9b63e61e959bc60e825b.pkl,1
D:\08_Dataset\Internal\mar2020\pickle_files\3f6eadcb25a9ac4e8392315b6218b633933cd3a8.pkl,1
D:\08_Dataset\Internal\mar2020\pickle_files\206887be9fa4fd6b91357a7b5a1c5ff593dceba5.pkl,1
D:\08_Dataset\Internal\mar2020\pickle_files\5b0eee2c9d4c4cf5018790c2f764e998f7ad4af9.pkl,1
D:\08_Dataset\Internal\mar2020\pickle_files\9d89778f690ebeb273e153227e47e9ece39f6f94.pkl,1
D:\08_Dataset\Internal\mar2020\pickle_files\71d2c307cea70461cd29152db6590542e1f81a2f.pkl,1
D:\08_Dataset\Internal\mar2020\pickle_files\cb19f5095d6a79136400940672a3a94bee28d28f.pkl,1
D:\08_Dataset\Internal\mar2020\pickle_files\327d0ec22343080dfa7e04355b87a8d1fadb4e38.pkl,1
D:\08_Dataset\Internal\mar2020\pickle_files\d9fc3880f1228a267c4571e37336bb532295216d.pkl,1
D:\08_Dataset\Internal\mar2020\pickle_files\6d6a5a1efb7e3da66fd9dfe28e02221d8e321811.pkl,1
D:\08_Dataset\Internal\mar2020\pickle_files\ef9335a7a8e157d4c9c58949b69211d5e66268b6.pkl,1
D:\08_Dataset\Internal\mar2020\pickle_files\e40bec8e5ee83307d940176a8a9a47774cebfdf5.pkl,1
D:\08_Dataset\Internal\mar2020\pickle_files\2dcf22202127ee3ae199c9d44319f85be978264e.pkl,1
D:\08_Dataset\Internal\mar2020\pickle_files\4590c151fa1f042dceed07ccafebddf814f61aa1.pkl,1
D:\08_Dataset\Internal\mar2020\pickle_files\638f6b1a2339cf560c6e0a2b77c3a989416665ff.pkl,1
D:\08_Dataset\Internal\mar2020\pickle_files\4e375c60e8f4590d8d47ea8d21b500605eacfd0d.pkl,1
D:\08_Dataset\Internal\mar2020\pickle_files\5d944c4dfd6b03e2a551165b921f3368bf853510.pkl,1
D:\08_Dataset\Internal\mar2020\pickle_files\94e1489c76a7f94ab961dcdb7a2c7a8a81d1bc28.pkl,1
D:\08_Dataset\Internal\mar2020\pickle_files\8a82aa666194f50863b5005526db1c410b03a400.pkl,1
D:\08_Dataset\Internal\mar2020\pickle_files\1c62668a158fd91daaa7dda1a4d4519a5510f65e.pkl,1
D:\08_Dataset\Internal\mar2020\pickle_files\5d87731749c097cde76e5aff930c38b6a84776e6.pkl,1
D:\08_Dataset\Internal\mar2020\pickle_files\de54253d6e2c4a8b96ce8d793f8a670798446fee.pkl,1
D:\08_Dataset\Internal\mar2020\pickle_files\7a8aa0bf4146b3f833a6d297b422c1841f3fb2a3.pkl,1
D:\08_Dataset\Internal\mar2020\pickle_files\ad5834df1f5d173afcacfa51a6d28bdebf73e55e.pkl,1
D:\08_Dataset\Internal\mar2020\pickle_files\0d7ddf14638b7504bc0a5048f6570a729d8d0bd8.pkl,1
D:\08_Dataset\Internal\mar2020\pickle_files\0a61d16cd52e5068bca8cf01644472b1e0b28066.pkl,1
D:\08_Dataset\Internal\mar2020\pickle_files\306f8947bf4b26f8264e2c77a0d7ba67e28c44dd.pkl,1
D:\08_Dataset\Internal\mar2020\pickle_files\f38c1858f238d6656fef5b1273c41ea2a7e64823.pkl,1
D:\08_Dataset\Internal\mar2020\pickle_files\da8c8f211996c355d5dbea3eb37189aa1affbe96.pkl,1
D:\08_Dataset\Internal\mar2020\pickle_files\4f9ba35da379b089f91b8d07e172790c1369bd27.pkl,1
D:\08_Dataset\Internal\mar2020\pickle_files\7116dab287d1480c807675137877daaa525cb049.pkl,1
D:\08_Dataset\Internal\mar2020\pickle_files\dbaf9ea85f4069d4722d3406169b85a7bab2381e.pkl,1
D:\08_Dataset\Internal\mar2020\pickle_files\de2dfa59d8f28aa7486315fc1dfbc8808250be0d.pkl,1
D:\08_Dataset\Internal\mar2020\pickle_files\a653f2ed9f24a6ad3064e259f2abf96f10c015f6.pkl,1
D:\08_Dataset\Internal\mar2020\pickle_files\1454ec02dcaaa12be990398940ae33dcc374ed1e.pkl,1
D:\08_Dataset\Internal\mar2020\pickle_files\2ca8599dadf4789f57ff045ddeee3a8400610944.pkl,1
D:\08_Dataset\Internal\mar2020\pickle_files\0ce3eba10df2ae0e3cb0e0261d3fcc9740cfe2ec.pkl,1
D:\08_Dataset\Internal\mar2020\pickle_files\66b0c5837fbad44dc73c7603ff0a6c488312b44d.pkl,1
D:\08_Dataset\Internal\mar2020\pickle_files\b87d150b1f61aca3e7e6efb5ca7c53438848df06.pkl,1
D:\08_Dataset\Internal\mar2020\pickle_files\f02afecf405c1d54009a09cb3b0b5037d0ed6d41.pkl,1
D:\08_Dataset\Internal\mar2020\pickle_files\4fa0f69a30b4d8b0ce3e077b8dfaceabc71fdb75.pkl,1
D:\08_Dataset\Internal\mar2020\pickle_files\bd17cc29c66b4b71c51404cc21fb334434173aef.pkl,1
D:\08_Dataset\Internal\mar2020\pickle_files\46546f28250b53cb8b6568bd739fbf6dd42160a7.pkl,1
D:\08_Dataset\Internal\mar2020\pickle_files\ed312c490f82ed816528f4fd989e7fb571aa9f70.pkl,1
D:\08_Dataset\Internal\mar2020\pickle_files\32685e2aea87ff1121957057c4297dd15f068a78.pkl,1
D:\08_Dataset\Internal\mar2020\pickle_files\842c1b7d0a7eb7b4bf29cdfcd2e41b7de443e0d1.pkl,1
D:\08_Dataset\Internal\mar2020\pickle_files\e764d96aa482f91bc85fa9f8c54e066fc2113769.pkl,1
D:\08_Dataset\Internal\mar2020\pickle_files\6479c9bd3c6f9cdd87c702590d5a7684faebae30.pkl,1
D:\08_Dataset\Internal\mar2020\pickle_files\445dd71824e382f09a580c7d52b8b30670c0a989.pkl,1
D:\08_Dataset\Internal\mar2020\pickle_files\2017b7360f452d6dfee3900e1543cf496fd7f33c.pkl,1
D:\08_Dataset\Internal\mar2020\pickle_files\e4fe597ec8a048b21c9c452569f622f535652395.pkl,1
D:\08_Dataset\Internal\mar2020\pickle_files\aeff84b0c98a96b4d8990c511ba802b74a4f0665.pkl,1
D:\08_Dataset\Internal\mar2020\pickle_files\dae8bb1c7deb09df694d16210140ba80f669182e.pkl,1
D:\08_Dataset\Internal\mar2020\pickle_files\91510ea13b8876f2a30b10975a94507583c50baf.pkl,1
D:\08_Dataset\Internal\mar2020\pickle_files\efc982a73b0163696ff659745ec8cc1cf5192d13.pkl,1
D:\08_Dataset\Internal\mar2020\pickle_files\6a4e51633dfa6e1c0c910b40d744e2fb8f1618bd.pkl,1
D:\08_Dataset\Internal\mar2020\pickle_files\b06a196f49e261bafa236be0b884805f6b95e745.pkl,1
D:\08_Dataset\Internal\mar2020\pickle_files\3c2a8628e17a40296d66daed57f5ec886899999a.pkl,1
D:\08_Dataset\Internal\mar2020\pickle_files\6508809c5b481aa9cb9cef37112ebef2cc78626d.pkl,1
D:\08_Dataset\Internal\mar2020\pickle_files\b463b80420e005731d880f628f6a498701f19338.pkl,1
D:\08_Dataset\Internal\mar2020\pickle_files\87d024f18a29d6ced4fd2c6d564b04f78cdfee74.pkl,1
D:\08_Dataset\Internal\mar2020\pickle_files\205c4f68a71f612e3a206328cd9afd06ae9956bd.pkl,1
D:\08_Dataset\Internal\mar2020\pickle_files\d0c040e991315dc9e7199ed0e36aa3a42b69bbbd.pkl,1
D:\08_Dataset\Internal\mar2020\pickle_files\ada7353bb3296b6b7735d24db6303cece21b796d.pkl,1
D:\08_Dataset\Internal\mar2020\pickle_files\5e54bead21cb7d170fcd85290b65fcee1fdd006d.pkl,1
D:\08_Dataset\Internal\mar2020\pickle_files\77652d449b082b8d15bbc5bf7030b1fb9620f424.pkl,1
D:\08_Dataset\Internal\mar2020\pickle_files\b53b6a1c12ea5a745d7107bebb6f465f72beb362.pkl,1
D:\08_Dataset\Internal\mar2020\pickle_files\3d59f15deadb6c943166376add4fb4afbf7f3384.pkl,1
D:\08_Dataset\Internal\mar2020\pickle_files\6c25f3809935ffc408db24818dce657fc230c44f.pkl,1
D:\08_Dataset\Internal\mar2020\pickle_files\4f6878e4081a59732d5c7f61e40ff4a7148ba2ce.pkl,1
D:\08_Dataset\Internal\mar2020\pickle_files\70754215e092a0585f887c9637d7dffab6aa4b81.pkl,1
D:\08_Dataset\Internal\mar2020\pickle_files\49bef5b0130dceaa39a0d73e7761d5f3e6a53408.pkl,1
D:\08_Dataset\Internal\mar2020\pickle_files\7566a16112705266e3a660edb7bf021b0c08ca59.pkl,1
D:\08_Dataset\Internal\mar2020\pickle_files\324d8fa62d0806d3f5487a729542fdae12069f6c.pkl,1
D:\08_Dataset\Internal\mar2020\pickle_files\065e6024401ad4ab209b175c10bf0c0ce59e051d.pkl,1
D:\08_Dataset\Internal\mar2020\pickle_files\6fa8fdbc3941f660cc220301c1000bf0efd4d8db.pkl,1
D:\08_Dataset\Internal\mar2020\pickle_files\d4c253cbf80dc65a04747aea4afc91de6a4a4c5d.pkl,1
D:\08_Dataset\Internal\mar2020\pickle_files\78e55a21295b54f5c32de7422667c5c2d08ba482.pkl,1
D:\08_Dataset\Internal\mar2020\pickle_files\8b9ddbca68c85afcc836045a25e061778ea34c92.pkl,1
D:\08_Dataset\Internal\mar2020\pickle_files\58f4bd9c56fd5745a750e38e32f2ad547e436683.pkl,1
D:\08_Dataset\Internal\mar2020\pickle_files\98f1176e1222d7f973c5bb1dbf8ff18554bc8103.pkl,1
D:\08_Dataset\Internal\mar2020\pickle_files\72ad0d60755af05c305467bdeaf2b0e35ffd49bf.pkl,1
D:\08_Dataset\Internal\mar2020\pickle_files\990507e6896c9a15db3d01b79af3e61d0c78a40f.pkl,1
D:\08_Dataset\Internal\mar2020\pickle_files\165937b947ea1e63aa3378133508206c9c8199ce.pkl,1
D:\08_Dataset\Internal\mar2020\pickle_files\025d985c619b4f6c3c1e40988d03d70e70f73f35.pkl,1
D:\08_Dataset\Internal\mar2020\pickle_files\d88e7dadbb8e7df269b306b14372ca1a96cf48da.pkl,1
D:\08_Dataset\Internal\mar2020\pickle_files\0bd1e6488b7b57534cd96c01db1474bb601c3731.pkl,1
D:\08_Dataset\Internal\mar2020\pickle_files\56c0951c6bd0cc3804e566d8cf1947bd639f0536.pkl,1
D:\08_Dataset\Internal\mar2020\pickle_files\fffb2ce64352e23dd6e0d19b5972e2e8b8b35ec6.pkl,1
D:\08_Dataset\Internal\mar2020\pickle_files\ec37371aeff395e8d32615f3ab12332c0b276359.pkl,1
D:\08_Dataset\Internal\mar2020\pickle_files\30d76da739019ab7047aaf3c651df90af6893008.pkl,1
D:\08_Dataset\Internal\mar2020\pickle_files\ae2356f3e9524922689c1dc85f9e195472b60eb3.pkl,1
D:\08_Dataset\Internal\mar2020\pickle_files\17acf1c1303d871434567d8722f3e7410c6a1b67.pkl,1
D:\08_Dataset\Internal\mar2020\pickle_files\3e5d8f7793c033acdfdc7e6e4ef59e0c87169f42.pkl,1
D:\08_Dataset\Internal\mar2020\pickle_files\31c82fd93ee58ef8593fe9d59cb26c62cbcf2440.pkl,1
D:\08_Dataset\Internal\mar2020\pickle_files\1bf8a0eb176d6e385c01693df33bbf12de682c1b.pkl,1
D:\08_Dataset\Internal\mar2020\pickle_files\9696817e2eed32cf06adcc7d24769c120249a030.pkl,1
D:\08_Dataset\Internal\mar2020\pickle_files\1d66687f176d55328eaea66e358b9876438b2d99.pkl,1
D:\08_Dataset\Internal\mar2020\pickle_files\742c4897ea5ff81344739f9a7eb7c1b88ca2d9db.pkl,1
D:\08_Dataset\Internal\mar2020\pickle_files\560d14442aabd5b4253eb7cf28b17d09d3752938.pkl,1
D:\08_Dataset\Internal\mar2020\pickle_files\fad6cb255b7bdf8541a4ea1c6ec069e7a7cf5773.pkl,1
D:\08_Dataset\Internal\mar2020\pickle_files\936a29027f28aab3384d1c039f234b64315af1d2.pkl,1
D:\08_Dataset\Internal\mar2020\pickle_files\f8831ea1be6417ffa7750d9f6dd96eafc00c3bf0.pkl,1
D:\08_Dataset\Internal\mar2020\pickle_files\ce36e48a9b6ac3d32f325f8a1be6982ec59a7744.pkl,1
D:\08_Dataset\Internal\mar2020\pickle_files\772152d23ef09fc7ed07b4056b49133a5141512e.pkl,1
D:\08_Dataset\Internal\mar2020\pickle_files\4e9e2753286bf304195e985fdc6ae658668aba97.pkl,1
D:\08_Dataset\Internal\mar2020\pickle_files\1a4e30a8a6e2f85959e4137358b209e7405e33f2.pkl,1
D:\08_Dataset\Internal\mar2020\pickle_files\3ea560a3db113e95a0aff777457d77d74d35df1c.pkl,1
D:\08_Dataset\Internal\mar2020\pickle_files\f358e3bbe804fa75d3e1e2027448cdf34dc1592a.pkl,1
D:\08_Dataset\Internal\mar2020\pickle_files\710d74c9cc18eecf7bb97b0c362e1711849b33ae.pkl,1
D:\08_Dataset\Internal\mar2020\pickle_files\672e6150301dad4709dfafa157ca03804b3402f4.pkl,1
D:\08_Dataset\Internal\mar2020\pickle_files\29c012529c37880784c33cdfdc43471b9d52571b.pkl,1
D:\08_Dataset\Internal\mar2020\pickle_files\bde24843d6a175ec153db789c3e6f988c6b9dbc3.pkl,1
D:\08_Dataset\Internal\mar2020\pickle_files\4fe1d15bc247e967b96119b927dfd445c7027661.pkl,1
D:\08_Dataset\Internal\mar2020\pickle_files\f724d44103f94088756b04c24223781f2e369c6c.pkl,1
D:\08_Dataset\Internal\mar2020\pickle_files\e2d5a4967f9fdec25af81d06f142d8563ca28656.pkl,1
D:\08_Dataset\Internal\mar2020\pickle_files\48c4fe6f3dbdc0ef744b2b25bfe379e482fc07b5.pkl,1
D:\08_Dataset\Internal\mar2020\pickle_files\eafbda2939cdefef1b09a460f9749fa4349c5594.pkl,1
D:\08_Dataset\Internal\mar2020\pickle_files\7bb445e3c958b458665c3264517987c8cbe28a9e.pkl,1
D:\08_Dataset\Internal\mar2020\pickle_files\108884ad4cac0a0543bc23ec1dc15879c7ff2238.pkl,1
D:\08_Dataset\Internal\mar2020\pickle_files\e174710861219b85cf0b5c865da707fb39cd1875.pkl,1
D:\08_Dataset\Internal\mar2020\pickle_files\1e790f1213169e78a69dd8ba703d1a89ac454bb3.pkl,1
D:\08_Dataset\Internal\mar2020\pickle_files\807f687778028096aa55c058502b2b751fa31727.pkl,1
D:\08_Dataset\Internal\mar2020\pickle_files\e4de7b4b2d7ed3d598aa5ba790c3dc8046f94f09.pkl,1
D:\08_Dataset\Internal\mar2020\pickle_files\133f76cb969e6ea52e5837b92b9f1e358462c5f2.pkl,1
D:\08_Dataset\Internal\mar2020\pickle_files\88e36ece31ae7db3cd6e4e1464a0cde05a75a039.pkl,1
D:\08_Dataset\Internal\mar2020\pickle_files\1f580320e12804de48148a7d301f68cc0f67e6b9.pkl,1
D:\08_Dataset\Internal\mar2020\pickle_files\ef2abf0246a4de1df354c3464a17c320f4fdfcd7.pkl,1
D:\08_Dataset\Internal\mar2020\pickle_files\13934e0a7662f1a3491e51f203592debee464d89.pkl,1
D:\08_Dataset\Internal\mar2020\pickle_files\d1b3786a8d8c6329a61db389e99b08c0f70d20da.pkl,1
D:\08_Dataset\Internal\mar2020\pickle_files\e2c7d07816e3282180a9b17e6d2bfd68c87daab2.pkl,1
D:\08_Dataset\Internal\mar2020\pickle_files\0f7b821b2055f065d4708f60b13c305f4f18de72.pkl,1
D:\08_Dataset\Internal\mar2020\pickle_files\f8f71ff91da1916b6bfa99b9699f991f9d06cff6.pkl,1
D:\08_Dataset\Internal\mar2020\pickle_files\d7aed298b6fc3804fc32b9255e78342d1d0401d2.pkl,1
D:\08_Dataset\Internal\mar2020\pickle_files\68ec18dbd75fc251fa364a3bba4623eec54d4145.pkl,1
D:\08_Dataset\Internal\mar2020\pickle_files\44e8f7de2abf420b880118915072e40f78f423ca.pkl,1
D:\08_Dataset\Internal\mar2020\pickle_files\6c964f99376b6ee0c33ae242a4fba02dd0e7beaa.pkl,1
D:\08_Dataset\Internal\mar2020\pickle_files\76c8dc292560a5fa055513a4bf9b6b5bbd2e0d2b.pkl,1
D:\08_Dataset\Internal\mar2020\pickle_files\cb8730c9b29ffbf7d0050616240c56a2dadc959e.pkl,1
D:\08_Dataset\Internal\mar2020\pickle_files\4e3e08e44124edbc99243364f8cfde98fc39c60a.pkl,1
D:\08_Dataset\Internal\mar2020\pickle_files\a8213ec4491d5c9f9d49b693bea8e919483b7e16.pkl,1
D:\08_Dataset\Internal\mar2020\pickle_files\e6b6f6ef9e9cd5b10a0f4ebd632447f0152f050c.pkl,1
D:\08_Dataset\Internal\mar2020\pickle_files\50bc159cf31944666f83bef77fb0604fcd5b6f39.pkl,1
D:\08_Dataset\Internal\mar2020\pickle_files\86c2d69fe6888ecdeb38edd20fe6124b4d8f087d.pkl,1
D:\08_Dataset\Internal\mar2020\pickle_files\adf2e1a630d4c21b316a43754e6bd9c5f68d52f0.pkl,1
D:\08_Dataset\Internal\mar2020\pickle_files\1f392dc96a534fa94ba0d82110a3a4f572faa999.pkl,1
D:\08_Dataset\Internal\mar2020\pickle_files\65ba409244215c5519ff86618632810b6878053c.pkl,1
D:\08_Dataset\Internal\mar2020\pickle_files\b5725be2ee93ff29979153901f53d5f1adfb2220.pkl,1
D:\08_Dataset\Internal\mar2020\pickle_files\6eaf0291250cb738f938dbab6ff15b8ee5189b30.pkl,1
D:\08_Dataset\Internal\mar2020\pickle_files\50934c402dbdff53028eda8808d1e6d8c1707c22.pkl,1
D:\08_Dataset\Internal\mar2020\pickle_files\a7816e48a87182d078a7cfb044167610de88ce86.pkl,1
D:\08_Dataset\Internal\mar2020\pickle_files\48dc314f1dcd6e69f8cf160f20207589b74ba5e0.pkl,1
D:\08_Dataset\Internal\mar2020\pickle_files\5ecb52c2c3bec3090056c4108de7a44010825a1c.pkl,1
D:\08_Dataset\Internal\mar2020\pickle_files\8a35f4d256fd187b824ec222aa031b3eba216513.pkl,1
D:\08_Dataset\Internal\mar2020\pickle_files\635717f3f8178931da2814c229d75cd4c8d5113d.pkl,1
D:\08_Dataset\Internal\mar2020\pickle_files\0abf5eb0545cf575d3c747034f98ffeed848ba27.pkl,1
D:\08_Dataset\Internal\mar2020\pickle_files\1735d83eb39fe2cfbdcdc16f7040e9717a28eda9.pkl,1
D:\08_Dataset\Internal\mar2020\pickle_files\97ef873a666e731d8051b67025bac714a82dfe5d.pkl,1
D:\08_Dataset\Internal\mar2020\pickle_files\70f4abc1280a589c4d7f8ec634e94e5a4a89b671.pkl,1
D:\08_Dataset\Internal\mar2020\pickle_files\8d0aaecac5e825c7c5c89e4ceac4e7a822af8cfa.pkl,1
D:\08_Dataset\Internal\mar2020\pickle_files\7bd1c961a6c6191812c17a756193ffa4f93d01f0.pkl,1
D:\08_Dataset\Internal\mar2020\pickle_files\ba78142101a31d074fe8082316410f6be16529ee.pkl,1
D:\08_Dataset\Internal\mar2020\pickle_files\19ae4b986f2053105b3d23f738adabd96edb230a.pkl,1
D:\08_Dataset\Internal\mar2020\pickle_files\ffb241fceb6b4812472c9f1c2deeff62ec38e57c.pkl,1
D:\08_Dataset\Internal\mar2020\pickle_files\cbf05d35cfbd2dca2402a405b1e8e90f7b9fc386.pkl,1
D:\08_Dataset\Internal\mar2020\pickle_files\16c1c75a04a8efb3f271f39c2f2dadcf2b0230f6.pkl,1
D:\08_Dataset\Internal\mar2020\pickle_files\ea32cb43314ccb1d81e71a6fc6940693c846eeac.pkl,1
D:\08_Dataset\Internal\mar2020\pickle_files\79e7347a259c9cdf765851325fc0e63fd0e54611.pkl,1
D:\08_Dataset\Internal\mar2020\pickle_files\e82a243fd6dded71cf0aedbd21826a4a9e13ef73.pkl,1
D:\08_Dataset\Internal\mar2020\pickle_files\f87507ea877ea2fefd8d2f701abed73f003701ff.pkl,1
D:\08_Dataset\Internal\mar2020\pickle_files\58933a8ee5f443262b178c8483cf4a20b11aa306.pkl,1
D:\08_Dataset\Internal\mar2020\pickle_files\05b36f98e39e57fc2b727f16649f26783c86e470.pkl,1
D:\08_Dataset\Internal\mar2020\pickle_files\16b76da0f7ec4aa82b2cdb55bbca043ce251a983.pkl,1
D:\08_Dataset\Internal\mar2020\pickle_files\c9c92c3039c77c102160adb9ad6c91dce40bb884.pkl,1
D:\08_Dataset\Internal\mar2020\pickle_files\49da29740ec5c1a46f0ea994fc98f61af293f440.pkl,1
D:\08_Dataset\Internal\mar2020\pickle_files\56c63d54cb5c3b8e319ce6cc015f423552319cb0.pkl,1
D:\08_Dataset\Internal\mar2020\pickle_files\f41f1b557b5283a0db2278f6db437d902fb7d3b0.pkl,1
D:\08_Dataset\Internal\mar2020\pickle_files\caa36a74319403b9401601c3f732a4a962535040.pkl,1
D:\08_Dataset\Internal\mar2020\pickle_files\278b94102431feb21e715ef307433bf573b5e655.pkl,1
D:\08_Dataset\Internal\mar2020\pickle_files\c6b68c47d3483e33cb2369a9ff578f33dc3f91e3.pkl,1
D:\08_Dataset\Internal\mar2020\pickle_files\9ea0de0d28cb689f09dbb65de39daacf791a6a4b.pkl,1
D:\08_Dataset\Internal\mar2020\pickle_files\e7dbc9f0bb1d0cb7b5ae34d61403c6209b4803cc.pkl,1
D:\08_Dataset\Internal\mar2020\pickle_files\3f0fc32cf9a5d10a1acb62ed0ba551afa438e87c.pkl,1
D:\08_Dataset\Internal\mar2020\pickle_files\12c13de5d53e28fc158245558f914aa41384708d.pkl,1
D:\08_Dataset\Internal\mar2020\pickle_files\dfa0be38087bed88a4193072046e7aaa51b0f7bd.pkl,1
D:\08_Dataset\Internal\mar2020\pickle_files\10fa25aa3f0da3e01ed49501e745d85016321ea6.pkl,1
D:\08_Dataset\Internal\mar2020\pickle_files\f6a148782a53973ab93d1f25e7cc74dc08022476.pkl,1
D:\08_Dataset\Internal\mar2020\pickle_files\056f62a190ac8c5990af6c40347c8214a73ea95e.pkl,1
D:\08_Dataset\Internal\mar2020\pickle_files\1455c4d17920bc405e84ab9af2ccc7c6465eb689.pkl,1
D:\08_Dataset\Internal\mar2020\pickle_files\12db51d5c50aa20bab18c3088dafa47dd689cf9a.pkl,1
D:\08_Dataset\Internal\mar2020\pickle_files\2220cec24ea36cb458e1201db598a148dfbb6495.pkl,1
D:\08_Dataset\Internal\mar2020\pickle_files\44ea0cbd48d8969d0c29614f1cec09876c821f97.pkl,1
D:\08_Dataset\Internal\mar2020\pickle_files\13223b266f03bb0560d9da5da67879755c5213d1.pkl,1
D:\08_Dataset\Internal\mar2020\pickle_files\9bacc4833c05f5da329b48e11528eeeb8394e8c3.pkl,1
D:\08_Dataset\Internal\mar2020\pickle_files\83c3549a508272d454b49146b24f38bd6ab5dcb2.pkl,1
D:\08_Dataset\Internal\mar2020\pickle_files\2938430c1bb9155ceaf3b9d96dc4c066125c7436.pkl,1
D:\08_Dataset\Internal\mar2020\pickle_files\8b930b532c48f8ceb48ea83ed015aa5ea5975c15.pkl,1
D:\08_Dataset\Internal\mar2020\pickle_files\4138c204c47f1e21c8010d2c974b3eacf8a433da.pkl,1
D:\08_Dataset\Internal\mar2020\pickle_files\4135818c677a3f1015174ef809bc2a98db39833a.pkl,1
D:\08_Dataset\Internal\mar2020\pickle_files\e28b215cd6078ab31750159f6b1c695dbbd73367.pkl,1
D:\08_Dataset\Internal\mar2020\pickle_files\76a8608ef417310ea8cfbdc8dc214dfb0c179a08.pkl,1
D:\08_Dataset\Internal\mar2020\pickle_files\e21c4573e37ca28787436925b072e433068c46a1.pkl,1
D:\08_Dataset\Internal\mar2020\pickle_files\ca1b7f3ee48e9f5edbdb5e8fe7bb81025a2db4b1.pkl,1
D:\08_Dataset\Internal\mar2020\pickle_files\c1a6d0cd64c33fd45cae696a0efa883cf66d7d22.pkl,1
D:\08_Dataset\Internal\mar2020\pickle_files\56491434b519bcc428d2c52a1ce257ed0a8fcdef.pkl,1
D:\08_Dataset\Internal\mar2020\pickle_files\d34d9ce88dde2e23710a252e9f37f317d051a171.pkl,1
D:\08_Dataset\Internal\mar2020\pickle_files\a6fa0aaf62aa3661a4e08a01175d96625b72a478.pkl,1
D:\08_Dataset\Internal\mar2020\pickle_files\f9cfa6d5b5e61d3dc4fa3d78d567f7c90f266ef5.pkl,1
D:\08_Dataset\Internal\mar2020\pickle_files\dc3bd80883a1df96d8ffc5b3819055919b6729bd.pkl,1
D:\08_Dataset\Internal\mar2020\pickle_files\ce9fc1070df957bb52cc618ad387fc43df62f913.pkl,1
D:\08_Dataset\Internal\mar2020\pickle_files\acfb1b23d0aa6e87d15ba3cab0b2f5489afead25.pkl,1
D:\08_Dataset\Internal\mar2020\pickle_files\1a5a31acc2157cf91d081b921dd3196c226c4691.pkl,1
D:\08_Dataset\Internal\mar2020\pickle_files\ecd64641e8591d367abc02c2dcf10c0c5c21d302.pkl,1
D:\08_Dataset\Internal\mar2020\pickle_files\5ab359333173c3dd3a43348eed57c4dc27f75123.pkl,1
D:\08_Dataset\Internal\mar2020\pickle_files\fc6363c2cf09128b7016cd750f89c63ae243ff21.pkl,1
D:\08_Dataset\Internal\mar2020\pickle_files\5e46f5c90eef42365c32c87c5c79c53bea858ca4.pkl,1
D:\08_Dataset\Internal\mar2020\pickle_files\6a39e8b3944f2467f24e3d153d9a479579e9b48e.pkl,1
D:\08_Dataset\Internal\mar2020\pickle_files\01ceee895bffa16091b1e52d9de078a8a747a477.pkl,1
D:\08_Dataset\Internal\mar2020\pickle_files\bfd64b76497c5b4d23cf0f56bb673e895a616aca.pkl,1
D:\08_Dataset\Internal\mar2020\pickle_files\b531b9f69dadc92a2ec2cb7d3e2e4cffb4b95e27.pkl,1
D:\08_Dataset\Internal\mar2020\pickle_files\f0e751bd421f8f55ee5319d6decc69fde7a3833e.pkl,1
D:\08_Dataset\Internal\mar2020\pickle_files\80c93a4d88296446627abff81a118b77afe48afb.pkl,1
D:\08_Dataset\Internal\mar2020\pickle_files\5675422dc32dcf737c4c3b9b84ed6d924469b594.pkl,1
D:\08_Dataset\Internal\mar2020\pickle_files\2a2e2765d10c368cd1c98539f9ad7eefad21a474.pkl,1
D:\08_Dataset\Internal\mar2020\pickle_files\74391584e0c408c1c35eda67426349a35e2d16d8.pkl,1
D:\08_Dataset\Internal\mar2020\pickle_files\7811b6ad822dc401fd26150d8113f1eef0b43172.pkl,1
D:\08_Dataset\Internal\mar2020\pickle_files\095e7d27c2e783297cd2db660501d49f20f441ad.pkl,1
D:\08_Dataset\Internal\mar2020\pickle_files\dbd93ce8b2c4e69044f9fc90387b2b1c4196daee.pkl,1
D:\08_Dataset\Internal\mar2020\pickle_files\a30d4da9a94a631cb00ab7a2843e1a53c0a6941e.pkl,1
D:\08_Dataset\Internal\mar2020\pickle_files\cce60d0ed6273e2c85fc1869c234b8dd4a9d1c98.pkl,1
D:\08_Dataset\Internal\mar2020\pickle_files\1a59692913bb693bbc6b7167134c3ff6266dec5d.pkl,1
D:\08_Dataset\Internal\mar2020\pickle_files\4d22e31ebce78ff684bbaa0f78e2aa525fdf625a.pkl,1
D:\08_Dataset\Internal\mar2020\pickle_files\d22a05bd15fb41a681246b4c04c06c8e1d1ea248.pkl,1
D:\08_Dataset\Internal\mar2020\pickle_files\1850229561548a321b50b67b9b3fc6a96461374f.pkl,1
D:\08_Dataset\Internal\mar2020\pickle_files\d42553225274bac2a9d8d9ca9cc01af4be1001b0.pkl,1
D:\08_Dataset\Internal\mar2020\pickle_files\456dae09c3c86fd17af8733f51b90c650ebfd0e2.pkl,1
D:\08_Dataset\Internal\mar2020\pickle_files\dc88920b4c8f90b0a0046938a359006062cad78e.pkl,1
D:\08_Dataset\Internal\mar2020\pickle_files\16896e010955e6d8da16fdde55507e49ed0c238d.pkl,1
D:\08_Dataset\Internal\mar2020\pickle_files\8fddfbc25e3868cf07a7f57289821dff668f1ce6.pkl,1
D:\08_Dataset\Internal\mar2020\pickle_files\5ceb4a719a0e5ab50dfef3e471693bc47fb97b29.pkl,1
D:\08_Dataset\Internal\mar2020\pickle_files\d808399cf1373d317bc0e983d40cb3302d66539d.pkl,1
D:\08_Dataset\Internal\mar2020\pickle_files\705e9f11ecccb58049d016a95d8ebafd2c59c534.pkl,1
D:\08_Dataset\Internal\mar2020\pickle_files\b3cfde6247e733e5acece41f957929643f066f8f.pkl,1
D:\08_Dataset\Internal\mar2020\pickle_files\d22718fb17a9c72ba85eb16fd78046c5862d477f.pkl,1
D:\08_Dataset\Internal\mar2020\pickle_files\140c907352ceab95f7a65496434bd13c373cadfb.pkl,1
D:\08_Dataset\Internal\mar2020\pickle_files\41ca67bec27f1990fcc2db95d093b256dfddba8a.pkl,1
D:\08_Dataset\Internal\mar2020\pickle_files\e0ddd2024a76a2c3b18a7eae0673ca364dc0f09e.pkl,1
D:\08_Dataset\Internal\mar2020\pickle_files\04eb3410ac2e3016da84b262a0f357784c169f06.pkl,1
D:\08_Dataset\Internal\mar2020\pickle_files\1a136ef0f0db4975906ef673c19c0e2a9871a7cc.pkl,1
D:\08_Dataset\Internal\mar2020\pickle_files\68733dfdf6eec42a63c392d3bb952e6419f1b3bf.pkl,1
D:\08_Dataset\Internal\mar2020\pickle_files\6ee6085602bb0031315b8b652e1c8963c68f2674.pkl,1
D:\08_Dataset\Internal\mar2020\pickle_files\6816786e14cdff51b48d48cda285d706563f5747.pkl,1
D:\08_Dataset\Internal\mar2020\pickle_files\b3a64f8195be43ac6cf4d53f86cea8999cce21ef.pkl,1
D:\08_Dataset\Internal\mar2020\pickle_files\13bd00f204f858a94d79bcc40b10beaff0d0ee04.pkl,1
D:\08_Dataset\Internal\mar2020\pickle_files\f43d74fee124f8c7c660a99ea88b6b2c749f8944.pkl,1
D:\08_Dataset\Internal\mar2020\pickle_files\b4d9d49777852c96fae892161a471fc13ae0e242.pkl,1
D:\08_Dataset\Internal\mar2020\pickle_files\89ed6198c7e67891408c5ade556cdaccd6486c73.pkl,1
D:\08_Dataset\Internal\mar2020\pickle_files\1c1a3265e2db5b7f16fa072d5f7a2536358e4421.pkl,1
D:\08_Dataset\Internal\mar2020\pickle_files\cb8c78f1a89f2cc13fc0315667707043b3ae83b2.pkl,1
D:\08_Dataset\Internal\mar2020\pickle_files\04dc28b27a9f29ad8e9db49af9c8b5982b002309.pkl,1
D:\08_Dataset\Internal\mar2020\pickle_files\63413c08d80ebcccb03ce892cb720d8a4d10d82a.pkl,1
D:\08_Dataset\Internal\mar2020\pickle_files\1ea32a66da6dd92a8535555d759c6306e6ec7502.pkl,1
D:\08_Dataset\Internal\mar2020\pickle_files\0efd363c06086a84acf710be11526abbbc1f98c1.pkl,1
D:\08_Dataset\Internal\mar2020\pickle_files\18ee4f2ee69a7f78c375b6b98be746ab4b2b566c.pkl,1
D:\08_Dataset\Internal\mar2020\pickle_files\52611ee2dcfb17884ff4fef28904588600b04d13.pkl,1
D:\08_Dataset\Internal\mar2020\pickle_files\6ef74e9ff1102633ecef1319af86e08e9e57d148.pkl,1
D:\08_Dataset\Internal\mar2020\pickle_files\0062c0a861112aa804e17ca5f9c0469837eddadb.pkl,1
D:\08_Dataset\Internal\mar2020\pickle_files\41b93918d108c56c1cbb48fd163d4bfb5ac1cea1.pkl,1
D:\08_Dataset\Internal\mar2020\pickle_files\f0eca5327f9785973ab9abfb85bfc608049f6e57.pkl,1
D:\08_Dataset\Internal\mar2020\pickle_files\68906897af68c978de79f553cf6427413c9e4d76.pkl,1
D:\08_Dataset\Internal\mar2020\pickle_files\8d4fbc24ef66d0184b54328faa25cda2f0136906.pkl,1
D:\08_Dataset\Internal\mar2020\pickle_files\c68b924fca9866671f377da1b8be59a9032da034.pkl,1
D:\08_Dataset\Internal\mar2020\pickle_files\093d0e964c93b534889b9dfaa81b852953f8ee95.pkl,1
D:\08_Dataset\Internal\mar2020\pickle_files\c5dc5300206763791b5a665c4ad0ad5e062d5160.pkl,1
D:\08_Dataset\Internal\mar2020\pickle_files\0dd9676f1f5c3f7ea1f93c45784af05fdf98b9cd.pkl,1
D:\08_Dataset\Internal\mar2020\pickle_files\f768cdad1179e68ef1e150dd069b96ea4321f309.pkl,1
D:\08_Dataset\Internal\mar2020\pickle_files\23f1ab990081fec120ef73d9d8f2a21850d60953.pkl,1
D:\08_Dataset\Internal\mar2020\pickle_files\b46036e4a05117f2a0119ea92fdcf9285cac4a46.pkl,1
D:\08_Dataset\Internal\mar2020\pickle_files\658d39f9d1629e99d8d9f5186ce212df3d8f5602.pkl,1
D:\08_Dataset\Internal\mar2020\pickle_files\a3135bfdef4e22b8290def5562e832c8461381e6.pkl,1
D:\08_Dataset\Internal\mar2020\pickle_files\3e926dd1fe1359c6d1bca633905d2702de0ffe2b.pkl,1
D:\08_Dataset\Internal\mar2020\pickle_files\3ed17e8a5aca9dd4d55d12e07d3fd06072bbc606.pkl,1
D:\08_Dataset\Internal\mar2020\pickle_files\75bea413089b6c665fab7cf73a4338839d9786d6.pkl,1
D:\08_Dataset\Internal\mar2020\pickle_files\371de3c130994bd1798aaaeb1580930a57bbc97b.pkl,1
D:\08_Dataset\Internal\mar2020\pickle_files\5cef196291d0c5c2257ea00c5297b29e48ff7a28.pkl,1
D:\08_Dataset\Internal\mar2020\pickle_files\43bbb55fb2b8fc4c32ad008e46711a32bf0f0f21.pkl,1
D:\08_Dataset\Internal\mar2020\pickle_files\cb9d10b5d55734965bc04ca3be9f497c121c9e34.pkl,1
D:\08_Dataset\Internal\mar2020\pickle_files\02868d4c606d37bab6839716137e2f46cc2c499e.pkl,1
D:\08_Dataset\Internal\mar2020\pickle_files\fb063e79e8f2ba4d724a185139a07016dd142442.pkl,1
D:\08_Dataset\Internal\mar2020\pickle_files\952c54fe675f55f22bb2ed075e96152158e11087.pkl,1
D:\08_Dataset\Internal\mar2020\pickle_files\c6661a5b06ae08db4334c68fb86191efd05232f1.pkl,1
D:\08_Dataset\Internal\mar2020\pickle_files\888181c006de22749e732198fd4fb0974ea8217e.pkl,1
D:\08_Dataset\Internal\mar2020\pickle_files\a8b0001331ef6ecfffc62f48daacc34b8fcb5316.pkl,1
D:\08_Dataset\Internal\mar2020\pickle_files\d616f7183550de7553808db0ea636b936f9b2f29.pkl,1
D:\08_Dataset\Internal\mar2020\pickle_files\1c95df093fdef16720bbdc2701d827304f29248d.pkl,1
D:\08_Dataset\Internal\mar2020\pickle_files\0a5381f552c41958708680d95c1ba33d61a43d8f.pkl,1
D:\08_Dataset\Internal\mar2020\pickle_files\d38ab49bdd02b096e79cb602bbfdaea8f67b8f96.pkl,1
D:\08_Dataset\Internal\mar2020\pickle_files\96f940ae59c837d44692ea8fe7d75b10ac803502.pkl,1
D:\08_Dataset\Internal\mar2020\pickle_files\d027c42d5d4450825e6d3907530541602fb8ffc1.pkl,1
D:\08_Dataset\Internal\mar2020\pickle_files\cd124a501a28aeb56c3b77056d12515dfa5af34d.pkl,1
D:\08_Dataset\Internal\mar2020\pickle_files\a3210bc17250100024740204df7085af93546a92.pkl,1
D:\08_Dataset\Internal\mar2020\pickle_files\5019aafb0b467c9656b3d6796e607a068e6269e6.pkl,1
D:\08_Dataset\Internal\mar2020\pickle_files\299c95d80295ab1cd6beb2ee7c41a77f30ea4c65.pkl,1
D:\08_Dataset\Internal\mar2020\pickle_files\42e2f10758d73555864c617ad89d1a0c1f4c696f.pkl,1
D:\08_Dataset\Internal\mar2020\pickle_files\5b839b107ebd3a710e765c57d9c2719730ce8e01.pkl,1
D:\08_Dataset\Internal\mar2020\pickle_files\d72c23776cb9eca54ad6e295cf86a67dbe4b3550.pkl,1
D:\08_Dataset\Internal\mar2020\pickle_files\c0e33125a64a3cabc5f0b98c4034b83c055ada7c.pkl,1
D:\08_Dataset\Internal\mar2020\pickle_files\33c7df17414bb9caf4bef22c11519e951dfa17f7.pkl,1
D:\08_Dataset\Internal\mar2020\pickle_files\ad23b59cd71e428952705eaa1de1be6c2815dc76.pkl,1
D:\08_Dataset\Internal\mar2020\pickle_files\20eff3c73f8efde8126bc5bd2c6c9aeef56bf06e.pkl,1
D:\08_Dataset\Internal\mar2020\pickle_files\7118b27e7b52da431392ba8331eeccc479dade6e.pkl,1
D:\08_Dataset\Internal\mar2020\pickle_files\0e6ffaf55cc70c13671b1dcf3065cb2884f0f7ba.pkl,1
D:\08_Dataset\Internal\mar2020\pickle_files\def854e9906bf714b8e643f93bedc82d88bfa497.pkl,1
D:\08_Dataset\Internal\mar2020\pickle_files\bdb738ec8aa30e267e39b58d5d775d5823dcbe86.pkl,1
D:\08_Dataset\Internal\mar2020\pickle_files\99d6e4fd790bc1c096befb9df6413458627abcb5.pkl,1
D:\08_Dataset\Internal\mar2020\pickle_files\6a570d55489aeccd4971fb3f67f8ec2d458e301d.pkl,1
D:\08_Dataset\Internal\mar2020\pickle_files\7191cc1efb27b7e9f2830f2ade4ea748a8d76a91.pkl,1
D:\08_Dataset\Internal\mar2020\pickle_files\006c6009e2a0cf4842f9e395238f6355dfcb015f.pkl,1
D:\08_Dataset\Internal\mar2020\pickle_files\7884715bcf1b90711355162c17be66dde20a2309.pkl,1
D:\08_Dataset\Internal\mar2020\pickle_files\e9f27256f4c555de8750dd9e2e6d98c2f1762acb.pkl,1
D:\08_Dataset\Internal\mar2020\pickle_files\f6e6f1c0677f75b7f213a9587b751616c3bccc2d.pkl,1
D:\08_Dataset\Internal\mar2020\pickle_files\1b26d91b691413866af009dcc9b31a27059e940c.pkl,1
D:\08_Dataset\Internal\mar2020\pickle_files\ff94442a0d831a19637e38c931004f46cd01fac2.pkl,1
D:\08_Dataset\Internal\mar2020\pickle_files\1ccf218bdc371969804a052b3a02c81a5201f90b.pkl,1
D:\08_Dataset\Internal\mar2020\pickle_files\752d043ffaeac03bcb57a511cf776ecc94fa73b9.pkl,1
D:\08_Dataset\Internal\mar2020\pickle_files\60cb8fbf73f8f70a60dd147eee59b6f926a6e483.pkl,1
D:\08_Dataset\Internal\mar2020\pickle_files\19ac4f77769c13d1d5aa9e876fb7d5f3d97e5258.pkl,1
D:\08_Dataset\Internal\mar2020\pickle_files\07c453b1244aa8569c7a04a608336e402ae790d5.pkl,1
D:\08_Dataset\Internal\mar2020\pickle_files\449169e2ad56b5d90c18fdddc183743992ab515a.pkl,1
D:\08_Dataset\Internal\mar2020\pickle_files\4ee29b564f39970aada3aadaf6c18045f3670c11.pkl,1
D:\08_Dataset\Internal\mar2020\pickle_files\d6d8f2e41e216f632521c510d2adeaab887e1798.pkl,1
D:\08_Dataset\Internal\mar2020\pickle_files\90c24bb2ec47d059ea646f8a5d10db9877fbd9dc.pkl,1
D:\08_Dataset\Internal\mar2020\pickle_files\4766af35edad8083681f8f08231d1651cb5acca7.pkl,1
D:\08_Dataset\Internal\mar2020\pickle_files\65abe36a14e9afe783919c6989e9370d70be6ffd.pkl,1
D:\08_Dataset\Internal\mar2020\pickle_files\79df6bc9010a854aaebea7a4c386c786825cd068.pkl,1
D:\08_Dataset\Internal\mar2020\pickle_files\139a67885f688709f6010eb910143a4e4a72fe7c.pkl,1
D:\08_Dataset\Internal\mar2020\pickle_files\d3ef60ebc0a71e43ed2621032d4547cab9c33f31.pkl,1
D:\08_Dataset\Internal\mar2020\pickle_files\674a5734753c8a2af41c70fba3598c989b424585.pkl,1
D:\08_Dataset\Internal\mar2020\pickle_files\87cf1f5535989aab9974b04469ffbeeaa863d928.pkl,1
D:\08_Dataset\Internal\mar2020\pickle_files\f96691ee48b751640bcf3f3aeba35ad1446639b4.pkl,1
D:\08_Dataset\Internal\mar2020\pickle_files\a56ea4c74ef0aa76d4eaa772b39df1232ae126ca.pkl,1
D:\08_Dataset\Internal\mar2020\pickle_files\c0feacc663fb5d9f0ad1cf6c67446086bbac15f3.pkl,1
D:\08_Dataset\Internal\mar2020\pickle_files\8be4d2281a15a05df8505a90e4c95121e1528a26.pkl,1
D:\08_Dataset\Internal\mar2020\pickle_files\16459353f323a83b336639799661ffbfb9db4ec4.pkl,1
D:\08_Dataset\Internal\mar2020\pickle_files\1df21ca2ac271f10085d3ed096bb3363fd42f9df.pkl,1
D:\08_Dataset\Internal\mar2020\pickle_files\9dfd9b53b3e89c746ce1fab37a80e8bc4eb66431.pkl,1
D:\08_Dataset\Internal\mar2020\pickle_files\6bcd086bf6c7a3571cfaa3e4ebbc144a68f4509e.pkl,1
D:\08_Dataset\Internal\mar2020\pickle_files\41683a3f403b5a843d790c8919e696e66520175a.pkl,1
D:\08_Dataset\Internal\mar2020\pickle_files\1f2f8b735e85f8bc29cfabd9172e75b07cde563f.pkl,1
D:\08_Dataset\Internal\mar2020\pickle_files\6d114483e07f9b5630233088a815e7bb56ae6a7a.pkl,1
D:\08_Dataset\Internal\mar2020\pickle_files\a0e6f64fa7f4db94b5c267288acc245cb6289b57.pkl,1
D:\08_Dataset\Internal\mar2020\pickle_files\3007a990977bed1eb96201288d3de0c78b8a510b.pkl,1
D:\08_Dataset\Internal\mar2020\pickle_files\2db032be1a52a744190c3c8814f35977362ed45b.pkl,1
D:\08_Dataset\Internal\mar2020\pickle_files\c1b3dbc76788a1d3bb6876cd677d7997db1fb962.pkl,1
D:\08_Dataset\Internal\mar2020\pickle_files\c809fbf48c7fdaf4527fb543ff9f8edbeb5029bb.pkl,1
D:\08_Dataset\Internal\mar2020\pickle_files\4e9b0a88eb10886fada56f254b6c1c5cb3abb1c0.pkl,1
D:\08_Dataset\Internal\mar2020\pickle_files\c283589298f7c455d956c1e2ecaf9cb14f241fed.pkl,1
D:\08_Dataset\Internal\mar2020\pickle_files\5ea71b88282a7b764d6bf87bce4733f24094d97a.pkl,1
D:\08_Dataset\Internal\mar2020\pickle_files\ec615372a0196cbf7104dab2be748e159df3ecda.pkl,1
D:\08_Dataset\Internal\mar2020\pickle_files\a470e757b5f6f38cc9ac9b259333951a031d64a9.pkl,1
D:\08_Dataset\Internal\mar2020\pickle_files\d45e1728ba0c149a5c5875943bd2dad9dd8707f3.pkl,1
D:\08_Dataset\Internal\mar2020\pickle_files\b83392fb4b0cf2181acc9137a78cbe87cd8bd38b.pkl,1
D:\08_Dataset\Internal\mar2020\pickle_files\fa2481797ff4ac1abeefd74026c60bb0b6de1aef.pkl,1
D:\08_Dataset\Internal\mar2020\pickle_files\2c4e39717ac89d24b3cf7976f2b81f00cecb8711.pkl,1
D:\08_Dataset\Internal\mar2020\pickle_files\0347a1c69fd430e405cf6ce533846ba622ec0a2b.pkl,1
D:\08_Dataset\Internal\mar2020\pickle_files\cc1fe4cd2833b91a16822d78bbddb0b070341225.pkl,1
D:\08_Dataset\Internal\mar2020\pickle_files\0cd08bd1d9fdf1cf5573b05fd7cc3fb26be6daa8.pkl,1
D:\08_Dataset\Internal\mar2020\pickle_files\7f4796cab1fd3072577685c5af3382801ff37490.pkl,1
D:\08_Dataset\Internal\mar2020\pickle_files\2255391eb2ccf17da35b2836ed2b74668350e548.pkl,1
D:\08_Dataset\Internal\mar2020\pickle_files\9fb4e47859060894dea58aa662fe4c1566fcbe83.pkl,1
D:\08_Dataset\Internal\mar2020\pickle_files\3bf52fbf37696da159ff497f5eeb26455ad101bc.pkl,1
D:\08_Dataset\Internal\mar2020\pickle_files\b5fcb3cae045f72bd4481162e37029b26f4e2063.pkl,1
D:\08_Dataset\Internal\mar2020\pickle_files\91b4d773b4f17bd8cae07dfc6c7da1a331483269.pkl,1
D:\08_Dataset\Internal\mar2020\pickle_files\5a77c73ef78ece9b01c361df3199c785acfaae4f.pkl,1
D:\08_Dataset\Internal\mar2020\pickle_files\e03c3cdceb294daf42b95fb6cbbfa4bc58d29692.pkl,1
D:\08_Dataset\Internal\mar2020\pickle_files\70bbae02d67aee0b1e5919902339ca5770b45fd8.pkl,1
D:\08_Dataset\Internal\mar2020\pickle_files\33d412d470a55920957b848c14bec00bd48fedfc.pkl,1
D:\08_Dataset\Internal\mar2020\pickle_files\d11cd1472814543b25b54bd445e36639c5b6af78.pkl,1
D:\08_Dataset\Internal\mar2020\pickle_files\471368eedd046092439f5915bcea9b59a8ee58b2.pkl,1
D:\08_Dataset\Internal\mar2020\pickle_files\cf79345b45a09ecfffc7a6f70c1f4b28a6597513.pkl,1
D:\08_Dataset\Internal\mar2020\pickle_files\bae864a838b9a5c0cf08e4bf9e3c41003722e28f.pkl,1
D:\08_Dataset\Internal\mar2020\pickle_files\6c1c46e89491efc3b9b899ef77fa6ced1add8d40.pkl,1
D:\08_Dataset\Internal\mar2020\pickle_files\3ddd9729fe4199fe92720a12d226af1b4db6ac9f.pkl,1
D:\08_Dataset\Internal\mar2020\pickle_files\8b698ff0548a59ab6c40cdde11e228c75d71a6e4.pkl,1
D:\08_Dataset\Internal\mar2020\pickle_files\e8ec5767c1239b670034bdfca4fda24306e6aabc.pkl,1
D:\08_Dataset\Internal\mar2020\pickle_files\edd2822c1cda9554726848760d3e8e9b6a43cc01.pkl,1
D:\08_Dataset\Internal\mar2020\pickle_files\508f5a4fb1c3e300132dc0f9edda5fd8ecc04c43.pkl,1
D:\08_Dataset\Internal\mar2020\pickle_files\300ddddf629031d0429bbc822ebfea2f25c608c3.pkl,1
D:\08_Dataset\Internal\mar2020\pickle_files\89a6aeee486e82fa9048f7866e06556fe1ecd8f5.pkl,1
D:\08_Dataset\Internal\mar2020\pickle_files\83f00e2f5e633dc19546bff0d72217d758b57be8.pkl,1
D:\08_Dataset\Internal\mar2020\pickle_files\e0e74c2b9181673750dbaf66c233fb70c59be87b.pkl,1
D:\08_Dataset\Internal\mar2020\pickle_files\7c128871cd1e95145a7287ef823446a0567764d1.pkl,1
D:\08_Dataset\Internal\mar2020\pickle_files\1010511b197cc62c80abbd5b44d097cb2642c0f7.pkl,1
D:\08_Dataset\Internal\mar2020\pickle_files\e7a3b0856fc13e0ddbe14824f3534ae3726fdca3.pkl,1
D:\08_Dataset\Internal\mar2020\pickle_files\98009ab2cd5d96c7b9940ee0302f7aa5be6b5d9e.pkl,1
D:\08_Dataset\Internal\mar2020\pickle_files\66e5ffa3b7f6fa3a20e3b6b2ee37262269352878.pkl,1
D:\08_Dataset\Internal\mar2020\pickle_files\879dbb67a2eae009b93e10826ba26ec8b26a7fcb.pkl,1
D:\08_Dataset\Internal\mar2020\pickle_files\77365f6fd0e4460c2778760cb385f6f72ef346d6.pkl,1
D:\08_Dataset\Internal\mar2020\pickle_files\a7576c63b94cac7f4dbec9eaba23fe2014976243.pkl,1
D:\08_Dataset\Internal\mar2020\pickle_files\4e7d2a9cfee22006adb696b14bdd373241bafc2e.pkl,1
D:\08_Dataset\Internal\mar2020\pickle_files\987285c86d0219445160b8672c3b945bbf8364e2.pkl,1
D:\08_Dataset\Internal\mar2020\pickle_files\08ee595d2fbc5ff70557ab87d4dc6c1278cce138.pkl,1
D:\08_Dataset\Internal\mar2020\pickle_files\2e26ca15370ec88dc31476cc0113fea16996b9f3.pkl,1
D:\08_Dataset\Internal\mar2020\pickle_files\8215ea0d58102684ee557e6ac8260414e09aba83.pkl,1
D:\08_Dataset\Internal\mar2020\pickle_files\32ce395e7cefa2f144a3879818bdd9b2da7ac6fa.pkl,1
D:\08_Dataset\Internal\mar2020\pickle_files\23a7f039d9eb686a37f92fd50337caedf6169ba4.pkl,1
D:\08_Dataset\Internal\mar2020\pickle_files\5555623e57adaa46ef38c3cd2ea5df33b73a362a.pkl,1
D:\08_Dataset\Internal\mar2020\pickle_files\f8892f4cf53a6880ea7cee75a7116e1f8e9656e9.pkl,1
D:\08_Dataset\Internal\mar2020\pickle_files\2c1c483f1bfab09266a30d563f23629d84660bc7.pkl,1
D:\08_Dataset\Internal\mar2020\pickle_files\db2b7d92dca39177ec34fa8f370a25a544770b00.pkl,1
D:\08_Dataset\Internal\mar2020\pickle_files\0a341c542ba86cbc5541f47530db06e1430a4ac0.pkl,1
D:\08_Dataset\Internal\mar2020\pickle_files\ceced4cde2a0b14f5ed4e2698eca53422b97c3bf.pkl,1
D:\08_Dataset\Internal\mar2020\pickle_files\9ec7ce1aba97afb3c6c00fbe806bd8db06f902f2.pkl,1
D:\08_Dataset\Internal\mar2020\pickle_files\768822f62a24cfcbfb6185867e4210d48fe4689f.pkl,1
D:\08_Dataset\Internal\mar2020\pickle_files\4efeb07411a1b22c48efaaf57c2034408343f223.pkl,1
D:\08_Dataset\Internal\mar2020\pickle_files\6a263b87488952fb3f6ca1a0ac80fbb63dc04dc7.pkl,1
D:\08_Dataset\Internal\mar2020\pickle_files\e4dfc8cdf0fab959ed0784204e6a2ccd4fae62d5.pkl,1
D:\08_Dataset\Internal\mar2020\pickle_files\37a7fd96d8f230700cae02a1ce635d959822f3f2.pkl,1
D:\08_Dataset\Internal\mar2020\pickle_files\f77b068c94f787bd3623acaa45945c3a9f081ef7.pkl,1
D:\08_Dataset\Internal\mar2020\pickle_files\d49bb371f31c26b3fff74fc54a38560ee9594506.pkl,1
D:\08_Dataset\Internal\mar2020\pickle_files\3ff26e7c862c7827dffd1f0df5bf7feeef13b002.pkl,1
D:\08_Dataset\Internal\mar2020\pickle_files\6049b0024cd4582c85c2ad4b725ac2534030e205.pkl,1
D:\08_Dataset\Internal\mar2020\pickle_files\490e698ae426c56c10925060c3b860c935599176.pkl,1
D:\08_Dataset\Internal\mar2020\pickle_files\f80f6c43855ddb8bedf23b83a8fb573179b974e2.pkl,1
D:\08_Dataset\Internal\mar2020\pickle_files\139d713b3fbb767542a558297c870e1ab7c9e64e.pkl,1
D:\08_Dataset\Internal\mar2020\pickle_files\e6fdc82da33429e18e16329310ff241396618b93.pkl,1
D:\08_Dataset\Internal\mar2020\pickle_files\53c9267c681c9320f61542967a0516fe046f3c14.pkl,1
D:\08_Dataset\Internal\mar2020\pickle_files\8feab3bc05ecad88dd843de475b420bc31cfcd2b.pkl,1
D:\08_Dataset\Internal\mar2020\pickle_files\ccdf4a6b2864fbab869f3dac63961b7075fd8e42.pkl,1
D:\08_Dataset\Internal\mar2020\pickle_files\daeb7be731da57821b4414ef58f8f6a24422644f.pkl,1
D:\08_Dataset\Internal\mar2020\pickle_files\ab5cbd4cf47e79bc271aa310deb49616755860c8.pkl,1
D:\08_Dataset\Internal\mar2020\pickle_files\ad8c050c8298bee9e293f14815cad43df4e96e11.pkl,1
D:\08_Dataset\Internal\mar2020\pickle_files\63abb9610979f57e4a731c7537d71fdfe93c9400.pkl,1
D:\08_Dataset\Internal\mar2020\pickle_files\4bf782beb16eb20e2b41e61136d2a8cf4c475ff0.pkl,1
D:\08_Dataset\Internal\mar2020\pickle_files\dd21295ad718066a991762cdbfea97abadff3359.pkl,1
D:\08_Dataset\Internal\mar2020\pickle_files\d86fea4e09af45d869868afde38fbde06a84b650.pkl,1
D:\08_Dataset\Internal\mar2020\pickle_files\9fd1199a955eabe29758382b6435e7af7872163f.pkl,1
D:\08_Dataset\Internal\mar2020\pickle_files\49e07c5ec428a65c5ae7316a87004a3da65e0580.pkl,1
D:\08_Dataset\Internal\mar2020\pickle_files\cd16ec6c5c298ddabe7aeadf85958919b3d76c82.pkl,1
D:\08_Dataset\Internal\mar2020\pickle_files\5cd9569ea69f727c4d9b8745c4e01c1206a17ff5.pkl,1
D:\08_Dataset\Internal\mar2020\pickle_files\d646ea179695d42adc8c1f0a756a4107a75620a3.pkl,1
D:\08_Dataset\Internal\mar2020\pickle_files\e21b2f0982989e0113195d612f25e25bb5b87ff6.pkl,1
D:\08_Dataset\Internal\mar2020\pickle_files\04a857bcbab3c30db2452a5730cd454c9d331236.pkl,1
D:\08_Dataset\Internal\mar2020\pickle_files\3bab4c5c5ef3c42dcd4c09b99609eeba548f4808.pkl,1
D:\08_Dataset\Internal\mar2020\pickle_files\efd26f13fd6bf8a386eb926b84825d46ca2866c2.pkl,1
D:\08_Dataset\Internal\mar2020\pickle_files\aa2cb0ea1a7df2f3901df08b16cdd4f0a1c7ea00.pkl,1
D:\08_Dataset\Internal\mar2020\pickle_files\7b8581142a517519a6fdf4efc1fa6e5a6f0be786.pkl,1
D:\08_Dataset\Internal\mar2020\pickle_files\e6a032b2d261ac2746568b16d61944ba68bf3327.pkl,1
D:\08_Dataset\Internal\mar2020\pickle_files\a7ff9e6f53e314a1a0489f83e1bafeedf67a9dd2.pkl,1
D:\08_Dataset\Internal\mar2020\pickle_files\134f4dcafefdf36ed0e8eee73dac820050948445.pkl,1
D:\08_Dataset\Internal\mar2020\pickle_files\ea1cbafa2485438b80ae124557493d2843b101dd.pkl,1
D:\08_Dataset\Internal\mar2020\pickle_files\36d524394d33b449b9379dac3f2ec4983c826816.pkl,1
D:\08_Dataset\Internal\mar2020\pickle_files\32ee423a72da07a6f1ea6ec9bd0970d601a6529b.pkl,1
D:\08_Dataset\Internal\mar2020\pickle_files\24f1801e77128d7c313e7b152331658fe996e089.pkl,1
D:\08_Dataset\Internal\mar2020\pickle_files\cf941c24c286f7629165550db234746bb12eca2b.pkl,1
D:\08_Dataset\Internal\mar2020\pickle_files\278a8cd3781fe6956ae778ad3ab93e0aea1c167f.pkl,1
D:\08_Dataset\Internal\mar2020\pickle_files\e446b016f3de1b8e8abd0a0f0eba5cd3a24ab594.pkl,1
D:\08_Dataset\Internal\mar2020\pickle_files\423ba96ca8cf0c3d6dcd9d95975ff5289a531f6d.pkl,1
D:\08_Dataset\Internal\mar2020\pickle_files\9abbd8900a8f613b911180d399d74a8cc13038db.pkl,1
D:\08_Dataset\Internal\mar2020\pickle_files\b9201892b70f5bf4e81d1d0edd9f0d2bff2d8bb0.pkl,1
D:\08_Dataset\Internal\mar2020\pickle_files\aa368951b760ff7beb31db2efd48b491f3dfa46b.pkl,1
D:\08_Dataset\Internal\mar2020\pickle_files\1f884d523ba3d4dc934ce55398c31c72a20fc8b5.pkl,1
D:\08_Dataset\Internal\mar2020\pickle_files\7e4bb69e58e1cdcbe047f51f39dde4ca95f990b2.pkl,1
D:\08_Dataset\Internal\mar2020\pickle_files\f789268a71caec76e6d1f4a1a59c86b887a11419.pkl,1
D:\08_Dataset\Internal\mar2020\pickle_files\f2a2f87be288a6a7d8c27bbcb8582bc20f4dcf14.pkl,1
D:\08_Dataset\Internal\mar2020\pickle_files\6369137084489bb1c42c34bba0e44c758c22ac0a.pkl,1
D:\08_Dataset\Internal\mar2020\pickle_files\597582360d72d5a66ecdb46383e7bf8fba3ce56a.pkl,1
D:\08_Dataset\Internal\mar2020\pickle_files\443f3c14ebedec7dfc17dcd067723195b87bf864.pkl,1
D:\08_Dataset\Internal\mar2020\pickle_files\f1da9ecef6e9b7f07272d0d3287d709df350c8dc.pkl,1
D:\08_Dataset\Internal\mar2020\pickle_files\4010c6b7a727cf340820371b17981872d650745c.pkl,1
D:\08_Dataset\Internal\mar2020\pickle_files\fbd3b1de1aa4553101ec70b816cd3466c0a62520.pkl,1
D:\08_Dataset\Internal\mar2020\pickle_files\b459dc84f6519bb550eb4391bcea861e3ba1688b.pkl,1
D:\08_Dataset\Internal\mar2020\pickle_files\608a48541af339e69de95f53ea72dd4a14f48fd2.pkl,1
D:\08_Dataset\Internal\mar2020\pickle_files\505ebe7f0c486e039f7cfdea65879e73f0234c50.pkl,1
D:\08_Dataset\Internal\mar2020\pickle_files\d5f2768a0b62d818ab5c7b576c543b3a10926259.pkl,1
D:\08_Dataset\Internal\mar2020\pickle_files\cc99710bd2d63f0e9f2e8bbe5ff819a2dad64d7b.pkl,1
D:\08_Dataset\Internal\mar2020\pickle_files\7bd09eea1d116ba483198e64c9616ff82b60b4c5.pkl,1
D:\08_Dataset\Internal\mar2020\pickle_files\c520fec3304293bd82bc8906b55515410bd53a5a.pkl,1
D:\08_Dataset\Internal\mar2020\pickle_files\6f903306eb9577f6118fe1523cb500372de0cd19.pkl,1
D:\08_Dataset\Internal\mar2020\pickle_files\1d37bc4fcab48fc0d4eab4acc71e56f6c6f1829f.pkl,1
D:\08_Dataset\Internal\mar2020\pickle_files\93830806a808612ba686bddef8c0ef4f143af402.pkl,1
D:\08_Dataset\Internal\mar2020\pickle_files\0b301ccd16d8947a67a3d42745e137b89bb4b507.pkl,1
D:\08_Dataset\Internal\mar2020\pickle_files\f27e17dbdb3202c7a601d820738d56815476ba94.pkl,1
D:\08_Dataset\Internal\mar2020\pickle_files\b95f9feaca09e66fc0ee1a4d0400309ce10d9904.pkl,1
D:\08_Dataset\Internal\mar2020\pickle_files\cbf45069132e944695117f233c9764c8d5b10797.pkl,1
D:\08_Dataset\Internal\mar2020\pickle_files\6cb1dbf0a4665ead7adc091356d79ecf90832d6e.pkl,1
D:\08_Dataset\Internal\mar2020\pickle_files\31aaee4e77f979a707ccd9d1790db120c56db50c.pkl,1
D:\08_Dataset\Internal\mar2020\pickle_files\0fb02f27858a74d6d7da78cc0dccc48e507b7184.pkl,1
D:\08_Dataset\Internal\mar2020\pickle_files\af896d2b7e4b9199ec7c0c1dd0459787996f9775.pkl,1
D:\08_Dataset\Internal\mar2020\pickle_files\1606b1cd70f73c3c75911a6cac0a49b402a9798c.pkl,1
D:\08_Dataset\Internal\mar2020\pickle_files\e8c5aa9ed862ee506ab6d1027d861d50a3c0c457.pkl,1
D:\08_Dataset\Internal\mar2020\pickle_files\0db70652ffc0b2a5117df09a2bff71a2abe61584.pkl,1
D:\08_Dataset\Internal\mar2020\pickle_files\146168d7f11e14555d92dbc82282b33537847a17.pkl,1
D:\08_Dataset\Internal\mar2020\pickle_files\b5919c3f10716db3e58d46eac78afd4cd5d0ea24.pkl,1
D:\08_Dataset\Internal\mar2020\pickle_files\37c5cd48cabece8b37d3af93ce07bcdda143d926.pkl,1
D:\08_Dataset\Internal\mar2020\pickle_files\a38744cc430587ffc98382280e6b9369edd47823.pkl,1
D:\08_Dataset\Internal\mar2020\pickle_files\fbaaecaf06f6535a19b78897c212cd808d1db06f.pkl,1
D:\08_Dataset\Internal\mar2020\pickle_files\e170688bfe025bde39c59957915ff6c7763e6ffc.pkl,1
D:\08_Dataset\Internal\mar2020\pickle_files\1b4adcc5a74526a82ca3e77a9fc4871fa0f9c5e7.pkl,1
D:\08_Dataset\Internal\mar2020\pickle_files\69aca2f5211a46894627c6566fc9b64f40b07015.pkl,1
D:\08_Dataset\Internal\mar2020\pickle_files\65bc22c611bfae6eb0e5e56d674a0631058fc904.pkl,1
D:\08_Dataset\Internal\mar2020\pickle_files\54c55ad377c13d06238c0164f7e35ba98c6accb7.pkl,1
D:\08_Dataset\Internal\mar2020\pickle_files\2e4f0017eaa7a80920987b2e34b4429af5c241cc.pkl,1
D:\08_Dataset\Internal\mar2020\pickle_files\966e88d8fcc2c59d0c31e7774f233fc32c5228bb.pkl,1
D:\08_Dataset\Internal\mar2020\pickle_files\94bbdf6a622bed9c9d7aa3593212660a6ec9bb86.pkl,1
D:\08_Dataset\Internal\mar2020\pickle_files\e35639d270b1387e799e15786cb616ebf88c6f3f.pkl,1
D:\08_Dataset\Internal\mar2020\pickle_files\1c2d18c1ad332fde22f6926d849b3aac6500fe6a.pkl,1
D:\08_Dataset\Internal\mar2020\pickle_files\4443b36d77cab2defc5a3fb750ace0e4b8a6560a.pkl,1
D:\08_Dataset\Internal\mar2020\pickle_files\ae631cda98be7a25555f6e73898bdfa62274ca44.pkl,1
D:\08_Dataset\Internal\mar2020\pickle_files\9d8d3408fd3e2f20c5a2449953959f475653bb3d.pkl,1
D:\08_Dataset\Internal\mar2020\pickle_files\1aba36813bb4abcaf75e401be707edfb3d97fa7d.pkl,1
D:\08_Dataset\Internal\mar2020\pickle_files\249bc7a3e74a3b961a52c70eb19eb66348c4448b.pkl,1
D:\08_Dataset\Internal\mar2020\pickle_files\d838417d8169a72e323cf8115d5957f2f9f7e10d.pkl,1
D:\08_Dataset\Internal\mar2020\pickle_files\455f3224b9836cd3e70d5fc1a2994d9c73e0dbc9.pkl,1
D:\08_Dataset\Internal\mar2020\pickle_files\72539af54713cb55e57b6d00d05960a6a4d6ef31.pkl,1
D:\08_Dataset\Internal\mar2020\pickle_files\1b844ac8b4ea373cffa6e04948d626a06dd74c45.pkl,1
D:\08_Dataset\Internal\mar2020\pickle_files\b18e99e752e04cd3e7e139a3c7a05b960d8e43c0.pkl,1
D:\08_Dataset\Internal\mar2020\pickle_files\69fda9be48b93db7e3d93706e1926d9d994335f3.pkl,1
D:\08_Dataset\Internal\mar2020\pickle_files\3bf15461661f1a7400425927060ea24a44584a51.pkl,1
D:\08_Dataset\Internal\mar2020\pickle_files\4cc5ef3220d78ed1dd1887e948370a704edece68.pkl,1
D:\08_Dataset\Internal\mar2020\pickle_files\cc4e2d3892f0f5776bab14794f41ea368067b18f.pkl,1
D:\08_Dataset\Internal\mar2020\pickle_files\b78e02c07298dfe2e85ec38f4454cd1b3d41faba.pkl,1
D:\08_Dataset\Internal\mar2020\pickle_files\e48be34c7f1b06b882a01ffadb07ee65d4e652d1.pkl,1
D:\08_Dataset\Internal\mar2020\pickle_files\4341865215cdd61b51f5a7e79b9b32191c8e9601.pkl,1
D:\08_Dataset\Internal\mar2020\pickle_files\c1505b0d6390f74b9e371aa21c07058ec5a7fda1.pkl,1
D:\08_Dataset\Internal\mar2020\pickle_files\976fa50d0d2930bb306ef63de8388d2e7acb5a9b.pkl,1
D:\08_Dataset\Internal\mar2020\pickle_files\58fe19a784308a4043631487913f74095b84151d.pkl,1
D:\08_Dataset\Internal\mar2020\pickle_files\b1bb17718a8e09bbfa7ca0b90110f4fb4a37fc88.pkl,1
D:\08_Dataset\Internal\mar2020\pickle_files\2d6c35d6236043294fb225c7097ceb4b499cdb2e.pkl,1
D:\08_Dataset\Internal\mar2020\pickle_files\9e014adf263dbfbc948df3f887536e1cc3b64c7b.pkl,1
D:\08_Dataset\Internal\mar2020\pickle_files\40c5eb24c8455d922365b589cb6c208a6123525e.pkl,1
D:\08_Dataset\Internal\mar2020\pickle_files\0d529772b369de83735470faf99cbb692c3cb916.pkl,1
D:\08_Dataset\Internal\mar2020\pickle_files\67f6f479b0fe986edb5775433b23c2547a3b3014.pkl,1
D:\08_Dataset\Internal\mar2020\pickle_files\b820057e4726e4ae19041035b410709dd61b9078.pkl,1
D:\08_Dataset\Internal\mar2020\pickle_files\b42b9a31f253d057ecc51fdf748b7e3e1693805e.pkl,1
D:\08_Dataset\Internal\mar2020\pickle_files\e7ae5f34ddc5f71e0258690e517d34325d9b00c3.pkl,1
D:\08_Dataset\Internal\mar2020\pickle_files\f298d0103beaf3b58dd9e87d63172fa593b066b7.pkl,1
D:\08_Dataset\Internal\mar2020\pickle_files\340f9443d4fab2ad791191568f91d41467e14ffa.pkl,1
D:\08_Dataset\Internal\mar2020\pickle_files\07093b5de753b618be6366f1f5705e891dacbccb.pkl,1
D:\08_Dataset\Internal\mar2020\pickle_files\df65d6516b532ad3b90d464089067a835b6f8899.pkl,1
D:\08_Dataset\Internal\mar2020\pickle_files\2edbd2f798810263f06d652ce56efd61468c932e.pkl,1
D:\08_Dataset\Internal\mar2020\pickle_files\caeee446cb142c310a34e5b39bae2b83c7ae0659.pkl,1
D:\08_Dataset\Internal\mar2020\pickle_files\10f019380fe3d71c83e1701e934cac179aeb02db.pkl,1
D:\08_Dataset\Internal\mar2020\pickle_files\c0ff7cbc4e584592b8a5d02ea0829965a8b8eb0e.pkl,1
D:\08_Dataset\Internal\mar2020\pickle_files\c851126f1d39299cce439a538e3c6a68b5216308.pkl,1
D:\08_Dataset\Internal\mar2020\pickle_files\6213d14313b9a3e116766c9b9282a40345456a29.pkl,1
D:\08_Dataset\Internal\mar2020\pickle_files\ef75ee911ccc55ac51e112f19ab582939b566fcc.pkl,1
D:\08_Dataset\Internal\mar2020\pickle_files\6b2c2920764d2234713b905df7e79cf84e76538f.pkl,1
D:\08_Dataset\Internal\mar2020\pickle_files\d1b0c8204ab84cd18e0094fa2f59b7c37004def4.pkl,1
D:\08_Dataset\Internal\mar2020\pickle_files\5bf2809c617b015eb91fb4cdae1539218605e428.pkl,1
D:\08_Dataset\Internal\mar2020\pickle_files\fc760d81a90e1ea21305fb9849d083e054c3b5c1.pkl,1
D:\08_Dataset\Internal\mar2020\pickle_files\8da4d3e0c844819eabb7914566520de08146896e.pkl,1
D:\08_Dataset\Internal\mar2020\pickle_files\7a5440909d46e8b12982eb199611ff440a160d5d.pkl,1
D:\08_Dataset\Internal\mar2020\pickle_files\5f73e2ffbde596df1e6671a9096149797d8a9f22.pkl,1
D:\08_Dataset\Internal\mar2020\pickle_files\e6d96071800e49df53bab9d281137ac35389ce48.pkl,1
D:\08_Dataset\Internal\mar2020\pickle_files\a4ccdd84c5b2ba65660a9de60913fbf584f244b6.pkl,1
D:\08_Dataset\Internal\mar2020\pickle_files\296b9b3b88b4a76cff2618bc4ba5f34654879baf.pkl,1
D:\08_Dataset\Internal\mar2020\pickle_files\1161b81b569eee8784f81a8e4e360f91637d7af3.pkl,1
D:\08_Dataset\Internal\mar2020\pickle_files\574646c935b328787ac19961fbcb45863da6d611.pkl,1
D:\08_Dataset\Internal\mar2020\pickle_files\6ed3857c012bc367b179b25d55aa25fffa3d4928.pkl,1
D:\08_Dataset\Internal\mar2020\pickle_files\87edb1d5d3afeca09b3d75483c79efd6dc0a0f84.pkl,1
D:\08_Dataset\Internal\mar2020\pickle_files\b88db15af349acd978d7c144a1c72f19f5ca688c.pkl,1
D:\08_Dataset\Internal\mar2020\pickle_files\584da28d2767f3b50db207789874e112d67bd5e2.pkl,1
D:\08_Dataset\Internal\mar2020\pickle_files\af3ab8350547fba0a14bc2d6b8a315a2ec9d2986.pkl,1
D:\08_Dataset\Internal\mar2020\pickle_files\a248722c3dc1781302ce1dbd43b9d6dff5537a52.pkl,1
D:\08_Dataset\Internal\mar2020\pickle_files\7e8ee5ca4d6b43a1011620e4d91774d3cd505e8f.pkl,1
D:\08_Dataset\Internal\mar2020\pickle_files\bedd68d6f392b5d3c118b46fe1a9f46c73867983.pkl,1
D:\08_Dataset\Internal\mar2020\pickle_files\f10d1d3c5f551e419296181c5bb70d24422de0f8.pkl,1
D:\08_Dataset\Internal\mar2020\pickle_files\f876b3fb2a01d0cd19af78a1730971d59a3817f6.pkl,1
D:\08_Dataset\Internal\mar2020\pickle_files\12f9af2480d3b16a874a7d382116fee9aa493974.pkl,1
D:\08_Dataset\Internal\mar2020\pickle_files\40e34923f3c1f813f201a506c003f792b03eae19.pkl,1
D:\08_Dataset\Internal\mar2020\pickle_files\75f7361ff0790b9e0c746efa46128fd58e845be2.pkl,1
D:\08_Dataset\Internal\mar2020\pickle_files\51d51e4f48aeb24a31938994039b67c5ba3498a3.pkl,1
D:\08_Dataset\Internal\mar2020\pickle_files\111917571a4228b49c43639c94019ca13f5afead.pkl,1
D:\08_Dataset\Internal\mar2020\pickle_files\7abf566149f240fe8de01f39f699403f0fcf4796.pkl,1
D:\08_Dataset\Internal\mar2020\pickle_files\367527c9961f78681b96f3aa7dd1879a22196680.pkl,1
D:\08_Dataset\Internal\mar2020\pickle_files\35b08aed7970de18df79133de1ffc5842761c9c9.pkl,1
D:\08_Dataset\Internal\mar2020\pickle_files\b6101e8896d3abcf1fb9f2a3a56f0bf32c584afc.pkl,1
D:\08_Dataset\Internal\mar2020\pickle_files\b7265c116179e0a3e00c822fb389b7f5f533080a.pkl,1
D:\08_Dataset\Internal\mar2020\pickle_files\6a0b9fc247a9b52c405c1c2603714cd35505546a.pkl,1
D:\08_Dataset\Internal\mar2020\pickle_files\3f22c3943b423137908cb5241bfeefd35c615313.pkl,1
D:\08_Dataset\Internal\mar2020\pickle_files\d54321dd54c1a80497688eaacaf1e1c0b43da453.pkl,1
D:\08_Dataset\Internal\mar2020\pickle_files\a3853fff05e2c534778b57d3c659d0834931e64c.pkl,1
D:\08_Dataset\Internal\mar2020\pickle_files\e965c593bd6a62606c687f167ac1aee889e2a2ac.pkl,1
D:\08_Dataset\Internal\mar2020\pickle_files\f6de5fdf02063b7547b669294f214987af03fc4f.pkl,1
D:\08_Dataset\Internal\mar2020\pickle_files\4d91acc04e819d20759171ae2e9ceb9bb5d8c18f.pkl,1
D:\08_Dataset\Internal\mar2020\pickle_files\5dc8180e63199b5ce80d498faff6938008702823.pkl,1
D:\08_Dataset\Internal\mar2020\pickle_files\a04f927b49aa78ae9b3196f9b1bc70f9f5e9148a.pkl,1
D:\08_Dataset\Internal\mar2020\pickle_files\95b24ddda4ded79d4441f6adb84983853aac94c6.pkl,1
D:\08_Dataset\Internal\mar2020\pickle_files\a56322cf3720697bd4282f6172becefa9ed25cdc.pkl,1
D:\08_Dataset\Internal\mar2020\pickle_files\cda2c453e19b020166b7a89d4389d33300a7febb.pkl,1
D:\08_Dataset\Internal\mar2020\pickle_files\eae64894844293a2788c2b2c2ad317d7b1dbae71.pkl,1
D:\08_Dataset\Internal\mar2020\pickle_files\d594628d1e2ad67deadade4ab88701f3afd20067.pkl,1
D:\08_Dataset\Internal\mar2020\pickle_files\ac16fb1cc1f83a1da13985adebd67af151c95cdd.pkl,1
D:\08_Dataset\Internal\mar2020\pickle_files\41d457d4e348cca9595b2cae3e5c2dffe513d14c.pkl,1
D:\08_Dataset\Internal\mar2020\pickle_files\9d27eae1ada4af713a1be224837dac96c6f37129.pkl,1
D:\08_Dataset\Internal\mar2020\pickle_files\8378ae16d650e81bcde588f36b0fbc065e33ad91.pkl,1
D:\08_Dataset\Internal\mar2020\pickle_files\68b2607ed5bfd0189241b89545b85c366fd06d0a.pkl,1
D:\08_Dataset\Internal\mar2020\pickle_files\17f5fb7912581e66110c1d27b19e9e36d539e92d.pkl,1
D:\08_Dataset\Internal\mar2020\pickle_files\3c09a3acc36a5430616470e0004040bf92901d24.pkl,1
D:\08_Dataset\Internal\mar2020\pickle_files\ffe2c9950e922256e7849f8c5432384cab1d9854.pkl,1
D:\08_Dataset\Internal\mar2020\pickle_files\da9e16baf5f4f82f2be7d631f68f6136faaabb3a.pkl,1
D:\08_Dataset\Internal\mar2020\pickle_files\1b3ba1e4b2c229894bdad4c3e9c940f005b53f2d.pkl,1
D:\08_Dataset\Internal\mar2020\pickle_files\8be6bd186a160ec1e2f1948603b32c54c8378fc0.pkl,1
D:\08_Dataset\Internal\mar2020\pickle_files\a85c814f4c6a7d80f9f2ad1b82e0db3da3a1a03a.pkl,1
D:\08_Dataset\Internal\mar2020\pickle_files\c4429f410826601e415f00a2d41f54e9dbaa410e.pkl,1
D:\08_Dataset\Internal\mar2020\pickle_files\b4eee781fa2682da40c67d81c8688d592461c897.pkl,1
D:\08_Dataset\Internal\mar2020\pickle_files\57aa32a13a2f536a04490cc2dd6dd2c5a0cdceb1.pkl,1
D:\08_Dataset\Internal\mar2020\pickle_files\02e94332b05ba9c26e98b8dfd0c70723cee153d5.pkl,1
D:\08_Dataset\Internal\mar2020\pickle_files\094450cac25133fc8a34c05126d54ed92570b042.pkl,1
D:\08_Dataset\Internal\mar2020\pickle_files\7790b441d2e671f754231d2fd460c90ea7614503.pkl,1
D:\08_Dataset\Internal\mar2020\pickle_files\723387bea54ef3a212d4d3f09e9ee38d9c709e67.pkl,1
D:\08_Dataset\Internal\mar2020\pickle_files\ea7f1bc6713a300cc7331877c267418aa30f2730.pkl,1
D:\08_Dataset\Internal\mar2020\pickle_files\ebf0ba271b853e56f9a19073b37228be77ccec26.pkl,1
D:\08_Dataset\Internal\mar2020\pickle_files\34929089bc2173471f5dd6930986cd60efde6912.pkl,1
D:\08_Dataset\Internal\mar2020\pickle_files\5969c72fdd677873fe7898b9b083842b3c489745.pkl,1
D:\08_Dataset\Internal\mar2020\pickle_files\10a956f52f80a62595ac62d992bc594a47d6519c.pkl,1
D:\08_Dataset\Internal\mar2020\pickle_files\a48997bdb124bd2013e8064b1a9a0a6b96607fc4.pkl,1
D:\08_Dataset\Internal\mar2020\pickle_files\e33b42b26542ed3943814bf95428b105c9c146c8.pkl,1
D:\08_Dataset\Internal\mar2020\pickle_files\62c31718781f48de7b1a878052a7f1707710c91e.pkl,1
D:\08_Dataset\Internal\mar2020\pickle_files\39a66a224c23d32c7a8450f980d0ce6bc3ba18d6.pkl,1
D:\08_Dataset\Internal\mar2020\pickle_files\80ff8ebb5e9c6a5badf4edcd50686c763bcc521e.pkl,1
D:\08_Dataset\Internal\mar2020\pickle_files\0baa269b463ee02707bfa3f69542fc3cca7b7cea.pkl,1
D:\08_Dataset\Internal\mar2020\pickle_files\32bf964e831bfc57a60b00df967419789dd632da.pkl,1
D:\08_Dataset\Internal\mar2020\pickle_files\cb33b866ba5f4d5711468bc6d7053270bdd8a858.pkl,1
D:\08_Dataset\Internal\mar2020\pickle_files\c76b67adcb0b1c97a840379072d1b593047472fc.pkl,1
D:\08_Dataset\Internal\mar2020\pickle_files\ad4708c72e5d960693595e06292c4a0a8f8f84cd.pkl,1
D:\08_Dataset\Internal\mar2020\pickle_files\3d300ef9446086c5290e066a112ef8f73c9fb471.pkl,1
D:\08_Dataset\Internal\mar2020\pickle_files\80fbe58464afea3ecb52e8021e9ed5b7334f8403.pkl,1
D:\08_Dataset\Internal\mar2020\pickle_files\cf8c949001bef6753464d4b5c5581dc0e405473d.pkl,1
D:\08_Dataset\Internal\mar2020\pickle_files\90b4950c45fd1ca5a84ddde7ff352cb57a8e8f63.pkl,1
D:\08_Dataset\Internal\mar2020\pickle_files\4fd5ea40e4a7d459d31514c8394f8e1ea45dc68a.pkl,1
D:\08_Dataset\Internal\mar2020\pickle_files\0d99d7dde9f32a035ec4fce4a48cfd14c385c3c6.pkl,1
D:\08_Dataset\Internal\mar2020\pickle_files\d176c1b5d53771c5c75c05173b37ea6ae37ce017.pkl,1
D:\08_Dataset\Internal\mar2020\pickle_files\03897f0c9e32c609457746cb2f6e61c9d22da7c0.pkl,1
D:\08_Dataset\Internal\mar2020\pickle_files\9517c0fed26029b568f0c217932a1b415ca2f424.pkl,1
D:\08_Dataset\Internal\mar2020\pickle_files\d06c5d98fc4cd4abed50782941f3889e62b45a42.pkl,1
D:\08_Dataset\Internal\mar2020\pickle_files\856a1d0bc391909a5d5b541080b241a27cb4c539.pkl,1
D:\08_Dataset\Internal\mar2020\pickle_files\30f73ed057391e42d9be3ddf0f4e17948d0f8a4b.pkl,1
D:\08_Dataset\Internal\mar2020\pickle_files\75582d8e70d1b19cb39933ddd03ff4a964287541.pkl,1
D:\08_Dataset\Internal\mar2020\pickle_files\1f6d03ef68f4832aa932818f2eae332bc79c4003.pkl,1
D:\08_Dataset\Internal\mar2020\pickle_files\d8cd837bc0759fc4e7c0db74dc187603ed8b91a5.pkl,1
D:\08_Dataset\Internal\mar2020\pickle_files\e23a550615f91d7b83b66b58ff6878cac92a4212.pkl,1
D:\08_Dataset\Internal\mar2020\pickle_files\cd2ef368fb6b5530a68dca7735471da9116e28ca.pkl,1
D:\08_Dataset\Internal\mar2020\pickle_files\f697d0462af358b80aa83cc0cf3f4c3cc71d6d9f.pkl,1
D:\08_Dataset\Internal\mar2020\pickle_files\5386a19b035da5c1970605b3d35ce3eae6b29b09.pkl,1
D:\08_Dataset\Internal\mar2020\pickle_files\d8b323d8c7a47ffa49c6d8bfbcaca0cd647768ca.pkl,1
D:\08_Dataset\Internal\mar2020\pickle_files\fd2f3b5ee9167cb2015172e96732153255943177.pkl,1
D:\08_Dataset\Internal\mar2020\pickle_files\4d0678715783f0fb79381fa4fe94dd9266fc2462.pkl,1
D:\08_Dataset\Internal\mar2020\pickle_files\6fa6c2d9936ab15fe006e6515d42b29d10bf4e29.pkl,1
D:\08_Dataset\Internal\mar2020\pickle_files\41b8c87daf8ec9df0569d53d065dda6d484dad83.pkl,1
D:\08_Dataset\Internal\mar2020\pickle_files\5bc6dedbaf5dbc7edf33a3d40d0f54e66a60c3f3.pkl,1
D:\08_Dataset\Internal\mar2020\pickle_files\a5a45d14f54c1f5687a654966bf95230aaeb069a.pkl,1
D:\08_Dataset\Internal\mar2020\pickle_files\fce391af79319a8678eb1297e08cf1adb58b56cd.pkl,1
D:\08_Dataset\Internal\mar2020\pickle_files\2b4fc0c6af7bf030bce69059f812c0763e7aa6e0.pkl,1
D:\08_Dataset\Internal\mar2020\pickle_files\57675bf92cea6df997aebb148d81d25db892b209.pkl,1
D:\08_Dataset\Internal\mar2020\pickle_files\6dc04679fa3f34d585be7dce4bc07f48aefac784.pkl,1
D:\08_Dataset\Internal\mar2020\pickle_files\a5630fdcb1d9fb498faa9c8334176792bade6d79.pkl,1
D:\08_Dataset\Internal\mar2020\pickle_files\813c1d6597302e5303bc185b3cce016d824b32f5.pkl,1
D:\08_Dataset\Internal\mar2020\pickle_files\0eb0cc0e1c28c7f19b682ccbb5256984b1a951c5.pkl,1
D:\08_Dataset\Internal\mar2020\pickle_files\6601bdc990dededdb92340cdeada734164e9f0f8.pkl,1
D:\08_Dataset\Internal\mar2020\pickle_files\779b046cd1a39240e4771dbd373058b615b386bd.pkl,1
D:\08_Dataset\Internal\mar2020\pickle_files\1a2da5dafe49230f574f9478e28c7569552597b9.pkl,1
D:\08_Dataset\Internal\mar2020\pickle_files\f81ea174dad82caa75ec173d33bb63e89e51721d.pkl,1
D:\08_Dataset\Internal\mar2020\pickle_files\9364643b2268b95180e556032c50ee383ac0b0c5.pkl,1
D:\08_Dataset\Internal\mar2020\pickle_files\ae0a97530a4541a468dba9cebefdce4b52c6bd96.pkl,1
D:\08_Dataset\Internal\mar2020\pickle_files\8668edc066011099ef11b685fad9a127b3770dbb.pkl,1
D:\08_Dataset\Internal\mar2020\pickle_files\327b2248013d9d1f389a05153748ecd4a5dd3c7f.pkl,1
D:\08_Dataset\Internal\mar2020\pickle_files\3d0ef88263327c7574156d49aacea0966c384503.pkl,1
D:\08_Dataset\Internal\mar2020\pickle_files\e3cc68b6557e2953c5ba9b4635df4c74f89c7841.pkl,1
D:\08_Dataset\Internal\mar2020\pickle_files\891f3e83fc2a83d5b5ce7da67f6c6f11490a072e.pkl,1
D:\08_Dataset\Internal\mar2020\pickle_files\50ea024d2860867482d44c1bbc64c2b94f2c9aac.pkl,1
D:\08_Dataset\Internal\mar2020\pickle_files\e2ef4bb26cefc050a91505909300dc2311c51368.pkl,1
D:\08_Dataset\Internal\mar2020\pickle_files\e97ee65e29c0c7d313646b9711a5b2bfa6fc2d1b.pkl,1
D:\08_Dataset\Internal\mar2020\pickle_files\d6abf046ee39139f98928480b2379da9eba187e6.pkl,1
D:\08_Dataset\Internal\mar2020\pickle_files\67058dbc55dbe01d30bbadb22991e760bb8bf02e.pkl,1
D:\08_Dataset\Internal\mar2020\pickle_files\2e97cc49b150c3f10bbbf5b919bc5b4176c240b8.pkl,1
D:\08_Dataset\Internal\mar2020\pickle_files\5616d68fdbe3d14977355a8226bede573b5538e1.pkl,1
D:\08_Dataset\Internal\mar2020\pickle_files\3898166107d6f579a5fc41beb42c2f2d24cacc00.pkl,1
D:\08_Dataset\Internal\mar2020\pickle_files\c300366867cf8875c01523a36abf6e0cb8d8c716.pkl,1
D:\08_Dataset\Internal\mar2020\pickle_files\193145c67172aaf2796c9bc446441a88cf717052.pkl,1
D:\08_Dataset\Internal\mar2020\pickle_files\52129f0d5e542c54131205c828d1b0cbd5fb8ae1.pkl,1
D:\08_Dataset\Internal\mar2020\pickle_files\ec99129d04728f2295f99f56d83ff889307379ec.pkl,1
D:\08_Dataset\Internal\mar2020\pickle_files\a6cba06742e2dc1d91c19ddfe8db1c77722171cf.pkl,1
D:\08_Dataset\Internal\mar2020\pickle_files\48929ae0f706da183dc495876b9196d709708b0d.pkl,1
D:\08_Dataset\Internal\mar2020\pickle_files\05ec5eb5ccca51bdcfa3cad90d00b8e785e906e4.pkl,1
D:\08_Dataset\Internal\mar2020\pickle_files\face2700a1e309730256d5d818ef648bc55a6e03.pkl,1
D:\08_Dataset\Internal\mar2020\pickle_files\587d195bda2cd22115304afcb077cd55069d516a.pkl,1
D:\08_Dataset\Internal\mar2020\pickle_files\11cc05613283f3042cab3c28db04484b0f521e8f.pkl,1
D:\08_Dataset\Internal\mar2020\pickle_files\125015d16abf55841cfb7213974558a0bffe0c4d.pkl,1
D:\08_Dataset\Internal\mar2020\pickle_files\0b4d5e7093674238a62f5f0f84f4ac3123d041da.pkl,1
D:\08_Dataset\Internal\mar2020\pickle_files\7199426684d4f9e779a22deab71d354d306e2351.pkl,1
D:\08_Dataset\Internal\mar2020\pickle_files\42629211eb6618487fb2ec7e7f630221eb532c13.pkl,1
D:\08_Dataset\Internal\mar2020\pickle_files\af85f6939f6f421ca8604040c3488362993a3cee.pkl,1
D:\08_Dataset\Internal\mar2020\pickle_files\76b772d9db57c9ff94d52d8ba471b204e2defdc8.pkl,1
D:\08_Dataset\Internal\mar2020\pickle_files\2cfce3e765e9ef329ddf5a45c23aa8a6f7f6f427.pkl,1
D:\08_Dataset\Internal\mar2020\pickle_files\5bc044bcc246cc3f83d59fcc1f8af48f59ea12e2.pkl,1
D:\08_Dataset\Internal\mar2020\pickle_files\3e636282179c1eeb1d7f83ecbc1f3dc44e36239d.pkl,1
D:\08_Dataset\Internal\mar2020\pickle_files\71c58c057f7179404076bf735a52bbacd2f994f5.pkl,1
D:\08_Dataset\Internal\mar2020\pickle_files\d70bcebd95ffe0936bad8c26dd949a612c2412d3.pkl,1
D:\08_Dataset\Internal\mar2020\pickle_files\a614f53ac06edc82b077cd3c9fddffb90ffdc6eb.pkl,1
D:\08_Dataset\Internal\mar2020\pickle_files\6b1f188d763403ab45eb334a2611113d94a696d4.pkl,1
D:\08_Dataset\Internal\mar2020\pickle_files\6b92e0fbb9ee124f3d88cf237e9407a04c3283df.pkl,1
D:\08_Dataset\Internal\mar2020\pickle_files\5943dfcb23053659159c0e91eccbf51d71f44300.pkl,1
D:\08_Dataset\Internal\mar2020\pickle_files\131d27454241cc124f488d090268515426fdec1d.pkl,1
D:\08_Dataset\Internal\mar2020\pickle_files\cc100dbfd26a27029e4ccbf65381d9675e60fcf2.pkl,1
D:\08_Dataset\Internal\mar2020\pickle_files\017a531d419b8ea024af2293ae244f9b7eb36289.pkl,1
D:\08_Dataset\Internal\mar2020\pickle_files\15a245ea422cbe92df11b1f0bee407ffb1336ab8.pkl,1
D:\08_Dataset\Internal\mar2020\pickle_files\fd13ab3de8d524ec71745c99027ba9816b7bd114.pkl,1
D:\08_Dataset\Internal\mar2020\pickle_files\04fec2ddc43ffd0f33b201efec7e322f3b522edf.pkl,1
D:\08_Dataset\Internal\mar2020\pickle_files\13ee3a5df4a52edc6bceddc5baecf9d1f6358425.pkl,1
D:\08_Dataset\Internal\mar2020\pickle_files\5bfe0488a200fe320d3030562b3e4ac0e0cdc4d4.pkl,1
D:\08_Dataset\Internal\mar2020\pickle_files\dd64856112ac2830a107c5ffc776e7505c2572a9.pkl,1
D:\08_Dataset\Internal\mar2020\pickle_files\0f43a93a23939a985b24bc62d26f6eff8cf47dd6.pkl,1
D:\08_Dataset\Internal\mar2020\pickle_files\af2e1ee6703a7679f8b8c0fbf6eaf7c81cf5dfd0.pkl,1
D:\08_Dataset\Internal\mar2020\pickle_files\fb09457bf88efb4bf216bcc0d6b01225f334cd3c.pkl,1
D:\08_Dataset\Internal\mar2020\pickle_files\50a28ad71a8358f967c0cc31a63503720193d2c7.pkl,1
D:\08_Dataset\Internal\mar2020\pickle_files\80e4ce3ee8426359148961bab1c6a553b024711e.pkl,1
D:\08_Dataset\Internal\mar2020\pickle_files\bb80479594185566467f0996cddfff11d6c9ead3.pkl,1
D:\08_Dataset\Internal\mar2020\pickle_files\d5172ec9848ae7d19ede4e4774d6e2bd2d031ef3.pkl,1
D:\08_Dataset\Internal\mar2020\pickle_files\2b8c550db4cdca7d363b1637c6569623dd5a3fe2.pkl,1
D:\08_Dataset\Internal\mar2020\pickle_files\603dbb09bd7d3346127b3a3967a7ae8dee2d8e66.pkl,1
D:\08_Dataset\Internal\mar2020\pickle_files\c1554dd75d94a5dba23dab397974cbb3fea86e11.pkl,1
D:\08_Dataset\Internal\mar2020\pickle_files\132a3e8e88fed03b95a1f7c775758a610441473e.pkl,1
D:\08_Dataset\Internal\mar2020\pickle_files\8f1ae08d1cd3f27220d3b36e05786b91d6d44799.pkl,1
D:\08_Dataset\Internal\mar2020\pickle_files\35745f23ac42f84feeb4619f657c11e004a989f3.pkl,1
D:\08_Dataset\Internal\mar2020\pickle_files\0669d13b32f7933c6ba08244718b6a8a362e059c.pkl,1
D:\08_Dataset\Internal\mar2020\pickle_files\eded5c7d78127c86ed9836fbc1c70d51e92ee7bc.pkl,1
D:\08_Dataset\Internal\mar2020\pickle_files\87b28c330058c2ce6293c3b3bb69459b4c2a7f76.pkl,1
D:\08_Dataset\Internal\mar2020\pickle_files\28d7893364dc81b34d883c60d818980e7d243e3b.pkl,1
D:\08_Dataset\Internal\mar2020\pickle_files\7e38f86274fc73df9b3e2bff0b7c5dd5c0266c5b.pkl,1
D:\08_Dataset\Internal\mar2020\pickle_files\93b64473310e7db3259a6e485cdc24bd4cb8e150.pkl,1
D:\08_Dataset\Internal\mar2020\pickle_files\386f7752a2c25e79e04f742ee17b4cef4aeb9a8e.pkl,1
D:\08_Dataset\Internal\mar2020\pickle_files\1dd558a1bf650aa42bf04079567c5f6014ab659d.pkl,1
D:\08_Dataset\Internal\mar2020\pickle_files\bd28da3dec9a7b395240629b04078ad2d3afc381.pkl,1
D:\08_Dataset\Internal\mar2020\pickle_files\7420590c659b3f90f5fecdfc73d75b109c698f3c.pkl,1
D:\08_Dataset\Internal\mar2020\pickle_files\f5f72abda3393676e6d52b04cc58caf9a9fe4d5e.pkl,1
D:\08_Dataset\Internal\mar2020\pickle_files\217525d948ddcb6ec81cc37abf3371997b984ff4.pkl,1
D:\08_Dataset\Internal\mar2020\pickle_files\b8274ecb6b093f6867321f771d1aea32b42d9ab4.pkl,1
D:\08_Dataset\Internal\mar2020\pickle_files\77a8cf1ed4e6478dbfbcf1b5502b52866412445b.pkl,1
D:\08_Dataset\Internal\mar2020\pickle_files\23440db1b1840b43ba692262c426f02ef830f19d.pkl,1
D:\08_Dataset\Internal\mar2020\pickle_files\6f96b6b590c96abea79ec87cc839135303f624eb.pkl,1
D:\08_Dataset\Internal\mar2020\pickle_files\e0b86eeccf64b0e7f73806eb01095fed95c876fe.pkl,1
D:\08_Dataset\Internal\mar2020\pickle_files\0fcd218015b8164ab8aa5b8e5e9f4f1d60549513.pkl,1
D:\08_Dataset\Internal\mar2020\pickle_files\bb49cc182b33e4acb2bbc8d1da9d5b0f937a0cc8.pkl,1
D:\08_Dataset\Internal\mar2020\pickle_files\341d0333d9ed29050b17c91520d21dd4af0dda9d.pkl,1
D:\08_Dataset\Internal\mar2020\pickle_files\acb00804207666c1052eca98af5248126d85ca8a.pkl,1
D:\08_Dataset\Internal\mar2020\pickle_files\6b404b5c948f7218608e2756def09062c3c369be.pkl,1
D:\08_Dataset\Internal\mar2020\pickle_files\991b701c592a4552e8b801c0d201a380428772ae.pkl,1
D:\08_Dataset\Internal\mar2020\pickle_files\2b7ba0738bdd20b4e60fb506d376dc5c815e6cee.pkl,1
D:\08_Dataset\Internal\mar2020\pickle_files\0022207362817ce796c1bc2b98087c6a830d3749.pkl,1
D:\08_Dataset\Internal\mar2020\pickle_files\44b2548239086df074daa53ee78a25df1c3513d9.pkl,1
D:\08_Dataset\Internal\mar2020\pickle_files\ef51748af26a8f30ace5e4872bfc2db403f56ff1.pkl,1
D:\08_Dataset\Internal\mar2020\pickle_files\3fa2a8a7ad0333154daa5ddf31c3074e5b34e8b3.pkl,1
D:\08_Dataset\Internal\mar2020\pickle_files\645cae0f023f9a9ab8417431c82c8680208420a2.pkl,1
D:\08_Dataset\Internal\mar2020\pickle_files\349cbbc236cd3e1cddddb51de5487db41d4a9f43.pkl,1
D:\08_Dataset\Internal\mar2020\pickle_files\73a40be3a94a009fa6001884f85b8f9ee100d7fe.pkl,1
D:\08_Dataset\Internal\mar2020\pickle_files\7a034ec992d17c6e7bd0ca97121585be1f66fca2.pkl,1
D:\08_Dataset\Internal\mar2020\pickle_files\cb66131274d7f97ae76e57bfe7162740c53e89a3.pkl,1
D:\08_Dataset\Internal\mar2020\pickle_files\fd5340e6b04f39c04e58d3c4fc28a4b3eeb34d1c.pkl,1
D:\08_Dataset\Internal\mar2020\pickle_files\f53b869b73c3d5ed921db0d6eca5f4b2fa201b96.pkl,1
D:\08_Dataset\Internal\mar2020\pickle_files\6911e46a17994ecf82275c9a0796b3a5ff3fd6be.pkl,1
D:\08_Dataset\Internal\mar2020\pickle_files\fb42f1699b37faabf6be1f02db0195bf908ad7b9.pkl,1
D:\08_Dataset\Internal\mar2020\pickle_files\4ee83d3c2195f32db6cae0ac4da3141d6bea84d5.pkl,1
D:\08_Dataset\Internal\mar2020\pickle_files\e2c305ba29b41cca7272fc3da1fd8f44c2ce1279.pkl,1
D:\08_Dataset\Internal\mar2020\pickle_files\8a303d05b74df9437cc66530a9532ec37b4a9a17.pkl,1
D:\08_Dataset\Internal\mar2020\pickle_files\9122ab7f95078a02662c25f7d68b35410c0dfddd.pkl,1
D:\08_Dataset\Internal\mar2020\pickle_files\6999376f99047bd736d8341095381c697a6f7584.pkl,1
D:\08_Dataset\Internal\mar2020\pickle_files\f9d865c129620d9ecb932802b2fd5246bb2c5037.pkl,1
D:\08_Dataset\Internal\mar2020\pickle_files\3d412c75b37ad696c944102547908264c94b1a6a.pkl,1
D:\08_Dataset\Internal\mar2020\pickle_files\780f9251d35d9aab28a07df81e5ea0f7b6333f41.pkl,1
D:\08_Dataset\Internal\mar2020\pickle_files\d354bc1de478959c8a9d71d167af75d49de642eb.pkl,1
D:\08_Dataset\Internal\mar2020\pickle_files\4569c505a291642a9d8472b0dcafa3753b6bd343.pkl,1
D:\08_Dataset\Internal\mar2020\pickle_files\5ef84d29b0287b4416a6fea940e641bd88b3b94c.pkl,1
D:\08_Dataset\Internal\mar2020\pickle_files\0e629985df07ae74e9f2aeba47f2b11f4ed60115.pkl,1
D:\08_Dataset\Internal\mar2020\pickle_files\3e8ae4a7adff463a111d55035fd516ad8e5a4562.pkl,1
D:\08_Dataset\Internal\mar2020\pickle_files\eaa336b71fef54040f98304094d3036a0671ae75.pkl,1
D:\08_Dataset\Internal\mar2020\pickle_files\a96c38c8fe091d1860fec28e6b4dafa5bf69e766.pkl,1
D:\08_Dataset\Internal\mar2020\pickle_files\43b93757c4f5ac5caa8a8fc879bdf8cc2ac1bd92.pkl,1
D:\08_Dataset\Internal\mar2020\pickle_files\366433e3b59d5be6341fb8b483cb6d20b251b032.pkl,1
D:\08_Dataset\Internal\mar2020\pickle_files\46ef9fe6be320b6ef67598d209914b1f1a1da2dd.pkl,1
D:\08_Dataset\Internal\mar2020\pickle_files\80e8df7f786953c336888ea54bfa3c2f092f1099.pkl,1
D:\08_Dataset\Internal\mar2020\pickle_files\247fe3e3dc14d518b2e2e25af23ca44064b4fcca.pkl,1
D:\08_Dataset\Internal\mar2020\pickle_files\d699f9f1b953b3dca847ca9ad244d04d827296f1.pkl,1
D:\08_Dataset\Internal\mar2020\pickle_files\057f337bc4b1ce17705eb904c6168e4e7c772e96.pkl,1
D:\08_Dataset\Internal\mar2020\pickle_files\7d949d182fb93cac6da5678fa21b1d7acdc5281e.pkl,1
D:\08_Dataset\Internal\mar2020\pickle_files\6f058538ede30670bd428c61a40b84c83043c17e.pkl,1
D:\08_Dataset\Internal\mar2020\pickle_files\96f4ab81af4e883a2b57eeaf9d8b2f72eb1e141a.pkl,1
D:\08_Dataset\Internal\mar2020\pickle_files\0936427224184512689074219ef92e5a042c02e0.pkl,1
D:\08_Dataset\Internal\mar2020\pickle_files\c89abb6ad561c471f3df12a899311b61cfac1927.pkl,1
D:\08_Dataset\Internal\mar2020\pickle_files\09468fa6101a3805ef51616bd3b8f2d79f663545.pkl,1
D:\08_Dataset\Internal\mar2020\pickle_files\af489ab9223f8037db20c9f3578e7db9a333f8fd.pkl,1
D:\08_Dataset\Internal\mar2020\pickle_files\f7ea727431dd37b8611ed5a5a36c7fb4b5ecdd7f.pkl,1
D:\08_Dataset\Internal\mar2020\pickle_files\134ec33a165a8c4d1567c77fde1218e5b1810109.pkl,1
D:\08_Dataset\Internal\mar2020\pickle_files\0b12c15715c8b631e27869e873e4dacbb1a49672.pkl,1
D:\08_Dataset\Internal\mar2020\pickle_files\878a416e47dee4f8f5f26660a15b633abcee7d8f.pkl,1
D:\08_Dataset\Internal\mar2020\pickle_files\5dece190f5248e85e6360022309c24c051905bf4.pkl,1
D:\08_Dataset\Internal\mar2020\pickle_files\dd7c9ada644043afaf6a25c700f283f7f7e31cbb.pkl,1
D:\08_Dataset\Internal\mar2020\pickle_files\8ca4c46ad5d208e4e0ff4f23380c8c6619375d19.pkl,1
D:\08_Dataset\Internal\mar2020\pickle_files\6ad56198ddfde1349f246fb82885ddf071ee511e.pkl,1
D:\08_Dataset\Internal\mar2020\pickle_files\50dc7d25402fbf232bc73129715c43867e879cf5.pkl,1
D:\08_Dataset\Internal\mar2020\pickle_files\83dcd0f83f3e34c1289b5c3917d4fbe1b0556cbb.pkl,1
D:\08_Dataset\Internal\mar2020\pickle_files\6423563ec6471d12c3354088e3fa12bba3ccadbc.pkl,1
D:\08_Dataset\Internal\mar2020\pickle_files\761e1ac68a3c34805606adcad2d39c39ad372e28.pkl,1
D:\08_Dataset\Internal\mar2020\pickle_files\8501ed6d5e13415b9a13dea7453cec691383e239.pkl,1
D:\08_Dataset\Internal\mar2020\pickle_files\54309af8ff41a3798cfc39212beb419f1aef2dd8.pkl,1
D:\08_Dataset\Internal\mar2020\pickle_files\2ee11ea8577e5f8649030f158f7d54a854d9a2bd.pkl,1
D:\08_Dataset\Internal\mar2020\pickle_files\ac9abe93663e3873e842711a7e53a4accbfe8293.pkl,1
D:\08_Dataset\Internal\mar2020\pickle_files\7b9714fb0ca13244e37faab56a5b9fbc52d5fe4a.pkl,1
D:\08_Dataset\Internal\mar2020\pickle_files\1edd40acd0c21202cabd2e64d6f2ead64ae2db5b.pkl,1
D:\08_Dataset\Internal\mar2020\pickle_files\e801ca59117e8d287ffb3d9f74263e1ff1cdfae7.pkl,1
D:\08_Dataset\Internal\mar2020\pickle_files\56fa35e4a9e86a97dbcd9f73b8fc5fc082473fd0.pkl,1
D:\08_Dataset\Internal\mar2020\pickle_files\b39bfb7ca9ebe1c6e71f4813c952ec2649b61051.pkl,1
D:\08_Dataset\Internal\mar2020\pickle_files\73ee93d5697fa140a5dd335b0f501e5597dc593c.pkl,1
D:\08_Dataset\Internal\mar2020\pickle_files\b34750df10e42bebcdcc007e0d6cc006cc892ecc.pkl,1
D:\08_Dataset\Internal\mar2020\pickle_files\672c59acad91050fd2eeef2956524914619931b9.pkl,1
D:\08_Dataset\Internal\mar2020\pickle_files\1509e19ce028c9fcca3b26ff57aaaf31a26c28a0.pkl,1
D:\08_Dataset\Internal\mar2020\pickle_files\48f01cefd53b9a366c61c5526660a87aeaf3df2f.pkl,1
D:\08_Dataset\Internal\mar2020\pickle_files\3655632e7318b9df811bc7e05fc0a412df2e0dc4.pkl,1
D:\08_Dataset\Internal\mar2020\pickle_files\0d6f8c68dc0fa028368b7757c0f2913c278c4231.pkl,1
D:\08_Dataset\Internal\mar2020\pickle_files\ec2e849e64d6e819098663d79bbb2e0244cbcfe2.pkl,1
D:\08_Dataset\Internal\mar2020\pickle_files\4fa75efebc688215b1816836a41da4471b1baab2.pkl,1
D:\08_Dataset\Internal\mar2020\pickle_files\76d716d41e3387f6a8854cdbda653efe844e2262.pkl,1
D:\08_Dataset\Internal\mar2020\pickle_files\9c453c04f1e928d80f911e40f08089e18d88465c.pkl,1
D:\08_Dataset\Internal\mar2020\pickle_files\f309c6d901faf27355790117483287f71bbc9783.pkl,1
D:\08_Dataset\Internal\mar2020\pickle_files\44d758c986b272dba291ab454d2de60ccbef9792.pkl,1
D:\08_Dataset\Internal\mar2020\pickle_files\926141a3f3a5700caa131a07eea73b0b27adc82b.pkl,1
D:\08_Dataset\Internal\mar2020\pickle_files\98314c11b2bb0f633d461a3da22156b2e984aae8.pkl,1
D:\08_Dataset\Internal\mar2020\pickle_files\340d19d9518e2cef7be40c9a44f429d95adcb8e7.pkl,1
D:\08_Dataset\Internal\mar2020\pickle_files\ad1c33c48b5ad8dc2ff2636e79f44f2b8d836b97.pkl,1
D:\08_Dataset\Internal\mar2020\pickle_files\61025daa8c8abfb2f6cdc120e6a4eacca9dda3a1.pkl,1
D:\08_Dataset\Internal\mar2020\pickle_files\d684aca58b7487fb5b1ff67af2aa409b2ff791b7.pkl,1
D:\08_Dataset\Internal\mar2020\pickle_files\5266eb3d03eed42819013b82094ce935fd81bd09.pkl,1
D:\08_Dataset\Internal\mar2020\pickle_files\3985722f6aefde93c6302659e6146f3537337f4b.pkl,1
D:\08_Dataset\Internal\mar2020\pickle_files\96e846f41fac5183bc13cc7c563295d05d160efe.pkl,1
D:\08_Dataset\Internal\mar2020\pickle_files\9179e01625177fa3a663c560e46a7c5740385a84.pkl,1
D:\08_Dataset\Internal\mar2020\pickle_files\cf7b1dc8d89df0fe14f7b384bcd58c02bc8f8c0e.pkl,1
D:\08_Dataset\Internal\mar2020\pickle_files\fd12d92ec5090a42f9d6d6b2c1633227bb72f411.pkl,1
D:\08_Dataset\Internal\mar2020\pickle_files\1e02acbfb9764d558e1808e737cdf8c3edfe363a.pkl,1
D:\08_Dataset\Internal\mar2020\pickle_files\53d904a46893a5ae41a2918ebc69cee1e8c46e0c.pkl,1
D:\08_Dataset\Internal\mar2020\pickle_files\0c7d9eff4f53b68ad085ca006fedf6682028cbba.pkl,1
D:\08_Dataset\Internal\mar2020\pickle_files\1ca302f930b22e8abce437255a8af64e3593b8aa.pkl,1
D:\08_Dataset\Internal\mar2020\pickle_files\2d33aebbc1e69e21d307174ec945f86b42f202d7.pkl,1
D:\08_Dataset\Internal\mar2020\pickle_files\cbe6a62cedcc2e6715078173607c2cdd6ddbd2df.pkl,1
D:\08_Dataset\Internal\mar2020\pickle_files\c5ac27998cd6e7c9a21fcf9b25309338f3ed193a.pkl,1
D:\08_Dataset\Internal\mar2020\pickle_files\01cf19bcb2f33d35cdd8e86040a15d7fada5a8c4.pkl,1
D:\08_Dataset\Internal\mar2020\pickle_files\954b24cdfacebd1f3c87f60130f4f7affe9350fe.pkl,1
D:\08_Dataset\Internal\mar2020\pickle_files\c3a8b2e800614a9cb4cbef421081e69448dec2fc.pkl,1
D:\08_Dataset\Internal\mar2020\pickle_files\6995168f84d59d3008ada60a59c836c9707a1e04.pkl,1
D:\08_Dataset\Internal\mar2020\pickle_files\a07ed1f1b9e890d7e70fdf3742200c01b2d680db.pkl,1
D:\08_Dataset\Internal\mar2020\pickle_files\32740a2f4a2bf8a84e95548e45358ce2ca0221a7.pkl,1
D:\08_Dataset\Internal\mar2020\pickle_files\9aee26c60fbf12bb175b79d4a0e94e6cd8c16d50.pkl,1
D:\08_Dataset\Internal\mar2020\pickle_files\7b97e81431b30868b5d9e286fd97c0f5bee09998.pkl,1
D:\08_Dataset\Internal\mar2020\pickle_files\984d595bec3b31b74a6830f3f515f851e0cec9e6.pkl,1
D:\08_Dataset\Internal\mar2020\pickle_files\750751ae00ea0921d3eb7bb2d5fffc7a44480cbf.pkl,1
D:\08_Dataset\Internal\mar2020\pickle_files\c1c1db9b64e2f062cf0859833219ed5c06007672.pkl,1
D:\08_Dataset\Internal\mar2020\pickle_files\eeeafb929410f9e106ccd8984b62fb5de00a429b.pkl,1
D:\08_Dataset\Internal\mar2020\pickle_files\05a8988158f2a2ac7a97c893f8bf33e3559966fc.pkl,1
D:\08_Dataset\Internal\mar2020\pickle_files\2a1b88f8b6636a1a4db53fe820396b4341ce9abf.pkl,1
D:\08_Dataset\Internal\mar2020\pickle_files\ae77feb665132c87d9e71c1e97a04495bcc1f28c.pkl,1
D:\08_Dataset\Internal\mar2020\pickle_files\9ed03cca4676c444f6922ed9d6332e463096ee32.pkl,1
D:\08_Dataset\Internal\mar2020\pickle_files\f9e06042764d4382cf54eb81017f37ebac1e934e.pkl,1
D:\08_Dataset\Internal\mar2020\pickle_files\9ba4e27b87aca491590fc1d2f4522dc760453c9d.pkl,1
D:\08_Dataset\Internal\mar2020\pickle_files\e1cdc55b2d93d7752a8c5b367d48c10850c00c71.pkl,1
D:\08_Dataset\Internal\mar2020\pickle_files\119cec50bb8842d6c93dac9d7ec87d64c683b4ba.pkl,1
D:\08_Dataset\Internal\mar2020\pickle_files\d7f6fe8d14888cbe451f2dc40dce3bf50c201f9e.pkl,1
D:\08_Dataset\Internal\mar2020\pickle_files\b1b707dafba72c7c022629cb9bd4af17aee840e5.pkl,1
D:\08_Dataset\Internal\mar2020\pickle_files\696110102175d7f233f4691c9f244f17dd4f7107.pkl,1
D:\08_Dataset\Internal\mar2020\pickle_files\e2831946b51fd64533e943dd73a3e0890dd6e110.pkl,1
D:\08_Dataset\Internal\mar2020\pickle_files\17d1bfea9461ed41a5833b6c7c35053171eb8fef.pkl,1
D:\08_Dataset\Internal\mar2020\pickle_files\28e32765cd5d56ebdbc5b9fda0366561f3a4482f.pkl,1
D:\08_Dataset\Internal\mar2020\pickle_files\d644965cb50082fcb37d988e91b9c6c2f5175df6.pkl,1
D:\08_Dataset\Internal\mar2020\pickle_files\db1eef23fcd48e3a45a62327219a75ae3ac349f6.pkl,1
D:\08_Dataset\Internal\mar2020\pickle_files\a8705ff98117a0e4f24a604e9bb22ca722373ecb.pkl,1
D:\08_Dataset\Internal\mar2020\pickle_files\e86fee662ee531e529cba7d4c874389968040d97.pkl,1
D:\08_Dataset\Internal\mar2020\pickle_files\734045da32fff9e34e16b18dd037db4b99bbf5c2.pkl,1
D:\08_Dataset\Internal\mar2020\pickle_files\c263db494b24bf1b6d359c7ab6d87a56fddc08f1.pkl,1
D:\08_Dataset\Internal\mar2020\pickle_files\496974b5586f5225db138a32660544f7af592da5.pkl,1
D:\08_Dataset\Internal\mar2020\pickle_files\f7c264146490d7adf32defb5208e5dedc153fb74.pkl,1
D:\08_Dataset\Internal\mar2020\pickle_files\54aa174705023d0e71fa3e8db680ea0393dfa1c7.pkl,1
D:\08_Dataset\Internal\mar2020\pickle_files\bdbf7638d47ef9682b3afaf25d239f385dfa6899.pkl,1
D:\08_Dataset\Internal\mar2020\pickle_files\99631cd4024e1293833c06cba214dc3303c157c1.pkl,1
D:\08_Dataset\Internal\mar2020\pickle_files\f10b8da72b9c73ce0a34963ce7d822ec9373fa7b.pkl,1
D:\08_Dataset\Internal\mar2020\pickle_files\b0ea680eb153c15ccbbfb8af2756ab254619f383.pkl,1
D:\08_Dataset\Internal\mar2020\pickle_files\22afbafc263b8a4923730666a45906561e5430c9.pkl,1
D:\08_Dataset\Internal\mar2020\pickle_files\0100c7ee2ea46e0e3f223aef7d23986ab378992d.pkl,1
D:\08_Dataset\Internal\mar2020\pickle_files\05b00d2e267006a0e831d7e47bc192688f5bfedb.pkl,1
D:\08_Dataset\Internal\mar2020\pickle_files\0e6e1dd06880a06eff94318e7667f035699445d1.pkl,1
D:\08_Dataset\Internal\mar2020\pickle_files\a8989e75ce9f2a06c675145b38246dde6a86c2c4.pkl,1
D:\08_Dataset\Internal\mar2020\pickle_files\42c0e8448e244d0d102df148b3314d8fb0351715.pkl,1
D:\08_Dataset\Internal\mar2020\pickle_files\21ab0bfa79bb2f07f7952cea0435ac012c94395f.pkl,1
D:\08_Dataset\Internal\mar2020\pickle_files\09c262042db95249d72ccdf5617c9b224c0f7e83.pkl,1
D:\08_Dataset\Internal\mar2020\pickle_files\8576b2d30a4a77bd0b4804cfc59804aa0e2ef4ad.pkl,1
D:\08_Dataset\Internal\mar2020\pickle_files\6832324fad1b51d210edce5244e943dc7c50d953.pkl,1
D:\08_Dataset\Internal\mar2020\pickle_files\d6a712727030d8257cbf2d26bdec05cd2a7bea52.pkl,1
D:\08_Dataset\Internal\mar2020\pickle_files\570aec3420f2f56c743ede11f1b8bebc63956f2d.pkl,1
D:\08_Dataset\Internal\mar2020\pickle_files\2f136b06a8b92f3286e8dd8f5b48ef9a3c748b76.pkl,1
D:\08_Dataset\Internal\mar2020\pickle_files\4388855856326522d866f123967e6a6f92964574.pkl,1
D:\08_Dataset\Internal\mar2020\pickle_files\7352a3577fecf8b540eec702a3b0cac3cc078cf0.pkl,1
D:\08_Dataset\Internal\mar2020\pickle_files\21fb603a78374ac0a04e6de8e2a1752d3b4f2de0.pkl,1
D:\08_Dataset\Internal\mar2020\pickle_files\8ca74c2d3051a6304670eda2cb4baba9389ef218.pkl,1
D:\08_Dataset\Internal\mar2020\pickle_files\535e772475e99517905a5ff81a5d651c43e0a6d3.pkl,1
D:\08_Dataset\Internal\mar2020\pickle_files\183f64a79dfaabdb1ba1c8460663f9a27679a4a0.pkl,1
D:\08_Dataset\Internal\mar2020\pickle_files\327dec41911c5f92263237d9ebba8020f97412ae.pkl,1
D:\08_Dataset\Internal\mar2020\pickle_files\c4176442f96045e435ef978c4c21218cfe4b54cd.pkl,1
D:\08_Dataset\Internal\mar2020\pickle_files\81529aabae9736e08f1bf42a31b6c49325207d95.pkl,1
D:\08_Dataset\Internal\mar2020\pickle_files\b4a3008248261725a6fef6fbf67d083e8d8d0352.pkl,1
D:\08_Dataset\Internal\mar2020\pickle_files\7df26717f4aa152331e86204c2265036fd010bee.pkl,1
D:\08_Dataset\Internal\mar2020\pickle_files\7f25445a90bdcbea4fd801c549c33899574db12e.pkl,1
D:\08_Dataset\Internal\mar2020\pickle_files\af5e4ac682f1e454138bd758d2095166f866d498.pkl,1
D:\08_Dataset\Internal\mar2020\pickle_files\d741c76a13c01eec4cf930b59d207760ccd28d87.pkl,1
D:\08_Dataset\Internal\mar2020\pickle_files\d4fa34ed41a4d8738b815268c8dd080b501e3802.pkl,1
D:\08_Dataset\Internal\mar2020\pickle_files\efa992b90c00ef23440c4bceb5ffd32aaba26b68.pkl,1
D:\08_Dataset\Internal\mar2020\pickle_files\086abe43896a5629e7d3c8d2e8dcb2a38c1c7074.pkl,1
D:\08_Dataset\Internal\mar2020\pickle_files\5fcf3acc2af958844251d77f865fab50dd4bd65b.pkl,1
D:\08_Dataset\Internal\mar2020\pickle_files\e58634ae8280e672c4cc838aa59186326954201b.pkl,1
D:\08_Dataset\Internal\mar2020\pickle_files\7ab5a248c85e7aa467327a41561cc5da3c470703.pkl,1
D:\08_Dataset\Internal\mar2020\pickle_files\1a345e8c54531e3e549a2f6e8d6b669e77771a0d.pkl,1
D:\08_Dataset\Internal\mar2020\pickle_files\84f7080c82e16ff7ad72e86f949fefe6af567625.pkl,1
D:\08_Dataset\Internal\mar2020\pickle_files\fa4b95b3dbc6bb558189bc0fecd4a4d4b9fab8c6.pkl,1
D:\08_Dataset\Internal\mar2020\pickle_files\d5f24ffe467351bc39b8d513e692b1b0196bbbe7.pkl,1
D:\08_Dataset\Internal\mar2020\pickle_files\5f9cfc76958fe28e0c46daaac283bcb85ea89f53.pkl,1
D:\08_Dataset\Internal\mar2020\pickle_files\65e4958f683b156fd0034bbec7386bbb683f115a.pkl,1
D:\08_Dataset\Internal\mar2020\pickle_files\cfeb99e138e9597f2293c373afe72aaf5a44896b.pkl,1
D:\08_Dataset\Internal\mar2020\pickle_files\eb4f00afe43543a087aee04cd3692e8ec478a2d0.pkl,1
D:\08_Dataset\Internal\mar2020\pickle_files\6aeb76457d8927fe4f1b9ade217d38a1b1ddab65.pkl,1
D:\08_Dataset\Internal\mar2020\pickle_files\9b743ff670037172f933c778bdf0d4f34db4f83d.pkl,1
D:\08_Dataset\Internal\mar2020\pickle_files\9a48615de26b7d27dc571f8a773a26d41c6dfd18.pkl,1
D:\08_Dataset\Internal\mar2020\pickle_files\164547c7554aa9b7f68aaefe0ac1afd213a3a296.pkl,1
D:\08_Dataset\Internal\mar2020\pickle_files\0be18e930d16937c511533e28c26d55365c45a85.pkl,1
D:\08_Dataset\Internal\mar2020\pickle_files\979178ccfa84cee4916533ee8846ca71fb4f20bb.pkl,1
D:\08_Dataset\Internal\mar2020\pickle_files\4a14b4bce7b0b3ac34709b0dc84cfb9f63ce422a.pkl,1
D:\08_Dataset\Internal\mar2020\pickle_files\1c88e29aeead9bafd3efee5c2fc3505061070c97.pkl,1
D:\08_Dataset\Internal\mar2020\pickle_files\2fee44f44278b77bf7a77944d8469512ba7a07d4.pkl,1
D:\08_Dataset\Internal\mar2020\pickle_files\920eb792fc4d7ac1b7db92f35d8338237bbd5ef8.pkl,1
D:\08_Dataset\Internal\mar2020\pickle_files\db4410ec8e1a3ebf199aaa7f9e086a9d14108c01.pkl,1
D:\08_Dataset\Internal\mar2020\pickle_files\47d3c5d5bb852c0ce9f3c24381cf3581f1436aeb.pkl,1
D:\08_Dataset\Internal\mar2020\pickle_files\b55ce49cdbbfe76bbf95dd34f3559cee621733ac.pkl,1
D:\08_Dataset\Internal\mar2020\pickle_files\ecfd3935b66065d35fa3c0bd37e29766cf766fe3.pkl,1
D:\08_Dataset\Internal\mar2020\pickle_files\cd0c757e2d92c939704843de2053f88a02218d9b.pkl,1
D:\08_Dataset\Internal\mar2020\pickle_files\06269216c2317644ec4034eb3926210bf13ddb7d.pkl,1
D:\08_Dataset\Internal\mar2020\pickle_files\957d972c87532fb1b1dacc413773e66f1a715a7b.pkl,1
D:\08_Dataset\Internal\mar2020\pickle_files\dedc696b346a94a55b917413bdad586ea3029203.pkl,1
D:\08_Dataset\Internal\mar2020\pickle_files\66be0eb1fdd3a47641a05fa63e5bf8f1eee593ab.pkl,1
D:\08_Dataset\Internal\mar2020\pickle_files\3b93fc6ae9d97a06384a226b753b310cdb08f3d0.pkl,1
D:\08_Dataset\Internal\mar2020\pickle_files\c16a0785f2d789a67d80717031c9c8700eb2686c.pkl,1
D:\08_Dataset\Internal\mar2020\pickle_files\955782578d2eacd8befc52193b28a81b72ffdb9d.pkl,1
D:\08_Dataset\Internal\mar2020\pickle_files\f0367e9f0672fb1a875af380f14389e9073cf60f.pkl,1
D:\08_Dataset\Internal\mar2020\pickle_files\55e56de2f1e15f8f5e36b0fa2fba4ad45249a4ae.pkl,1
D:\08_Dataset\Internal\mar2020\pickle_files\d72ecb51d1a6a0f18f0939c37ed06a0b90b50a0e.pkl,1
D:\08_Dataset\Internal\mar2020\pickle_files\79d59902a82be3ae3194844bf18a7d34372be494.pkl,1
D:\08_Dataset\Internal\mar2020\pickle_files\b6abc787990bcfbc70a8a2f8a1d0f426c382aa41.pkl,1
D:\08_Dataset\Internal\mar2020\pickle_files\a32fcbbc50eb6a9569027251888eada603efef3b.pkl,1
D:\08_Dataset\Internal\mar2020\pickle_files\fd36e29df8ffb6ed5a5381ee2941e61fa5681091.pkl,1
D:\08_Dataset\Internal\mar2020\pickle_files\1a2f48c8fcef8f2e4ae60e1f9c1c6d84e9bca979.pkl,1
D:\08_Dataset\Internal\mar2020\pickle_files\50a660a36b25e3db7387e6a43f121d33fcdc3236.pkl,1
D:\08_Dataset\Internal\mar2020\pickle_files\abd1f3b36ec727f0cf9f172a5834a7cdc50d696c.pkl,1
D:\08_Dataset\Internal\mar2020\pickle_files\0d5ed517d754300d33f0fb09fe30192268dfbc30.pkl,1
D:\08_Dataset\Internal\mar2020\pickle_files\c85b8309d8a355d7aa877a08f29f0a6197590621.pkl,1
D:\08_Dataset\Internal\mar2020\pickle_files\d68a3db67f7bcceab7b6508bd4131061bffcd154.pkl,1
D:\08_Dataset\Internal\mar2020\pickle_files\f70d5de5517eaffd631e4c0cfb584cdae4147d33.pkl,1
D:\08_Dataset\Internal\mar2020\pickle_files\bb724ab6bb70ea9c16aff6f292885474fe865ac4.pkl,1
D:\08_Dataset\Internal\mar2020\pickle_files\7903b1d1cf63af8113b6985fca15dd4da6615d26.pkl,1
D:\08_Dataset\Internal\mar2020\pickle_files\695e929f21a1621f4eb4c07d1435ca5c435c6aa9.pkl,1
D:\08_Dataset\Internal\mar2020\pickle_files\f64740eb104372fafab04455a972ca078aa4659f.pkl,1
D:\08_Dataset\Internal\mar2020\pickle_files\a18ecebc800ade784e0ea360f8c19d7624276003.pkl,1
D:\08_Dataset\Internal\mar2020\pickle_files\d1bbb92cb620d71f4848da46f44d96e8c10c916b.pkl,1
D:\08_Dataset\Internal\mar2020\pickle_files\b5eba3e212241540b93fa0407a328723f373b15b.pkl,1
D:\08_Dataset\Internal\mar2020\pickle_files\7b3e992d593a365952542b7003207c863de92749.pkl,1
D:\08_Dataset\Internal\mar2020\pickle_files\8c2c9b25beb93bf892caed73c75ea3118f222f6b.pkl,1
D:\08_Dataset\Internal\mar2020\pickle_files\d1a35654fe82068cede641d2dc4b878e53625aab.pkl,1
D:\08_Dataset\Internal\mar2020\pickle_files\806b37085dc6ac83fcef0b9a68b2cb13104c842e.pkl,1
D:\08_Dataset\Internal\mar2020\pickle_files\d8f5c4a1368ba53c160ce026a28f63ec901510f4.pkl,1
D:\08_Dataset\Internal\mar2020\pickle_files\b0e7a0b98ca7b0d72d8f87acd06b9ca960868c29.pkl,1
D:\08_Dataset\Internal\mar2020\pickle_files\dedf0185b90491de3176c3c41ed2de1c51fe9bd2.pkl,1
D:\08_Dataset\Internal\mar2020\pickle_files\002d1df32570fa49626de5e7b054c17559f4e7d4.pkl,1
D:\08_Dataset\Internal\mar2020\pickle_files\696a3b41bdc801941fa83efc1ab6532a4266dc58.pkl,1
D:\08_Dataset\Internal\mar2020\pickle_files\dd43fe0d8bd2e0afe2f876640121bcbe2a32dbf6.pkl,1
D:\08_Dataset\Internal\mar2020\pickle_files\f71a2cd93c867e85abb472757694828085de264a.pkl,1
D:\08_Dataset\Internal\mar2020\pickle_files\c3ed0d3f7ffcb8b74b7e9eb355eeb15a11864b67.pkl,1
D:\08_Dataset\Internal\mar2020\pickle_files\38d2f0893f5f7f515727730bc504a0032b8c206b.pkl,1
D:\08_Dataset\Internal\mar2020\pickle_files\b432c2f7633d799779a981bff37e5da3f207d27e.pkl,1
D:\08_Dataset\Internal\mar2020\pickle_files\87a8fc0a7028dac0805e4bd506736e11b031a624.pkl,1
D:\08_Dataset\Internal\mar2020\pickle_files\613a19a7c71f0a6c2fa594d6ec0297e4848137f1.pkl,1
D:\08_Dataset\Internal\mar2020\pickle_files\43b27c59e728992ade60905c6dbfa69b09b22fd7.pkl,1
D:\08_Dataset\Internal\mar2020\pickle_files\8d59b9cdf431e10da2eab10e759025b891890825.pkl,1
D:\08_Dataset\Internal\mar2020\pickle_files\4bc7ea55b9a6bef97273cb496593db7fe9e54de2.pkl,1
D:\08_Dataset\Internal\mar2020\pickle_files\e38833afa1d64760badaaa004954ae0fd71666ed.pkl,1
D:\08_Dataset\Internal\mar2020\pickle_files\882266cb31218a42ffd0f9b58cffb59c2e9dd26a.pkl,1
D:\08_Dataset\Internal\mar2020\pickle_files\07c5de265892f0434c235e1228601f4a0bee042c.pkl,1
D:\08_Dataset\Internal\mar2020\pickle_files\b864e76bd5e2dbbc33f3da050caa37899159ad53.pkl,1
D:\08_Dataset\Internal\mar2020\pickle_files\4947f4b9fd14cd1b9062ad76123b1fa2edecb2c2.pkl,1
D:\08_Dataset\Internal\mar2020\pickle_files\96edbbaaa16c427229207ccd83606206b96675bd.pkl,1
D:\08_Dataset\Internal\mar2020\pickle_files\b70e854cab738c62388d2d842dcca6cbe86ba614.pkl,1
D:\08_Dataset\Internal\mar2020\pickle_files\df024f02a714fdd4a62be52cf5e53401a5b233b0.pkl,1
D:\08_Dataset\Internal\mar2020\pickle_files\b0981d6b88eb60a125d10dda56421b590b4f52e0.pkl,1
D:\08_Dataset\Internal\mar2020\pickle_files\f76114580aba0d9ff512649bd12b250f615b4813.pkl,1
D:\08_Dataset\Internal\mar2020\pickle_files\fa96ae01a4712c9a7a8ec3c3d73cf94ecb7868e2.pkl,1
D:\08_Dataset\Internal\mar2020\pickle_files\287768beb572a06542b75cdd57f5ac64e3a8a131.pkl,1
D:\08_Dataset\Internal\mar2020\pickle_files\eae0d99e300ee168cf81baf68503c24feb301717.pkl,1
D:\08_Dataset\Internal\mar2020\pickle_files\27f399442d68a01afb624224b34bad447cfff25e.pkl,1
D:\08_Dataset\Internal\mar2020\pickle_files\5e63693941a554b17ebf572f1f9418708f648f86.pkl,1
D:\08_Dataset\Internal\mar2020\pickle_files\d07f09124f1d9eeddf074797242a6551b6324f31.pkl,1
D:\08_Dataset\Internal\mar2020\pickle_files\d18461e7bd21436506c25da69529d3e6457d1dd7.pkl,1
D:\08_Dataset\Internal\mar2020\pickle_files\5756b1f87a410f2ce074c0f3918812bce46e5b93.pkl,1
D:\08_Dataset\Internal\mar2020\pickle_files\08bd60860b25df2ee09bab7b64c21879f2f7b23b.pkl,1
D:\08_Dataset\Internal\mar2020\pickle_files\bcaece1f4b42cdcc4d642e80a0d2722c98b4742e.pkl,1
D:\08_Dataset\Internal\mar2020\pickle_files\b87460aaacf2d7710bcc29db0ff5e9fb7787e468.pkl,1
D:\08_Dataset\Internal\mar2020\pickle_files\bd25d4657e9b81d7febfc46be6bc20b4dcc2f702.pkl,1
D:\08_Dataset\Internal\mar2020\pickle_files\a140b0fcb486a2817f27d77de8c9c100aa4d1ffc.pkl,1
D:\08_Dataset\Internal\mar2020\pickle_files\f2233641b2859718bc10aaf0660a194d8c3e4986.pkl,1
D:\08_Dataset\Internal\mar2020\pickle_files\9d3977fb8cb1476b1abafd51d709a88b4acb9058.pkl,1
D:\08_Dataset\Internal\mar2020\pickle_files\4d0c7f6bd0f431a60207307bb502455cc221b447.pkl,1
D:\08_Dataset\Internal\mar2020\pickle_files\78db0c8f6dd7e2f03d817850ffad790f79d116c9.pkl,1
D:\08_Dataset\Internal\mar2020\pickle_files\f205f0956f9c1ebd25afa691f43243e6abe8e042.pkl,1
D:\08_Dataset\Internal\mar2020\pickle_files\bc4a8a778188b56b201d3825343fa5a3f022d410.pkl,1
D:\08_Dataset\Internal\mar2020\pickle_files\a981154e7715bb63052234b3a5b7965ead86ee27.pkl,1
D:\08_Dataset\Internal\mar2020\pickle_files\b1e691caeeea0a34c96434d53989301c337ba049.pkl,1
D:\08_Dataset\Internal\mar2020\pickle_files\4ba91529319b7ae98807f79cd21b28deda6ef076.pkl,1
D:\08_Dataset\Internal\mar2020\pickle_files\e44a47e865f1943dbbb2df6d34c22d5312c1f171.pkl,1
D:\08_Dataset\Internal\mar2020\pickle_files\a800994728088a851ed1251851d172c8b0ee3ee8.pkl,1
D:\08_Dataset\Internal\mar2020\pickle_files\39f476ecfb84f23034694dfea1f40ecc83772ade.pkl,1
D:\08_Dataset\Internal\mar2020\pickle_files\5d0181d04dcf37a882e576ab70dc0118f66f0691.pkl,1
D:\08_Dataset\Internal\mar2020\pickle_files\02927aef5966d5ea947ddd1f34b3b133cbb50eaf.pkl,1
D:\08_Dataset\Internal\mar2020\pickle_files\ab16a223072371fdfd88bf1a9bbc4de87f03346c.pkl,1
D:\08_Dataset\Internal\mar2020\pickle_files\c5e5a76750fd2fd913162757939793b5463cbe7f.pkl,1
D:\08_Dataset\Internal\mar2020\pickle_files\6cdfae46b229ea213e01e52cdff30220ec8d4f30.pkl,1
D:\08_Dataset\Internal\mar2020\pickle_files\47de7a59db6986aeed87b63bde10c1228d11876e.pkl,1
D:\08_Dataset\Internal\mar2020\pickle_files\9e13ceddae48f9eaa5be1278180cf79b5743174b.pkl,1
D:\08_Dataset\Internal\mar2020\pickle_files\f5d56950247af4ab420b9b9398f6369936d427a3.pkl,1
D:\08_Dataset\Internal\mar2020\pickle_files\75d62b4fd26fe16504e2865708cb925ee3fed3f0.pkl,1
D:\08_Dataset\Internal\mar2020\pickle_files\5f85bf5ed7a82a1f5d9d3f6939ce5644a127a1c1.pkl,1
D:\08_Dataset\Internal\mar2020\pickle_files\e086fcde677014106fe91767d495013a1376a055.pkl,1
D:\08_Dataset\Internal\mar2020\pickle_files\700fb7a81a95837f940de07a9629cbeb4df47e8c.pkl,1
D:\08_Dataset\Internal\mar2020\pickle_files\00e16f3db47d50db4f105417063a84dfc2a782e3.pkl,1
D:\08_Dataset\Internal\mar2020\pickle_files\f7f70deb0ea6e53f10569bb0b1df7811ed775084.pkl,1
D:\08_Dataset\Internal\mar2020\pickle_files\e7d40b1da5964f040a4de6f59661f3857783515a.pkl,1
D:\08_Dataset\Internal\mar2020\pickle_files\ca0e5be4b745aa78a4d3495fe9f544ed1dac1822.pkl,1
D:\08_Dataset\Internal\mar2020\pickle_files\a7b94162bdf8c349ddb8203b389f4d6ad6c3f6ca.pkl,1
D:\08_Dataset\Internal\mar2020\pickle_files\064d4d81e37ffc60e703a90a374cc31e37064dd6.pkl,1
D:\08_Dataset\Internal\mar2020\pickle_files\ee1afc1e2642985a518ad9bde73eca450e71b8be.pkl,1
D:\08_Dataset\Internal\mar2020\pickle_files\6696d5f02509ef404caf2c59c5c1c5467c599130.pkl,1
D:\08_Dataset\Internal\mar2020\pickle_files\bb0fea5101e31a56a157aa7581de015ef3dbbf84.pkl,1
D:\08_Dataset\Internal\mar2020\pickle_files\fd00831f1c89017814b79f01d8243648147af36f.pkl,1
D:\08_Dataset\Internal\mar2020\pickle_files\c552c97e5097edf4796d2ed8fc855ab681ca6843.pkl,1
D:\08_Dataset\Internal\mar2020\pickle_files\ddf7b27dab1fddbef6d9b142b3b5cb7310db3e86.pkl,1
D:\08_Dataset\Internal\mar2020\pickle_files\7ccf186f4906696c35529749ae0d96d7664123ff.pkl,1
D:\08_Dataset\Internal\mar2020\pickle_files\214838bf4cb5b7085e4d503223b40bbddfa0ed0a.pkl,1
D:\08_Dataset\Internal\mar2020\pickle_files\3cb13bf3e0d147b8fac3c7a4489c5b1fedfd9a69.pkl,1
D:\08_Dataset\Internal\mar2020\pickle_files\a0914b4c0e922669a5e38521a8ac0f23a4b3ceb8.pkl,1
D:\08_Dataset\Internal\mar2020\pickle_files\bea9252083cd7eafadd66b126087bed03d67c69d.pkl,1
D:\08_Dataset\Internal\mar2020\pickle_files\3544e2d0d35397c36555dc5ab5a175b75cdd0659.pkl,1
D:\08_Dataset\Internal\mar2020\pickle_files\3adb29da9ca6767d8c27f1fc0d0414be2cb8fb1f.pkl,1
D:\08_Dataset\Internal\mar2020\pickle_files\dd3e09f57247f26d9b1cfb36cbb8edaff7538e84.pkl,1
D:\08_Dataset\Internal\mar2020\pickle_files\25d00d6388ef01a8fc9ae6294068f3ff70c5a72f.pkl,1
D:\08_Dataset\Internal\mar2020\pickle_files\f471b26086704bbfb9f726230222563cff665843.pkl,1
D:\08_Dataset\Internal\mar2020\pickle_files\2c517d984c644be0352283828ec93e26769e52ba.pkl,1
D:\08_Dataset\Internal\mar2020\pickle_files\17fbf05ee6d6a0837ee42c879de1757595234be2.pkl,1
D:\08_Dataset\Internal\mar2020\pickle_files\2632f4bcd5a39e8bbdbd3bbc8eda70542da76c06.pkl,1
D:\08_Dataset\Internal\mar2020\pickle_files\c4fbd59108c50c4b8657610f66dec4f042c44a06.pkl,1
D:\08_Dataset\Internal\mar2020\pickle_files\2c1779c440a93f1694da03bf94581790c009dc44.pkl,1
D:\08_Dataset\Internal\mar2020\pickle_files\a1cb9cc7a5608ba61af66c1a2d7a944469fa361c.pkl,1
D:\08_Dataset\Internal\mar2020\pickle_files\824a9d047574781a232276b756bc02117a194511.pkl,1
D:\08_Dataset\Internal\mar2020\pickle_files\423fcdeceec380e3afeeb81b9ef9573d39b68476.pkl,1
D:\08_Dataset\Internal\mar2020\pickle_files\c6716f95fa0974847241738c23d5c5e0fbc4c27f.pkl,1
D:\08_Dataset\Internal\mar2020\pickle_files\d684dc59e3ae763001768417b41027eba40b9ad9.pkl,1
D:\08_Dataset\Internal\mar2020\pickle_files\365068ce79d8326cc917197208814f829bdae79f.pkl,1
D:\08_Dataset\Internal\mar2020\pickle_files\f827de80795dcd711e544163cda316bff6c95308.pkl,1
D:\08_Dataset\Internal\mar2020\pickle_files\7e09a8f95eb6b89564e3c2587b7e4dac8cbae682.pkl,1
D:\08_Dataset\Internal\mar2020\pickle_files\a235c7cbe228ce73ddd58a57c9868f1e7c02d241.pkl,1
D:\08_Dataset\Internal\mar2020\pickle_files\c7b1af1bf64d6341e174bb88e02ae0b1b32ac9af.pkl,1
D:\08_Dataset\Internal\mar2020\pickle_files\32f078c79e5f30ce620a8437e330e473db68d49a.pkl,1
D:\08_Dataset\Internal\mar2020\pickle_files\dba7767aef425ab925ca3c43b94fc1c9af5b07da.pkl,1
D:\08_Dataset\Internal\mar2020\pickle_files\83a7ec84a1a7ff6b9974980ef47e52a3c3bf59c2.pkl,1
D:\08_Dataset\Internal\mar2020\pickle_files\ac5df67c7b028c915622f14bd8fe624de0470c71.pkl,1
D:\08_Dataset\Internal\mar2020\pickle_files\ffd5592a8fcfb6e54cd4fd32e9c8ad32608c0767.pkl,1
D:\08_Dataset\Internal\mar2020\pickle_files\e3f120ac5938af94ab6e7d628998c8650cb76406.pkl,1
D:\08_Dataset\Internal\mar2020\pickle_files\afbb73b8f59f2b541dab700787e6af8ea3759ddd.pkl,1
D:\08_Dataset\Internal\mar2020\pickle_files\b8e5fe622ee86895cbe0e1f922a26677aacb9e24.pkl,1
D:\08_Dataset\Internal\mar2020\pickle_files\ae74392a91bd22ff463a354fe074ddd98a9e18de.pkl,1
D:\08_Dataset\Internal\mar2020\pickle_files\0023e2878e1ff5cfab6517895246ecbec40f391c.pkl,1
D:\08_Dataset\Internal\mar2020\pickle_files\00839e0081d6627b065fcdf08d1c9cbc9c5ae00b.pkl,1
D:\08_Dataset\Internal\mar2020\pickle_files\2da34806586b23d6be1d2af9492baa8cdc72f146.pkl,1
D:\08_Dataset\Internal\mar2020\pickle_files\e395787048f4fc51d0d524c3fc5324f8858b3efb.pkl,1
D:\08_Dataset\Internal\mar2020\pickle_files\a88be39810a7ec3d44c788db1b9d8e267fdf7e39.pkl,1
D:\08_Dataset\Internal\mar2020\pickle_files\65aec741d0f36f75da8e39603add9af02a2c28ff.pkl,1
D:\08_Dataset\Internal\mar2020\pickle_files\faf29c05a0bd910ce84286b0ecec6f9beeadc10b.pkl,1
D:\08_Dataset\Internal\mar2020\pickle_files\8b793f6ccb56b247dcbc3421d0752f838bab5c9b.pkl,1
D:\08_Dataset\Internal\mar2020\pickle_files\7d68ec222fcd33b260a8c56f2ac064009f16f043.pkl,1
D:\08_Dataset\Internal\mar2020\pickle_files\5e3a708b7c105b6e9619928c057c81c888c872a0.pkl,1
D:\08_Dataset\Internal\mar2020\pickle_files\57afe5a28e0cf21eea49fd718bc2f13c43492fb9.pkl,1
D:\08_Dataset\Internal\mar2020\pickle_files\884bb82ce606895ea5509a5d230177eb39bea2fe.pkl,1
D:\08_Dataset\Internal\mar2020\pickle_files\042b5cd1fb048a2188a0d66055b570b03eb2011d.pkl,1
D:\08_Dataset\Internal\mar2020\pickle_files\63b0c4d7713d62e8b8b452f7ecc878b22c99fb1c.pkl,1
D:\08_Dataset\Internal\mar2020\pickle_files\b5437c09e24412cd0057ea39797291edb11a8414.pkl,1
D:\08_Dataset\Internal\mar2020\pickle_files\ec5620783ea492f64a4c8eca3febc3bbbcd3acdd.pkl,1
D:\08_Dataset\Internal\mar2020\pickle_files\3920515bc06cbb11526c57496c406a5dd380a491.pkl,1
D:\08_Dataset\Internal\mar2020\pickle_files\304cf805088b7945b6b563b7e47bf0bf4819b752.pkl,1
D:\08_Dataset\Internal\mar2020\pickle_files\1dde67dd35c1c0978e3eaa30e651dbe2d91054c1.pkl,1
D:\08_Dataset\Internal\mar2020\pickle_files\9e7572c517e729ffa5588d0ba3e73cf71a0fd8e3.pkl,1
D:\08_Dataset\Internal\mar2020\pickle_files\19eb0694ee14abe228fec40dd095660d633074a3.pkl,1
D:\08_Dataset\Internal\mar2020\pickle_files\5e7b063a533bef075a39f27f8dee23457475752e.pkl,1
D:\08_Dataset\Internal\mar2020\pickle_files\9bd7be6189b54b64e544dad76e3adaf02982fb03.pkl,1
D:\08_Dataset\Internal\mar2020\pickle_files\7c307e43bc11bdc2fb12dbc292d860d965577d8e.pkl,1
D:\08_Dataset\Internal\mar2020\pickle_files\b05ec3014ef541e17a083cfd9e07b81741e37c21.pkl,1
D:\08_Dataset\Internal\mar2020\pickle_files\65509a23bc68700533f15b4e8983645f05f95c4c.pkl,1
D:\08_Dataset\Internal\mar2020\pickle_files\040f5fa09cdf6dafb7c17a6d92f8ab6a37a24b49.pkl,1
D:\08_Dataset\Internal\mar2020\pickle_files\7f8bb5aad1cf058ceab13f0becd1056391ea0bc2.pkl,1
D:\08_Dataset\Internal\mar2020\pickle_files\4099a592220a0855bdb27b323d218cd742f95481.pkl,1
D:\08_Dataset\Internal\mar2020\pickle_files\c7bbd4fa12af36cc4c4d68c4478484bfa42993f8.pkl,1
D:\08_Dataset\Internal\mar2020\pickle_files\46645211c7812c9ee656e073d23c6ca1ed55a22f.pkl,1
D:\08_Dataset\Internal\mar2020\pickle_files\a46377304c8a897f746b168ec386462c986dfeee.pkl,1
D:\08_Dataset\Internal\mar2020\pickle_files\51c208f2d1c069ccfa0f90b72583e3c479f711de.pkl,1
D:\08_Dataset\Internal\mar2020\pickle_files\3f7ff3c8c0275cfe7cceff44d738564ecbadb426.pkl,1
D:\08_Dataset\Internal\mar2020\pickle_files\fe993ddead66e57967d186318e8516ce0b82ab7b.pkl,1
D:\08_Dataset\Internal\mar2020\pickle_files\d60f8e9439354f016e3c93eb4e0008f8b9b3c1f9.pkl,1
D:\08_Dataset\Internal\mar2020\pickle_files\32244af9e08c7227dbd859aca88b26f5b546ebc3.pkl,1
D:\08_Dataset\Internal\mar2020\pickle_files\22a54b7283dc1dfe6defd7bd5b213fed32e5c53d.pkl,1
D:\08_Dataset\Internal\mar2020\pickle_files\3b07da2a8147d241cb5a402bb06e5dfe2bb977a1.pkl,1
D:\08_Dataset\Internal\mar2020\pickle_files\094cc2f125bf295ba14c3f5aab419da3d90e3261.pkl,1
D:\08_Dataset\Internal\mar2020\pickle_files\5fd8920169da0e3eb7e09702651e4b1cc5c9214c.pkl,1
D:\08_Dataset\Internal\mar2020\pickle_files\1f274f4c6c0bdbdcb059fd53602eb95689b78b6b.pkl,1
D:\08_Dataset\Internal\mar2020\pickle_files\f308d56ba2ffd878b378e3ba54c316e50d977a9a.pkl,1
D:\08_Dataset\Internal\mar2020\pickle_files\33f956231b3f01e3e3f42ebc2130d8f0f67f379b.pkl,1
D:\08_Dataset\Internal\mar2020\pickle_files\68076b331ca82dd71da971fea40c8f6a951455d4.pkl,1
D:\08_Dataset\Internal\mar2020\pickle_files\6b1818a773be851233b8966e987401162cc30519.pkl,1
D:\08_Dataset\Internal\mar2020\pickle_files\0d099d9a7aa1721137a18ca5e86294103caf794f.pkl,1
D:\08_Dataset\Internal\mar2020\pickle_files\a7eec40bf2c65992fd1332f6acdf2682d704ea2c.pkl,1
D:\08_Dataset\Internal\mar2020\pickle_files\9cb281ab34d5c33cf2aadca0d97f26ac52fc1d56.pkl,1
D:\08_Dataset\Internal\mar2020\pickle_files\83ba93f3c0b0218011932db568b3a44be6e771bc.pkl,1
D:\08_Dataset\Internal\mar2020\pickle_files\ce7799fc35a121228230355e9e9836072d513e48.pkl,1
D:\08_Dataset\Internal\mar2020\pickle_files\493707923c9e45c41716e685cfa4757e8b34a905.pkl,1
D:\08_Dataset\Internal\mar2020\pickle_files\1d70841dd41a6bca45751c9e1c680bd806cf4763.pkl,1
D:\08_Dataset\Internal\mar2020\pickle_files\6cf5bd2d057b1455171569b3cd64418706a1156e.pkl,1
D:\08_Dataset\Internal\mar2020\pickle_files\1373183cce084adb9fcdf13ffcffa656edfb9ff6.pkl,1
D:\08_Dataset\Internal\mar2020\pickle_files\34601f0a9346c8db2c9d731358f0942e63287c33.pkl,1
D:\08_Dataset\Internal\mar2020\pickle_files\32b7f01f192c044491e7a4a4cd5b032fc82d255e.pkl,1
D:\08_Dataset\Internal\mar2020\pickle_files\fdbd61f3970128cdf277dfadee6d96bdd8edefa1.pkl,1
D:\08_Dataset\Internal\mar2020\pickle_files\cfe7d209e9ca8b6d1cd3440ebf7826d737482821.pkl,1
D:\08_Dataset\Internal\mar2020\pickle_files\ac933819efc31cb69e61423f080a43018a96c8e0.pkl,1
D:\08_Dataset\Internal\mar2020\pickle_files\feb8c6183baddce43356daf55c11a5e26d141d14.pkl,1
D:\08_Dataset\Internal\mar2020\pickle_files\de841719b8402c3a2e151689223cd6744ac64d4d.pkl,1
D:\08_Dataset\Internal\mar2020\pickle_files\d8200d3c64a0edfaa0a2cee519908e6718f8a3b8.pkl,1
D:\08_Dataset\Internal\mar2020\pickle_files\564f8e3eade61ed3069c1cb4bb428fe5bbe67085.pkl,1
D:\08_Dataset\Internal\mar2020\pickle_files\3d1b1524d9f270bdd71ef16578c32abf83ac34f3.pkl,1
D:\08_Dataset\Internal\mar2020\pickle_files\1beede95e3f4766aa9b48e919332361e14de8ab4.pkl,1
D:\08_Dataset\Internal\mar2020\pickle_files\fae1682ba6c1a7898cde4d99181fcb56c99c4125.pkl,1
D:\08_Dataset\Internal\mar2020\pickle_files\ebe06638dd00759b0f8302cb7de1678f9cf95c04.pkl,1
D:\08_Dataset\Internal\mar2020\pickle_files\8245419979cd78ef4087862cfd603c2b1c820e1e.pkl,1
D:\08_Dataset\Internal\mar2020\pickle_files\faa1f1f5971e93c88456f79cb5ebce2b13fa484b.pkl,1
D:\08_Dataset\Internal\mar2020\pickle_files\56d24fcd353e0541ed8ac1c50fa6bed4df6034b9.pkl,1
D:\08_Dataset\Internal\mar2020\pickle_files\643e995695a7340a34ba328d56f1a57402871541.pkl,1
D:\08_Dataset\Internal\mar2020\pickle_files\fd51efecdfdba963ca5373a75208719068cb7caa.pkl,1
D:\08_Dataset\Internal\mar2020\pickle_files\ccb275584a123f6cf30713dc1911eb7475f87e7c.pkl,1
D:\08_Dataset\Internal\mar2020\pickle_files\6f68c2f91101e274c124fa5dc89ff51a116e595e.pkl,1
D:\08_Dataset\Internal\mar2020\pickle_files\4f09907642fa4a248f5e23b679916cc1d380ac9d.pkl,1
D:\08_Dataset\Internal\mar2020\pickle_files\32815bb81d7c15cd1836c5dfd85ae63099ed0352.pkl,1
D:\08_Dataset\Internal\mar2020\pickle_files\437a4ced27f3298aba1808dea25e5be0630eb996.pkl,1
D:\08_Dataset\Internal\mar2020\pickle_files\69b971221bcb3b08dd985b26383e1cb0c2431644.pkl,1
D:\08_Dataset\Internal\mar2020\pickle_files\eb18134e59a37fceea09a8f5aa165ee29b082ba2.pkl,1
D:\08_Dataset\Internal\mar2020\pickle_files\cba3fbfc8979058d533b2c970860cf685199039e.pkl,1
D:\08_Dataset\Internal\mar2020\pickle_files\f193f2e07919ab2d213910ec77c3e69a4cce778c.pkl,1
D:\08_Dataset\Internal\mar2020\pickle_files\096cc29a7dd2259dd94446db361e83bb06270cfc.pkl,1
D:\08_Dataset\Internal\mar2020\pickle_files\c15836921a6fd6734ea2c4f5887e75278faa1f57.pkl,1
D:\08_Dataset\Internal\mar2020\pickle_files\923a11a25104dac5f310de066e428d94defa7c86.pkl,1
D:\08_Dataset\Internal\mar2020\pickle_files\caf9fbc3782e05eb9c0935c9d02ea9dca1d96995.pkl,1
D:\08_Dataset\Internal\mar2020\pickle_files\02e885b81976b2de5f430cff41f0db0b7b6025ba.pkl,1
D:\08_Dataset\Internal\mar2020\pickle_files\ddb4bf205fa9633a5628589841fc2c4516215525.pkl,1
D:\08_Dataset\Internal\mar2020\pickle_files\db53e119bca096977e13272e82ce7f1fc2a0e3f7.pkl,1
D:\08_Dataset\Internal\mar2020\pickle_files\dc31de2c993f726443ae6391c322a10832c2c218.pkl,1
D:\08_Dataset\Internal\mar2020\pickle_files\61461fbd0633baf44c397d2c8f3c0fa8b883c0fa.pkl,1
D:\08_Dataset\Internal\mar2020\pickle_files\8a2878c65402670997ebc7612799436ab552cbea.pkl,1
D:\08_Dataset\Internal\mar2020\pickle_files\709c6bdf66bda2e9f797979b51e13e9a4f8dae6f.pkl,1
D:\08_Dataset\Internal\mar2020\pickle_files\ffb2f8c537bc74bb46bfc54296fe2098ef02e54d.pkl,1
D:\08_Dataset\Internal\mar2020\pickle_files\3febf502a500c765fff2affcae52786fc05243a9.pkl,1
D:\08_Dataset\Internal\mar2020\pickle_files\d9b3a814c9c632f7b8801b246013e84723fbbc63.pkl,1
D:\08_Dataset\Internal\mar2020\pickle_files\ceaf54d9f441c311260edaff1d2173aa2e41110a.pkl,1
D:\08_Dataset\Internal\mar2020\pickle_files\7136d5bd35495b1f007d1e895a72f3774ee262c5.pkl,1
D:\08_Dataset\Internal\mar2020\pickle_files\d69f16ac3a0c32b3aa980b5290f6a45fc31d43e9.pkl,1
D:\08_Dataset\Internal\mar2020\pickle_files\2bbf835ffb9d7f2aa560a6eba7da38de7a61b511.pkl,1
D:\08_Dataset\Internal\mar2020\pickle_files\1e59d02e13685a1ac8647fdb392cd95658b547d8.pkl,1
D:\08_Dataset\Internal\mar2020\pickle_files\807aaba7fa421049f0c3178fb11b0afa98cf0fb7.pkl,1
D:\08_Dataset\Internal\mar2020\pickle_files\f6396ce9359c1432841a34c2a73f01cac7dad61a.pkl,1
D:\08_Dataset\Internal\mar2020\pickle_files\7e4153b285cb69968f31492ebb640dde885923ef.pkl,1
D:\08_Dataset\Internal\mar2020\pickle_files\5d44bcebab4d1332bf5e7269f2fb6c31ad453d43.pkl,1
D:\08_Dataset\Internal\mar2020\pickle_files\ff8bc0ebf9cc103b85af23c4c4fac4e0bce389a9.pkl,1
D:\08_Dataset\Internal\mar2020\pickle_files\7743d227bd441f3b9aff11cce7a9181634e69ed9.pkl,1
D:\08_Dataset\Internal\mar2020\pickle_files\38ee44ba5bdaa631d8f2b98bd039f944b1e0dd29.pkl,1
D:\08_Dataset\Internal\mar2020\pickle_files\42492fde226a8a8c3e787e514af5daaa067f92a1.pkl,1
D:\08_Dataset\Internal\mar2020\pickle_files\6274ca24e789e42809eec800e44dff3eb891ea6c.pkl,1
D:\08_Dataset\Internal\mar2020\pickle_files\78e81403d76276aa9e6502a8336f5642bd4fa4d6.pkl,1
D:\08_Dataset\Internal\mar2020\pickle_files\f5615778de2ae6db15fa90d5bf9ac0b460cc6314.pkl,1
D:\08_Dataset\Internal\mar2020\pickle_files\7cddb520eaa19cfc3ca5058b7f6b4febbc099e57.pkl,1
D:\08_Dataset\Internal\mar2020\pickle_files\181f6d89599182bf732d79000ddcb91957691a2d.pkl,1
D:\08_Dataset\Internal\mar2020\pickle_files\a2fcaea199d5ad9f674e12f3fe250aa77e8c79a6.pkl,1
D:\08_Dataset\Internal\mar2020\pickle_files\be34594b5ca1f5a20455606c5dd539b63620208e.pkl,1
D:\08_Dataset\Internal\mar2020\pickle_files\de7d64ff1f47a502b9eb33edd3a85daf383eb9dc.pkl,1
D:\08_Dataset\Internal\mar2020\pickle_files\466e56edb2a6155ed5809596e81ac6e171f04d29.pkl,1
D:\08_Dataset\Internal\mar2020\pickle_files\0b559a1a10fe89deafc6f41b9c40f57131f41ae2.pkl,1
D:\08_Dataset\Internal\mar2020\pickle_files\675f1dfccbbe79fd5f5eb27abeb2ab2f73953762.pkl,1
D:\08_Dataset\Internal\mar2020\pickle_files\6b6635e4f7e6f1d2ce2ef787a1d2f7cab178416f.pkl,1
D:\08_Dataset\Internal\mar2020\pickle_files\b891f0944c38647f6e3fbb893a116e9cd84fef0b.pkl,1
D:\08_Dataset\Internal\mar2020\pickle_files\deaeabc706680e777a4c86a8e1f2426bbb7b67fc.pkl,1
D:\08_Dataset\Internal\mar2020\pickle_files\8099691e6b94ac67ba2ad0aea71a42c98f3a6f36.pkl,1
D:\08_Dataset\Internal\mar2020\pickle_files\68424a886473ed13f80d6669f74c6ef49ecd5324.pkl,1
D:\08_Dataset\Internal\mar2020\pickle_files\694a391d9d24f2acdc96b2f0f4200672dfed4f17.pkl,1
D:\08_Dataset\Internal\mar2020\pickle_files\11275f2747f3c78531e2cd7ef5c1f2c1891cbbf6.pkl,1
D:\08_Dataset\Internal\mar2020\pickle_files\6c20cf92ec17bab93d602d3ac9d140b6938cf78c.pkl,1
D:\08_Dataset\Internal\mar2020\pickle_files\50c8442ddc595f31c84b9b6fc258864dc765dd37.pkl,1
D:\08_Dataset\Internal\mar2020\pickle_files\9cb99a4ae686e9a057535faa1f75ead1d23773fc.pkl,1
D:\08_Dataset\Internal\mar2020\pickle_files\97d5405cb0abbc5db5e6def5947f823034175d43.pkl,1
D:\08_Dataset\Internal\mar2020\pickle_files\1a5ab7585b1e129f9e5efabf3c3d6fdeaf2a26a3.pkl,1
D:\08_Dataset\Internal\mar2020\pickle_files\5fe6ad5dfe77a5bcf85dba66b9663152e3480552.pkl,1
D:\08_Dataset\Internal\mar2020\pickle_files\f634f489ede1da3110257d7fe7c80be11a8560f9.pkl,1
D:\08_Dataset\Internal\mar2020\pickle_files\cd208c14449f084a297b734790d89188683f227f.pkl,1
D:\08_Dataset\Internal\mar2020\pickle_files\25a8aa2550f077359078048c8de0c2e2afdbc9ff.pkl,1
D:\08_Dataset\Internal\mar2020\pickle_files\b54271ef2a205f35077f46e05353b549247186ac.pkl,1
D:\08_Dataset\Internal\mar2020\pickle_files\873de57ae7d0d5c8483a1ecae5b9587070dbc476.pkl,1
D:\08_Dataset\Internal\mar2020\pickle_files\04c738ed9bbc15f68f1bcc0a644d436d95f5753f.pkl,1
D:\08_Dataset\Internal\mar2020\pickle_files\fb457c04dd41ea5271a56736ad6497873b0bcbe9.pkl,1
D:\08_Dataset\Internal\mar2020\pickle_files\e9b79428e08cf43becb0fc231a648c25582dc914.pkl,1
D:\08_Dataset\Internal\mar2020\pickle_files\6934f8f08c1401459298e758d09aa60f5b8693b3.pkl,1
D:\08_Dataset\Internal\mar2020\pickle_files\65a22696c8a520424180012d5d504d57e91000cb.pkl,1
D:\08_Dataset\Internal\mar2020\pickle_files\f3d6c57c4e0baed4b362848be207218eebc0bcd6.pkl,1
D:\08_Dataset\Internal\mar2020\pickle_files\117caa8951f07c77487288ccc60fcdec06e6d074.pkl,1
D:\08_Dataset\Internal\mar2020\pickle_files\7c053f635534e721282293e123d0182d6b5abcd4.pkl,1
D:\08_Dataset\Internal\mar2020\pickle_files\fca06fceaf5856b5fde01e377b2edac1b28e0524.pkl,1
D:\08_Dataset\Internal\mar2020\pickle_files\82aaf1a82a1d9cde852c7a0c1e57d186782dd896.pkl,1
D:\08_Dataset\Internal\mar2020\pickle_files\176ba5972f93a0da53d7ecb8c1d7412574c5b462.pkl,1
D:\08_Dataset\Internal\mar2020\pickle_files\7849129849823f04da0e55e4d84179b59792fde0.pkl,1
D:\08_Dataset\Internal\mar2020\pickle_files\1e6c3309bd4ded3179cbe1a06863d2adcee8b853.pkl,1
D:\08_Dataset\Internal\mar2020\pickle_files\4af5f67a82f70bc7cdcdc3e68b181c3254d3c673.pkl,1
D:\08_Dataset\Internal\mar2020\pickle_files\2547ea84ffdd205e3b8c1c26c37760ba7ae8c480.pkl,1
D:\08_Dataset\Internal\mar2020\pickle_files\fdb793b61d475ac00d87dece422ffd35cca0f893.pkl,1
D:\08_Dataset\Internal\mar2020\pickle_files\4a3b65ab9a575ee3af77414060724e8e3b7b17ef.pkl,1
D:\08_Dataset\Internal\mar2020\pickle_files\f5f2b10e0e5cfe717a961ce225a38590f1fd6ab6.pkl,1
D:\08_Dataset\Internal\mar2020\pickle_files\eeaf92e9c695f5b753acf0f6b463a9bebcb007f6.pkl,1
D:\08_Dataset\Internal\mar2020\pickle_files\28fd781c34675d6c607d1308abc1357adc22d89c.pkl,1
D:\08_Dataset\Internal\mar2020\pickle_files\06ab6236fa23a696240bd4b10fd1880a57616fc3.pkl,1
D:\08_Dataset\Internal\mar2020\pickle_files\b530d03a5a8a9ba28f45c1932e20383680ac743c.pkl,1
D:\08_Dataset\Internal\mar2020\pickle_files\90fa110cd5921c1b1672b7c2c6430a4ce1ac23e2.pkl,1
D:\08_Dataset\Internal\mar2020\pickle_files\7ec37496744e0642df8f4904ad3bde4c8e9403c7.pkl,1
D:\08_Dataset\Internal\mar2020\pickle_files\8574fc1f4ac0926da66fdcb4486577ce6d80a864.pkl,1
D:\08_Dataset\Internal\mar2020\pickle_files\20e9010988f165fe597d75c758e4310245497bf9.pkl,1
D:\08_Dataset\Internal\mar2020\pickle_files\13151b5179512e39719f9939e1a2b5848c399a8b.pkl,1
D:\08_Dataset\Internal\mar2020\pickle_files\070fe79d95f8ba3f03e2c9bf90a49f18552122ee.pkl,1
D:\08_Dataset\Internal\mar2020\pickle_files\1ca7c66ef76e17c343194b3f8d4e2fed2200488c.pkl,1
D:\08_Dataset\Internal\mar2020\pickle_files\3fb54e27af802a7c540ba96e92faec383a061dd5.pkl,1
D:\08_Dataset\Internal\mar2020\pickle_files\275b5afb8613d3ba301ad483751b06447a935038.pkl,1
D:\08_Dataset\Internal\mar2020\pickle_files\d5f6be39aa0e1034abbb60b64b65f8049acf8df1.pkl,1
D:\08_Dataset\Internal\mar2020\pickle_files\de5afb017e584ccd0bdd042e4d5a48ba96b7293e.pkl,1
D:\08_Dataset\Internal\mar2020\pickle_files\2c5bb67ce3ccecc66eed79d2f8068b2df2847fa3.pkl,1
D:\08_Dataset\Internal\mar2020\pickle_files\340eeb82ab029061a47d4fb2c45afe713e821ffb.pkl,1
D:\08_Dataset\Internal\mar2020\pickle_files\90bb16cffde3bca0e76414910a63078f4975746e.pkl,1
D:\08_Dataset\Internal\mar2020\pickle_files\64878fb4aa43f844e45a4307be180d2a83178d97.pkl,1
D:\08_Dataset\Internal\mar2020\pickle_files\3cb1bf328ccab364bd5480bd7c0d233fd8f92d2f.pkl,1
D:\08_Dataset\Internal\mar2020\pickle_files\00b1b1419612f2a974649a3c233d5f1223e3ce95.pkl,1
D:\08_Dataset\Internal\mar2020\pickle_files\6fbac32890ba2b8e092ff712118b05e0f4ab3fc9.pkl,1
D:\08_Dataset\Internal\mar2020\pickle_files\9b56dd0aae8b6ade4c3a997ae004ddff23668efa.pkl,1
D:\08_Dataset\Internal\mar2020\pickle_files\452d95b0bad5ce9ae1627a803d664b5317e10ab9.pkl,1
D:\08_Dataset\Internal\mar2020\pickle_files\99f87538f9ddf7ba068c26cbfa0c3dbd2f916b39.pkl,1
D:\08_Dataset\Internal\mar2020\pickle_files\7af3d237c933b6bbfd69526bf7f191fabd557d11.pkl,1
D:\08_Dataset\Internal\mar2020\pickle_files\b4479ced6f528b8f7a4fe94039580cd9b5a9966c.pkl,1
D:\08_Dataset\Internal\mar2020\pickle_files\6747cf3b730be6258f5a83673b4a3120535c9d01.pkl,1
D:\08_Dataset\Internal\mar2020\pickle_files\dcdfab4b3c1292cbd650512fb44ac415e720c664.pkl,1
D:\08_Dataset\Internal\mar2020\pickle_files\71f2920164f4a2967c71ff087feae87f8eb95f00.pkl,1
D:\08_Dataset\Internal\mar2020\pickle_files\5c41671d138a66d483caf0ac8184e8f478dc30db.pkl,1
D:\08_Dataset\Internal\mar2020\pickle_files\689fc077b3810ba1e9b14ce1db70b01cba89a533.pkl,1
D:\08_Dataset\Internal\mar2020\pickle_files\e5c37e77906327b69b794993c314e484204f9a8a.pkl,1
D:\08_Dataset\Internal\mar2020\pickle_files\85fce581343d6cc37d631db315c7483003bb9b2d.pkl,1
D:\08_Dataset\Internal\mar2020\pickle_files\6eccbb6deb40760d32a2ba1a97e366556283a89f.pkl,1
D:\08_Dataset\Internal\mar2020\pickle_files\62f5c72b6f189d738484ad2eea08436ee513bd46.pkl,1
D:\08_Dataset\Internal\mar2020\pickle_files\13a68d2f91f0f6ef7242d401f7d0580943347ef9.pkl,1
D:\08_Dataset\Internal\mar2020\pickle_files\d10d70c61c14ef819c8c3b01975400727e9aa7d7.pkl,1
D:\08_Dataset\Internal\mar2020\pickle_files\bb7d248f29b42064703a234a1978523a60391ac4.pkl,1
D:\08_Dataset\Internal\mar2020\pickle_files\c0506a6dec477f1f358bae8ef7b2fac1b52922cb.pkl,1
D:\08_Dataset\Internal\mar2020\pickle_files\0ca7320cd49ac2545390ac0ff992113645701933.pkl,1
D:\08_Dataset\Internal\mar2020\pickle_files\e03d1594ed6ffe3ca9c2673f7666fdf0e4990f20.pkl,1
D:\08_Dataset\Internal\mar2020\pickle_files\b92a02f212eea968069f2301df20294cb4b58723.pkl,1
D:\08_Dataset\Internal\mar2020\pickle_files\3547b257c4db12f137a121a4ea256f68c0849c39.pkl,1
D:\08_Dataset\Internal\mar2020\pickle_files\2663aa07d7a46af0b2df3161cd9dcc5abf0df97b.pkl,1
D:\08_Dataset\Internal\mar2020\pickle_files\fb3c6a711e96a9c00e806014492f305cfef2bcba.pkl,1
D:\08_Dataset\Internal\mar2020\pickle_files\a862408960e80eedaaf6b28bc096574cd50a91d2.pkl,1
D:\08_Dataset\Internal\mar2020\pickle_files\8fbbe1772685d0a7006ec9d94ea75a92cf67699a.pkl,1
D:\08_Dataset\Internal\mar2020\pickle_files\528ae4bbf461033b804ee1aa295318784b98701a.pkl,1
D:\08_Dataset\Internal\mar2020\pickle_files\c428f7dff0cc7c0f8a9b2d833a0529da35a558d4.pkl,1
D:\08_Dataset\Internal\mar2020\pickle_files\6a9b5a69e259fcc3934e6273b34d71633a63ae76.pkl,1
D:\08_Dataset\Internal\mar2020\pickle_files\43d3abf94c67911584cf6a2800c240be7edc0a9e.pkl,1
D:\08_Dataset\Internal\mar2020\pickle_files\238fbd5bc0c536f63645a74725518bfcc7d4e1f3.pkl,1
D:\08_Dataset\Internal\mar2020\pickle_files\adb7561eb118f0fd069abbcb14481093638cf9a6.pkl,1
D:\08_Dataset\Internal\mar2020\pickle_files\bc202145b7a7e46b28f177928b0955a4a8469d7a.pkl,1
D:\08_Dataset\Internal\mar2020\pickle_files\d5c27209e138405e559fdff06422b9b8b6013d06.pkl,1
D:\08_Dataset\Internal\mar2020\pickle_files\608cefcf0e1e08bb222109b50019cdb809b5a08f.pkl,1
D:\08_Dataset\Internal\mar2020\pickle_files\dffdafba8a4091080b9c4407a8b04d2bb26aa2d0.pkl,1
D:\08_Dataset\Internal\mar2020\pickle_files\dbd44451b5c909e7825c8228b266bf78c59d00fd.pkl,1
D:\08_Dataset\Internal\mar2020\pickle_files\f8c50b5ce299358a891ad34292c7c5a574f7f899.pkl,1
D:\08_Dataset\Internal\mar2020\pickle_files\b50d25b49531573b22009d5874dc7c7e8528b27c.pkl,1
D:\08_Dataset\Internal\mar2020\pickle_files\ad2c699b756968fa07477b961c0934d158f47f22.pkl,1
D:\08_Dataset\Internal\mar2020\pickle_files\9ccc8160deabe7e1cf78b89d1ada97c628c1051d.pkl,1
D:\08_Dataset\Internal\mar2020\pickle_files\4cdf015434970a2d8ca62530ed801268b0cdd18a.pkl,1
D:\08_Dataset\Internal\mar2020\pickle_files\3298dd3a676572891198d957dabd38227d0cc533.pkl,1
D:\08_Dataset\Internal\mar2020\pickle_files\abd8d55f1294f82bd7487282807cda30c107cf89.pkl,1
D:\08_Dataset\Internal\mar2020\pickle_files\6099f06b5ccb37cbaa4681172807b9ad8738d98b.pkl,1
D:\08_Dataset\Internal\mar2020\pickle_files\ae5d07ace59d4d779694b996cdf78276144d5907.pkl,1
D:\08_Dataset\Internal\mar2020\pickle_files\f5dcd7336d2a0937a6c1f23435c8e269876e5dc2.pkl,1
D:\08_Dataset\Internal\mar2020\pickle_files\5e917afc33625db262dbe49f12f95bbb14b58477.pkl,1
D:\08_Dataset\Internal\mar2020\pickle_files\42046fa6ef6f1b3ab816e31ce726d31aac7d4e24.pkl,1
D:\08_Dataset\Internal\mar2020\pickle_files\ef163679c2793e9ee1cc70555b0d3665d84faa35.pkl,1
D:\08_Dataset\Internal\mar2020\pickle_files\d54af3c070b46a4195906b602fdadd65d136e711.pkl,1
D:\08_Dataset\Internal\mar2020\pickle_files\9c4504814ab139ec00c71cac7fad2935828935f2.pkl,1
D:\08_Dataset\Internal\mar2020\pickle_files\9efa4ffb7122a315411b25033cb8f020738c2ccd.pkl,1
D:\08_Dataset\Internal\mar2020\pickle_files\de4096326dc67a7fe9250c6debf6de55cc1f84f4.pkl,1
D:\08_Dataset\Internal\mar2020\pickle_files\4fbea1a7e9d591abc4983d5614cecf26f84e6be6.pkl,1
D:\08_Dataset\Internal\mar2020\pickle_files\f87105bd276322a4025ca5878f817f8058386a5b.pkl,1
D:\08_Dataset\Internal\mar2020\pickle_files\97e7e37553153724dafbf490c8dcc88b0267f6b5.pkl,1
D:\08_Dataset\Internal\mar2020\pickle_files\707dead28c302e99eea40de63403f949ddf095c2.pkl,1
D:\08_Dataset\Internal\mar2020\pickle_files\b7a4c780fef82951a0cce07ecf559f6b7359da74.pkl,1
D:\08_Dataset\Internal\mar2020\pickle_files\8fe52da4dca237afd54de0bb2375ecbad5f6d35f.pkl,1
D:\08_Dataset\Internal\mar2020\pickle_files\7982b3ae82bedbc534852b2c0718b33d85927ad3.pkl,1
D:\08_Dataset\Internal\mar2020\pickle_files\30cf1f9002d4b0f866060963b84c55f905fb6db3.pkl,1
D:\08_Dataset\Internal\mar2020\pickle_files\e2c69b373424c495e0e063afb2248b8038cf7ddf.pkl,1
D:\08_Dataset\Internal\mar2020\pickle_files\50e8a7f9f6f9887d09d47e4635d4da19dd368329.pkl,1
D:\08_Dataset\Internal\mar2020\pickle_files\5233c25e9574f5f7360d20f1c05b3cf8fb1ee938.pkl,1
D:\08_Dataset\Internal\mar2020\pickle_files\4d74efcdcb25e66699847c13fba853eb167b4dbb.pkl,1
D:\08_Dataset\Internal\mar2020\pickle_files\d368eec64d6b87c63f1da1a3653d8cee3415204a.pkl,1
D:\08_Dataset\Internal\mar2020\pickle_files\ff51bda55d45a74365995eacc5129e4eebcd04ed.pkl,1
D:\08_Dataset\Internal\mar2020\pickle_files\cbbbae9829f522435f23caa7154c8c4be85e65e6.pkl,1
D:\08_Dataset\Internal\mar2020\pickle_files\04a5c01ae0fd35d7089dd0b988c062b50c7cd8c0.pkl,1
D:\08_Dataset\Internal\mar2020\pickle_files\1e0f811b4f8c21daccb1ba40061e6161f6dc6ecc.pkl,1
D:\08_Dataset\Internal\mar2020\pickle_files\4e914a69bf0d3f98fab6d3b2f68da7ed40e6694c.pkl,1
D:\08_Dataset\Internal\mar2020\pickle_files\666636e3e65cc075ab363843964e246f6d99e8c8.pkl,1
D:\08_Dataset\Internal\mar2020\pickle_files\52b72afcd30699cca53bbf3ee07327c6ae88693d.pkl,1
D:\08_Dataset\Internal\mar2020\pickle_files\f12aef3d61c3dca61fbb1e61390049316865c8d4.pkl,1
D:\08_Dataset\Internal\mar2020\pickle_files\266b87a3481c791bd20adbf8abfa8a0a362fd5e8.pkl,1
D:\08_Dataset\Internal\mar2020\pickle_files\54d7169e511fad3f2b638f6edff457cdaaf01323.pkl,1
D:\08_Dataset\Internal\mar2020\pickle_files\3a021fdd36fb9291147d46dd8dc40436a17b43dc.pkl,1
D:\08_Dataset\Internal\mar2020\pickle_files\462e860ae4325701194d5a0ebd8e741bf737ce80.pkl,1
D:\08_Dataset\Internal\mar2020\pickle_files\5d0746fcfbf6073e778b9c72e8ccda3573b15127.pkl,1
D:\08_Dataset\Internal\mar2020\pickle_files\e5789c5bf85e2c2d3b65004e135c6435b80f43e0.pkl,1
D:\08_Dataset\Internal\mar2020\pickle_files\5e7209061e0b9404d7d064cbbeb65427ef0c510c.pkl,1
D:\08_Dataset\Internal\mar2020\pickle_files\f0547a29442bee59775b934febb9a543860390f6.pkl,1
D:\08_Dataset\Internal\mar2020\pickle_files\ef474a3aaf83540028d3c5c2ff075f6bfe1fa6d8.pkl,1
D:\08_Dataset\Internal\mar2020\pickle_files\9d104ffb9a3ff2412819533931c05191dc427927.pkl,1
D:\08_Dataset\Internal\mar2020\pickle_files\fe92c8d85e05590a505d18de224b357ae4b3bff2.pkl,1
D:\08_Dataset\Internal\mar2020\pickle_files\5993ba691f6df740adfc0c83eaf194f2af996867.pkl,1
D:\08_Dataset\Internal\mar2020\pickle_files\dfd91eb06a4a8fd03bc5b0ddd4cbbee00e47268c.pkl,1
D:\08_Dataset\Internal\mar2020\pickle_files\5606441ff6d599a0cd67de672470e402cabaabec.pkl,1
D:\08_Dataset\Internal\mar2020\pickle_files\951529275afa072780ebd5625cfd4868e5ed7294.pkl,1
D:\08_Dataset\Internal\mar2020\pickle_files\20f523355d3feaed1f3151d3110141615505c600.pkl,1
D:\08_Dataset\Internal\mar2020\pickle_files\ece6657519a6cbb603e793068a3bb710072db0e3.pkl,1
D:\08_Dataset\Internal\mar2020\pickle_files\2da867220847285c6f8a7a56c55b7ff1202c7ae6.pkl,1
D:\08_Dataset\Internal\mar2020\pickle_files\3f85204ed9b7099519c1c0cf60252848c2f24c8f.pkl,1
D:\08_Dataset\Internal\mar2020\pickle_files\6248745a9e30bc30c183e7b4b53757ae781133a4.pkl,1
D:\08_Dataset\Internal\mar2020\pickle_files\621718cc22d131bcc90e4591a5e7456b255ccd2a.pkl,1
D:\08_Dataset\Internal\mar2020\pickle_files\39ae4e1d98255f551b77916cb772c7cea677bdbc.pkl,1
D:\08_Dataset\Internal\mar2020\pickle_files\df484654555786ddc87aa719f6f6d865cbd3ae4e.pkl,1
D:\08_Dataset\Internal\mar2020\pickle_files\a4656e80a30fc2341c3ff9bf84dd05318ee3e7cf.pkl,1
D:\08_Dataset\Internal\mar2020\pickle_files\5b79cfa58ddd0f14c1f4e6fcd576ffd322fb6696.pkl,1
D:\08_Dataset\Internal\mar2020\pickle_files\7c003d74cc361a4e9e440f52097a5850c0c094ca.pkl,1
D:\08_Dataset\Internal\mar2020\pickle_files\780ee781ef608d1d465f8507e2ce0fa13d3becac.pkl,1
D:\08_Dataset\Internal\mar2020\pickle_files\7fc4e4ed105bafa61ce9994f4f9a7ef15902c516.pkl,1
D:\08_Dataset\Internal\mar2020\pickle_files\16b60a35acf4c39c658d69f55e1ffd2fabd232c9.pkl,1
D:\08_Dataset\Internal\mar2020\pickle_files\6eb44d5e20d6c32fee4073089a8496815792f485.pkl,1
D:\08_Dataset\Internal\mar2020\pickle_files\bac6bf353cb40240dd6bbbae4811c88fca0567a8.pkl,1
D:\08_Dataset\Internal\mar2020\pickle_files\5d7362efd22c4360eeda3305f33c8993027a76ff.pkl,1
D:\08_Dataset\Internal\mar2020\pickle_files\b64ad4b782cfe91ef35b29845708ccf633a88a6f.pkl,1
D:\08_Dataset\Internal\mar2020\pickle_files\88ae18cfd05fa1e04e62c99a1bc0b8f3dad231b0.pkl,1
D:\08_Dataset\Internal\mar2020\pickle_files\958a803ed83303288cff1ef092f56212cafd85e6.pkl,1
D:\08_Dataset\Internal\mar2020\pickle_files\1d4021f496659fa4f52a5a50315d9263a4208204.pkl,1
D:\08_Dataset\Internal\mar2020\pickle_files\216ef5168ff32fa1adbeb148d4782e293ad80a50.pkl,1
D:\08_Dataset\Internal\mar2020\pickle_files\302872aeb4638f593111638e657791623b8debe4.pkl,1
D:\08_Dataset\Internal\mar2020\pickle_files\c5bee0120fd5b04b9414fd875b526f8abbafffea.pkl,1
D:\08_Dataset\Internal\mar2020\pickle_files\8569bd897443afeb47c2d3cee005241fc0311553.pkl,1
D:\08_Dataset\Internal\mar2020\pickle_files\49750750a2adb71ac56b2bee7a463ee5bf12565d.pkl,1
D:\08_Dataset\Internal\mar2020\pickle_files\42b34f18aae431abc7c386690cc1d288de82e498.pkl,1
D:\08_Dataset\Internal\mar2020\pickle_files\d9a6b8d338a73ed554ac0950c57a6f7313776a9e.pkl,1
D:\08_Dataset\Internal\mar2020\pickle_files\90cdaba5d6598885dc2b7ee8c477f4106f362030.pkl,1
D:\08_Dataset\Internal\mar2020\pickle_files\503f9ba0f7ea27673d09e4728c06efd7f555d761.pkl,1
D:\08_Dataset\Internal\mar2020\pickle_files\d590678548711fd82265965d66b5b0798418e9e6.pkl,1
D:\08_Dataset\Internal\mar2020\pickle_files\f9a1bd6a05bba255fc49b234776d217bb1912e98.pkl,1
D:\08_Dataset\Internal\mar2020\pickle_files\b774a9ad8c4e50f66c54b854f041d2b34713c861.pkl,1
D:\08_Dataset\Internal\mar2020\pickle_files\8cea1a92293bc7d5336910903cae44195fd22f59.pkl,1
D:\08_Dataset\Internal\mar2020\pickle_files\34115a2c284c7140cabbaafaaf5fc0d92fb90a57.pkl,1
D:\08_Dataset\Internal\mar2020\pickle_files\0650263a982c2aef2be093203c9d012bfab812a6.pkl,1
D:\08_Dataset\Internal\mar2020\pickle_files\f38fe5e96848c7388de5cb10fae0753fae498637.pkl,1
D:\08_Dataset\Internal\mar2020\pickle_files\8520217a64977a976c69abdf649b215716e036c9.pkl,1
D:\08_Dataset\Internal\mar2020\pickle_files\e7703a80d1b6e79df32a1252e9e9eab582f5c9fa.pkl,1
D:\08_Dataset\Internal\mar2020\pickle_files\b7a341260edefe67947ad466c715a9cbe0861348.pkl,1
D:\08_Dataset\Internal\mar2020\pickle_files\9d85073be0cfa5beff81109476f7bc0e08dd22e7.pkl,1
D:\08_Dataset\Internal\mar2020\pickle_files\752b43dca4e1bfbd46f838760dc49200b9fd0c36.pkl,1
D:\08_Dataset\Internal\mar2020\pickle_files\acd240bd12d10de7cc4c59d951fb4963faeb786a.pkl,1
D:\08_Dataset\Internal\mar2020\pickle_files\4b4c773b7bd53287471c758067e48cff2a4bb991.pkl,1
D:\08_Dataset\Internal\mar2020\pickle_files\a87360f883674ad82a8abedd6777a279155f38c1.pkl,1
D:\08_Dataset\Internal\mar2020\pickle_files\b12c0e11fc726034ae5c8b978abe82b8b3ed9229.pkl,1
D:\08_Dataset\Internal\mar2020\pickle_files\5e7f56244d257f5d9e18d9c9eaf5f1126b1168e4.pkl,1
D:\08_Dataset\Internal\mar2020\pickle_files\1385c052a0469e97e4c46919a456a8be43d2a3e5.pkl,1
D:\08_Dataset\Internal\mar2020\pickle_files\49c61af5e0555bdefa02096cbbe882272d44d5b9.pkl,1
D:\08_Dataset\Internal\mar2020\pickle_files\319bfca4537171d50c956e9c1bead35d88e640fe.pkl,1
D:\08_Dataset\Internal\mar2020\pickle_files\ab9a2f403117ff01f2680a48dd2b47db13fb93e5.pkl,1
D:\08_Dataset\Internal\mar2020\pickle_files\26ce063613e15206c3cf9bde6ed2edde0d3472f9.pkl,1
D:\08_Dataset\Internal\mar2020\pickle_files\6979f046d4b56fbdfa0f8c27fb508af109f51159.pkl,1
D:\08_Dataset\Internal\mar2020\pickle_files\46c9af6aed2369fa71609fc952be05386e83dcce.pkl,1
D:\08_Dataset\Internal\mar2020\pickle_files\4ea338524c226c00dee8509b96eb1a4287501608.pkl,1
D:\08_Dataset\Internal\mar2020\pickle_files\dd7221479a656b01ef63177727d892d1ce64fc49.pkl,1
D:\08_Dataset\Internal\mar2020\pickle_files\4b97497aca40289f6a619be19ad6c981e1ce9575.pkl,1
D:\08_Dataset\Internal\mar2020\pickle_files\90dbdca47ebeafbf5198b116cf1e673aa4115e01.pkl,1
D:\08_Dataset\Internal\mar2020\pickle_files\0daea0721e81a5f7b76f50775d696cbbb570ffce.pkl,1
D:\08_Dataset\Internal\mar2020\pickle_files\43379a5e31ea55d5ac227836eac898c125dccb51.pkl,1
D:\08_Dataset\Internal\mar2020\pickle_files\6099c6c0659c9c1f545bf131b83e54ffb6ec4bd7.pkl,1
D:\08_Dataset\Internal\mar2020\pickle_files\8c813479188245a04e306f36d67bb4e3f64405f3.pkl,1
D:\08_Dataset\Internal\mar2020\pickle_files\8045b8989c1ad845b8255fff62d68a35fe6404ed.pkl,1
D:\08_Dataset\Internal\mar2020\pickle_files\4d79f7f276d595a1e559a891c014c37fb5bba8c4.pkl,1
D:\08_Dataset\Internal\mar2020\pickle_files\2aae7f13bd6db146b4a79c2b6e118f3183d8baf7.pkl,1
D:\08_Dataset\Internal\mar2020\pickle_files\d5014a1bb65f5c03d90013a910f579283c68955a.pkl,1
D:\08_Dataset\Internal\mar2020\pickle_files\4981987f3d11b01d39de1f17db0e0535e1aff948.pkl,1
D:\08_Dataset\Internal\mar2020\pickle_files\fedffe6b0291e3018e61231477679c8aed5153f7.pkl,1
D:\08_Dataset\Internal\mar2020\pickle_files\29924acb1c18d4e8f5c35127e41428b792e9cc2b.pkl,1
D:\08_Dataset\Internal\mar2020\pickle_files\ee70558a6509939ef1032b895fe809dde60a16cb.pkl,1
D:\08_Dataset\Internal\mar2020\pickle_files\e61e74e1fb155695947c3a9bb82c53d47e578571.pkl,1
D:\08_Dataset\Internal\mar2020\pickle_files\1cdfda059dbcc3ff9834f8a203465df0c24916e9.pkl,1
D:\08_Dataset\Internal\mar2020\pickle_files\16e59d951aeb88792e0e5a04fcf88e689dbe9646.pkl,1
D:\08_Dataset\Internal\mar2020\pickle_files\ef3f29a6f040e64bebc544db861dc274ae49b59b.pkl,1
D:\08_Dataset\Internal\mar2020\pickle_files\ffc93bf966ad814a24d449012e0c103cd94d894d.pkl,1
D:\08_Dataset\Internal\mar2020\pickle_files\5646af4205df19472b05c0922d0cad5349437c0b.pkl,1
D:\08_Dataset\Internal\mar2020\pickle_files\395a19d252660f8ffef518e3bb25274feabe03fd.pkl,1
D:\08_Dataset\Internal\mar2020\pickle_files\fb35e8d9ef37a8647f4241f58300a3706ed638ec.pkl,1
D:\08_Dataset\Internal\mar2020\pickle_files\e6564da019cbab015abe1137dfeb1df47780af88.pkl,1
D:\08_Dataset\Internal\mar2020\pickle_files\ba60e52045483c12340d61c7f8380da635197e1d.pkl,1
D:\08_Dataset\Internal\mar2020\pickle_files\ea6cdd7bd482f6e5b28a8abfce1ff50c2c0a81e6.pkl,1
D:\08_Dataset\Internal\mar2020\pickle_files\b0245ce2252954f2d3ae55ee26a16d8873b66af9.pkl,1
D:\08_Dataset\Internal\mar2020\pickle_files\a7f2162eae1c01548eaf2a6c8b1ed0521424b317.pkl,1
D:\08_Dataset\Internal\mar2020\pickle_files\6555b1bc54670d991ecf2cd948779028745a8fc2.pkl,1
D:\08_Dataset\Internal\mar2020\pickle_files\056382b65c25d749fc88e4423c5bb9d1566394af.pkl,1
D:\08_Dataset\Internal\mar2020\pickle_files\323a84286cd7343235ee2dbc047a752de177e2c5.pkl,1
D:\08_Dataset\Internal\mar2020\pickle_files\c14d9aa9f7394a0b94042c5a0fcc53855ff22c10.pkl,1
D:\08_Dataset\Internal\mar2020\pickle_files\723a20f35ec70a35294af429086854641860b4e5.pkl,1
D:\08_Dataset\Internal\mar2020\pickle_files\555c9431638ef6db66777268cae1295bd12a932b.pkl,1
D:\08_Dataset\Internal\mar2020\pickle_files\52a37ded5c7375a30f4bd45b412f2daf8b481f80.pkl,1
D:\08_Dataset\Internal\mar2020\pickle_files\af6566cc9e9ca8ead97ecc087b3002cab8afa19f.pkl,1
D:\08_Dataset\Internal\mar2020\pickle_files\506afa50cbd37c8851643a72e292c6fb6ca457ba.pkl,1
D:\08_Dataset\Internal\mar2020\pickle_files\70aa7c7cd4c4589414a4125d26ed3a5e0e1e70f0.pkl,1
D:\08_Dataset\Internal\mar2020\pickle_files\55381fc500a611eea9004197c2de82ab525d5dcc.pkl,1
D:\08_Dataset\Internal\mar2020\pickle_files\3f3ba753e09958298d08638ca9586ffb0f6c0dfd.pkl,1
D:\08_Dataset\Internal\mar2020\pickle_files\6459d86b38ca1cf94ddbc3f6a46c14cf609ff397.pkl,1
D:\08_Dataset\Internal\mar2020\pickle_files\d8eeecf64d1ff1515df84bfa4da2cf05c41f458a.pkl,1
D:\08_Dataset\Internal\mar2020\pickle_files\03f74cbaf71047d43f4b2f8f1d13fc3cc2dc990c.pkl,1
D:\08_Dataset\Internal\mar2020\pickle_files\10f63260c348d361828d9109f3d9d86ede84a71b.pkl,1
D:\08_Dataset\Internal\mar2020\pickle_files\48fa500e59a8a4852033dc84d8c0816c098eb807.pkl,1
D:\08_Dataset\Internal\mar2020\pickle_files\d275dffed478c159d1f17993dd76b09880a9e3c4.pkl,1
D:\08_Dataset\Internal\mar2020\pickle_files\45be57ef99470df49a30013e4a10958856e1101c.pkl,1
D:\08_Dataset\Internal\mar2020\pickle_files\a1ad18b46c104e744df147ec36947a79b845618c.pkl,1
D:\08_Dataset\Internal\mar2020\pickle_files\f0db0371e61b8726860ba7c981f92bca57b32ff6.pkl,1
D:\08_Dataset\Internal\mar2020\pickle_files\fbc76fc67c96f2887c0fdc2d2db7631298b80a37.pkl,1
D:\08_Dataset\Internal\mar2020\pickle_files\b4fbda4d20057139978f1a910b5591b7081152fd.pkl,1
D:\08_Dataset\Internal\mar2020\pickle_files\db1374974e5832cab6f60f059692b7e57029f249.pkl,1
D:\08_Dataset\Internal\mar2020\pickle_files\f48f5da0075582b068a1da25bf44df7f9be0d195.pkl,1
D:\08_Dataset\Internal\mar2020\pickle_files\0f89b3112a8902fc00bfad764d6d47201d8ef841.pkl,1
D:\08_Dataset\Internal\mar2020\pickle_files\236ab581550349a92a289f9ac90eeec17dd9a9a9.pkl,1
D:\08_Dataset\Internal\mar2020\pickle_files\19d0d60d7101d00b193d6cdb8d275e5975d33390.pkl,1
D:\08_Dataset\Internal\mar2020\pickle_files\a06fcae71659f9afc112f1b7a764f5b4d63a8e84.pkl,1
D:\08_Dataset\Internal\mar2020\pickle_files\23432d22e2a2dbbb3962ff6d00f04d3837bf413e.pkl,1
D:\08_Dataset\Internal\mar2020\pickle_files\f7d2472eb32397eb70c1ee7862c1880fc3ec9903.pkl,1
D:\08_Dataset\Internal\mar2020\pickle_files\a92d58d988fed22122cee9235e21a213aff15e5f.pkl,1
D:\08_Dataset\Internal\mar2020\pickle_files\284352641330313c2affc8dd0a64db94e6698ea5.pkl,1
D:\08_Dataset\Internal\mar2020\pickle_files\e6c4e7c4074bae247374ea272cd5f750295df858.pkl,1
D:\08_Dataset\Internal\mar2020\pickle_files\2818919754e66dd80836242e06e9a18b880840d4.pkl,1
D:\08_Dataset\Internal\mar2020\pickle_files\cdffd58b6b94f156947f3517e901b7070de207d5.pkl,1
D:\08_Dataset\Internal\mar2020\pickle_files\740b1a84cdea56f9b737d45371a48e18a4008caa.pkl,1
D:\08_Dataset\Internal\mar2020\pickle_files\e36669301ccd9685290d5a102753ea8261790526.pkl,1
D:\08_Dataset\Internal\mar2020\pickle_files\207b48c01a93156a9dba9af4049a1a3d256bcf48.pkl,1
D:\08_Dataset\Internal\mar2020\pickle_files\81b8c326cbb41bdaaf19d192a7909099b47ff654.pkl,1
D:\08_Dataset\Internal\mar2020\pickle_files\67bd40b3bb31cce1c5612125f48927c28375b532.pkl,1
D:\08_Dataset\Internal\mar2020\pickle_files\24368f20914e3789666aac976d15bd2f98b12376.pkl,1
D:\08_Dataset\Internal\mar2020\pickle_files\221462a419d1399aa0b22f1fbe4f80c070092953.pkl,1
D:\08_Dataset\Internal\mar2020\pickle_files\e946785c71d11c87ecd6920c25128404ad2d11da.pkl,1
D:\08_Dataset\Internal\mar2020\pickle_files\949680502c6d70d76d4eade90b047687485fe656.pkl,1
D:\08_Dataset\Internal\mar2020\pickle_files\716ae9ecaf692faeed706297d63601dcf90f1875.pkl,1
D:\08_Dataset\Internal\mar2020\pickle_files\50a8c3b100063e5ec675a1ed23f73032c736f836.pkl,1
D:\08_Dataset\Internal\mar2020\pickle_files\1362c1874356d076fb66a1bef3708015d423270d.pkl,1
D:\08_Dataset\Internal\mar2020\pickle_files\effe044c959fbb341670d7c0a4a85ea250cec183.pkl,1
D:\08_Dataset\Internal\mar2020\pickle_files\5756988544b0465b6a7777ae172b2cc92e14cde5.pkl,1
D:\08_Dataset\Internal\mar2020\pickle_files\0ab7c3820e73b8f8fa73458514c1f7075f6be4aa.pkl,1
D:\08_Dataset\Internal\mar2020\pickle_files\359255b21d384ae8dd7e376de13611acb6bd201f.pkl,1
D:\08_Dataset\Internal\mar2020\pickle_files\3e8efde366ff2611372efb493978c1ca7ae524a4.pkl,1
D:\08_Dataset\Internal\mar2020\pickle_files\48f49fa9b9469a214d98d211d49aea086d4dc897.pkl,1
D:\08_Dataset\Internal\mar2020\pickle_files\ecd71b3e50ac7d28957365d6c0b1ae6e2742c32d.pkl,1
D:\08_Dataset\Internal\mar2020\pickle_files\13a7baa4c3906b811b601f846f671ccd05f89822.pkl,1
D:\08_Dataset\Internal\mar2020\pickle_files\19ab24aa5fa26d86598e470efabcd585667b6a98.pkl,1
D:\08_Dataset\Internal\mar2020\pickle_files\202e0793bf828d784a60f0083cdfcd271acc0459.pkl,1
D:\08_Dataset\Internal\mar2020\pickle_files\b18a03eb00f83d0bf822f11b0bd29dda2fd5fb97.pkl,1
D:\08_Dataset\Internal\mar2020\pickle_files\763d76669fa0aeb5b7bc9692b623af89e5459cf3.pkl,1
D:\08_Dataset\Internal\mar2020\pickle_files\80f5aef8f3c065865a83477ba88605a54cdaaf29.pkl,1
D:\08_Dataset\Internal\mar2020\pickle_files\17a6e522ac051801c1e4ff039addc5cd1156e2c0.pkl,1
D:\08_Dataset\Internal\mar2020\pickle_files\9543e85c3a4dcd0ebcc494167105e152d1cb966b.pkl,1
D:\08_Dataset\Internal\mar2020\pickle_files\52e8a86c012aa29fdc4b859e875be98859388b7e.pkl,1
D:\08_Dataset\Internal\mar2020\pickle_files\e0c32a805df9a578e4be6ac14e1d455b42cda47c.pkl,1
D:\08_Dataset\Internal\mar2020\pickle_files\f34ab37d51be2bf54023f4d4f88961cf78ebb0e4.pkl,1
D:\08_Dataset\Internal\mar2020\pickle_files\da90eab28c807c2d2c81b04566bacb06088efd98.pkl,1
D:\08_Dataset\Internal\mar2020\pickle_files\b0ec515db6757ffe738add22f13877c24fe44c2f.pkl,1
D:\08_Dataset\Internal\mar2020\pickle_files\f269a36cf7247d4cfa00ebc0c442b84a38144b37.pkl,1
D:\08_Dataset\Internal\mar2020\pickle_files\f815efb3e79994e9d6514623f3c1a117bbd12aac.pkl,1
D:\08_Dataset\Internal\mar2020\pickle_files\2c7b398c1d423f69e0800aa2c4b7223b92bf7b7c.pkl,1
D:\08_Dataset\Internal\mar2020\pickle_files\d38a018053a246464d27dcfe09b535bfc5c5d8e2.pkl,1
D:\08_Dataset\Internal\mar2020\pickle_files\da3dbae58addd0ad9c26f445e5817301f6d3b96c.pkl,1
D:\08_Dataset\Internal\mar2020\pickle_files\38e1f448622f0f700c2765052f3ece4cccbc35e4.pkl,1
D:\08_Dataset\Internal\mar2020\pickle_files\12f7078c92581af141ad85f19a09e1d00981329f.pkl,1
D:\08_Dataset\Internal\mar2020\pickle_files\39fd45597cdb715633fcb1450b46c1f4ea5d93a8.pkl,1
D:\08_Dataset\Internal\mar2020\pickle_files\a0ab67f0d5e35fa93da22caa4cb1ac0a16056d20.pkl,1
D:\08_Dataset\Internal\mar2020\pickle_files\fb523dc90dfab2d60259f2b2a53ac77a2f5990d4.pkl,1
D:\08_Dataset\Internal\mar2020\pickle_files\2b4dd99dd6e471cacebbd178f1b0ef8e89c91b09.pkl,1
D:\08_Dataset\Internal\mar2020\pickle_files\e1971d2849fdb133d299448a113af52554ebbefc.pkl,1
D:\08_Dataset\Internal\mar2020\pickle_files\7a7f5b8fb72e5fceeb43070b8c6ec3c4218bd893.pkl,1
D:\08_Dataset\Internal\mar2020\pickle_files\b22b3a062279fcb51bb8472e25bfe65e6716b1fc.pkl,1
D:\08_Dataset\Internal\mar2020\pickle_files\eb73029ba0b2955598e529b82e6024822afd5d62.pkl,1
D:\08_Dataset\Internal\mar2020\pickle_files\fc892f9c620d54d68ff01eb21880e25792ec7d66.pkl,1
D:\08_Dataset\Internal\mar2020\pickle_files\90c2bad00381cd8ac890867b266180092286c543.pkl,1
D:\08_Dataset\Internal\mar2020\pickle_files\107e85ebd4aaf3a87c40111d349bbf4b11faae19.pkl,1
D:\08_Dataset\Internal\mar2020\pickle_files\85827075da6cf967fa5cac8c5380698f032422f0.pkl,1
D:\08_Dataset\Internal\mar2020\pickle_files\0161e5f13e9b4a63b4606650f3c42dd0b31c3406.pkl,1
D:\08_Dataset\Internal\mar2020\pickle_files\94913e5893894ccf9e589c584b27f5a62217b988.pkl,1
D:\08_Dataset\Internal\mar2020\pickle_files\87e8f40a7ecb5c00096290bf487da280263d5d1b.pkl,1
D:\08_Dataset\Internal\mar2020\pickle_files\442cf9ca3bb7c3d842af2bdb3aaa0a25edecfd45.pkl,1
D:\08_Dataset\Internal\mar2020\pickle_files\5fed3fb9f9428de2de2277fa0744d53d8fb8fcf2.pkl,1
D:\08_Dataset\Internal\mar2020\pickle_files\73f4427c5372f19ea6fefa81c52ceb5f3c3dd6ed.pkl,1
D:\08_Dataset\Internal\mar2020\pickle_files\905e8058c4907cabab300a27e9cf07c50a689d83.pkl,1
D:\08_Dataset\Internal\mar2020\pickle_files\a2aa489704fbfe8ebea36a4b09dd0cffb3443f58.pkl,1
D:\08_Dataset\Internal\mar2020\pickle_files\0f2863564056c5263f008fd85baf21a6a0cf121d.pkl,1
D:\08_Dataset\Internal\mar2020\pickle_files\aac6c15c722e38a0e4d6a2ef13d7a2dfe8ec4a66.pkl,1
D:\08_Dataset\Internal\mar2020\pickle_files\195efd4f9e802a3d8805136a725e0814ad9f1771.pkl,1
D:\08_Dataset\Internal\mar2020\pickle_files\74fe56d5f4d36a1ad1244b44094cda5b81fa7ffd.pkl,1
D:\08_Dataset\Internal\mar2020\pickle_files\c848ffbec00b155f636419ea7c99c39757bc7b1a.pkl,1
D:\08_Dataset\Internal\mar2020\pickle_files\52f3ff56f5b20c8e4e29c596c0a1ef40f72f3743.pkl,1
D:\08_Dataset\Internal\mar2020\pickle_files\7748f7afdb1f186e548d08fac96816b09488ff24.pkl,1
D:\08_Dataset\Internal\mar2020\pickle_files\9f2e38b994b87cedc5efda94a7f614c17545262b.pkl,1
D:\08_Dataset\Internal\mar2020\pickle_files\7fa4c746595f7903cfc18d0e2aab75c4723fa0ac.pkl,1
D:\08_Dataset\Internal\mar2020\pickle_files\ae454a171dc595b792c69dd000a5b395d67848e7.pkl,1
D:\08_Dataset\Internal\mar2020\pickle_files\fa9fff0442e4c878e5da93a01f27abdf9424b19c.pkl,1
D:\08_Dataset\Internal\mar2020\pickle_files\deddf15fddf5e284657fde6b4cbfce1bec8d5e41.pkl,1
D:\08_Dataset\Internal\mar2020\pickle_files\76259e48b49705bff7d3a12da7fd4d0efbbdb6d2.pkl,1
D:\08_Dataset\Internal\mar2020\pickle_files\10fe3057759925c19e04d222aab9c06c541ec69c.pkl,1
D:\08_Dataset\Internal\mar2020\pickle_files\efe437697c0c6a5604fe3b5bde67c89161e02dd3.pkl,1
D:\08_Dataset\Internal\mar2020\pickle_files\3082cb53fa0cae6d4277a3c8bf06215d861dd68d.pkl,1
D:\08_Dataset\Internal\mar2020\pickle_files\91c0dfad5641c440b81e3baa267ab37a11a90969.pkl,1
D:\08_Dataset\Internal\mar2020\pickle_files\10b13c68560f1d928df45bf3f231b5fc10f68961.pkl,1
D:\08_Dataset\Internal\mar2020\pickle_files\dec1a7ac74b9005f46f90ffefa5167767ae4cad3.pkl,1
D:\08_Dataset\Internal\mar2020\pickle_files\004a7a47eb76c1713ac0f1a136505e06acd0ee3a.pkl,1
D:\08_Dataset\Internal\mar2020\pickle_files\f7abebfc72159e743e20b8c514844a5819888900.pkl,1
D:\08_Dataset\Internal\mar2020\pickle_files\0bdf1e6860e1e4f5f63984ac447e717901a4c0e9.pkl,1
D:\08_Dataset\Internal\mar2020\pickle_files\2e541b38891e7bcc982aec0d1895f26521851af6.pkl,1
D:\08_Dataset\Internal\mar2020\pickle_files\7a06bcabcbb1845e51f71c4dec689c657db8aa13.pkl,1
D:\08_Dataset\Internal\mar2020\pickle_files\306192b93509e38ee5d020fa13fe7642afe4fc3d.pkl,1
D:\08_Dataset\Internal\mar2020\pickle_files\9e1ce76c94220f011b0835c6336669cadb204dd0.pkl,1
D:\08_Dataset\Internal\mar2020\pickle_files\7f9f982d3e7b6e8811b7a92507ee995f5a983c70.pkl,1
D:\08_Dataset\Internal\mar2020\pickle_files\33b8f6e60041740b4cd7054eb9a48c12d5dd5a7a.pkl,1
D:\08_Dataset\Internal\mar2020\pickle_files\ff1f2e45f976712037499c296a99a26034de8615.pkl,1
D:\08_Dataset\Internal\mar2020\pickle_files\e1d19a9001a4f53f7b9dec63d629d0d420a15d50.pkl,1
D:\08_Dataset\Internal\mar2020\pickle_files\df8439e318b2126b91312a30ae75415bf69b00f9.pkl,1
D:\08_Dataset\Internal\mar2020\pickle_files\c8441617c16bc401b2a349845c3fd61da828f79e.pkl,1
D:\08_Dataset\Internal\mar2020\pickle_files\bc9f2255223d130dca969ee65387e302f4234fe8.pkl,1
D:\08_Dataset\Internal\mar2020\pickle_files\b6fb2b6a08bae54aa2789d5d10049f398c08e0d5.pkl,1
D:\08_Dataset\Internal\mar2020\pickle_files\ddda92185013c9dd39f624b319df4758f4d4c05e.pkl,1
D:\08_Dataset\Internal\mar2020\pickle_files\8c0cdda0022110d8d6c85143a8f99e728910c4dd.pkl,1
D:\08_Dataset\Internal\mar2020\pickle_files\ea6282b7c9f092ca5f65742b8b4fb799b5055d3e.pkl,1
D:\08_Dataset\Internal\mar2020\pickle_files\b8189bb36a435ac3e3f60692e0fe8bc9dfe2c911.pkl,1
D:\08_Dataset\Internal\mar2020\pickle_files\dd6f13a89f06233ed96a4f233673de982aee1348.pkl,1
D:\08_Dataset\Internal\mar2020\pickle_files\bc03906ebe05a711fb669ab3be608a85d12ba54f.pkl,1
D:\08_Dataset\Internal\mar2020\pickle_files\3b736af5bf90df1ac6c03e641a3172727a00f6e9.pkl,1
D:\08_Dataset\Internal\mar2020\pickle_files\c4da0982f2f0116587828736c0ae2a4811f97365.pkl,1
D:\08_Dataset\Internal\mar2020\pickle_files\bdae76f6e948bb9ac7287b448b32809b0ef1c6ee.pkl,1
D:\08_Dataset\Internal\mar2020\pickle_files\4293c4b3e9ece97eb2120af80476bd571b73efbf.pkl,1
D:\08_Dataset\Internal\mar2020\pickle_files\f73053f1f6a55f2f6dd4da871ce1b861adc13887.pkl,1
D:\08_Dataset\Internal\mar2020\pickle_files\1696d34dcb6b1ff084483ffb3c0f46bfd8f1ac9b.pkl,1
D:\08_Dataset\Internal\mar2020\pickle_files\03fca8c5727a4deca801c45366897a4cdb4baf7a.pkl,1
D:\08_Dataset\Internal\mar2020\pickle_files\d5add7e50b5e06151098fff8c86df50fc749671e.pkl,1
D:\08_Dataset\Internal\mar2020\pickle_files\75741e7b3fe1b9ffdb4fa588ec6d7ba29568cd59.pkl,1
D:\08_Dataset\Internal\mar2020\pickle_files\a7919ace185e1f9f1679636cbcc07f8d269d7c37.pkl,1
D:\08_Dataset\Internal\mar2020\pickle_files\62c45b71484f0783b7ee6891d038fb04eecdfcb9.pkl,1
D:\08_Dataset\Internal\mar2020\pickle_files\374ed059a53890fe8c9a2c1a2bd26dcc94e49528.pkl,1
D:\08_Dataset\Internal\mar2020\pickle_files\32b883fd9fad926deb2204d84492c5235358af52.pkl,1
D:\08_Dataset\Internal\mar2020\pickle_files\0ec5804a0b706380f87a8dd280ab0e6e26f3e905.pkl,1
D:\08_Dataset\Internal\mar2020\pickle_files\3d497e256fa1c8c3e8d1a075ed08c0dad6017b74.pkl,1
D:\08_Dataset\Internal\mar2020\pickle_files\af9df5e66bbafddde3167f76a3fefa837ec6e202.pkl,1
D:\08_Dataset\Internal\mar2020\pickle_files\dc6c44b066d8ebb334486b03369411caceaa26fa.pkl,1
D:\08_Dataset\Internal\mar2020\pickle_files\286bbad7938642a7bf7453ba9650c5e7c7747be8.pkl,1
D:\08_Dataset\Internal\mar2020\pickle_files\56469ffde14b5a3169cdc12fb5d98ac06644b22b.pkl,1
D:\08_Dataset\Internal\mar2020\pickle_files\38b5b0d575a167845d3c8680ade80c51d7cb2df2.pkl,1
D:\08_Dataset\Internal\mar2020\pickle_files\cba2b9643b64edc9e90779f56a375534e743d082.pkl,1
D:\08_Dataset\Internal\mar2020\pickle_files\f8aa37257b4effa91d0c4355d1367d9d077c201a.pkl,1
D:\08_Dataset\Internal\mar2020\pickle_files\38a77ecda9de8d01b170bcd7f159222c7f1ab300.pkl,1
D:\08_Dataset\Internal\mar2020\pickle_files\c3e9d46f116825448741513b6c80761b3a3506bb.pkl,1
D:\08_Dataset\Internal\mar2020\pickle_files\c6e7a54121f9e09136efa88ff120097432a439a2.pkl,1
D:\08_Dataset\Internal\mar2020\pickle_files\6c999e84ccad84ab1a2480523ac25434d83fe57e.pkl,1
D:\08_Dataset\Internal\mar2020\pickle_files\19e58bf33f287e17c9d0982ba9b56c7a520c21f2.pkl,1
D:\08_Dataset\Internal\mar2020\pickle_files\e9a146935312ca28fdedcacba3399bf9588f30a8.pkl,1
D:\08_Dataset\Internal\mar2020\pickle_files\d911cae2003c4fd62109d4fe28aff2525c6f182c.pkl,1
D:\08_Dataset\Internal\mar2020\pickle_files\330e8ce8e3ce630152c6cd81614f975f9415295f.pkl,1
D:\08_Dataset\Internal\mar2020\pickle_files\a9e163d80ad270ec5ff1c2be381858ac75644430.pkl,1
D:\08_Dataset\Internal\mar2020\pickle_files\41e681e5ec4e517dfcf89f82172fce31da9c8efe.pkl,1
D:\08_Dataset\Internal\mar2020\pickle_files\2197ec16c88a6345dacbb7e661d1c88d4023b960.pkl,1
D:\08_Dataset\Internal\mar2020\pickle_files\67abeffdbedf27d8d0c1948ae3a8495d508744e9.pkl,1
D:\08_Dataset\Internal\mar2020\pickle_files\55b75b399f2c6291e69b8050548171cc7c3e39ea.pkl,1
D:\08_Dataset\Internal\mar2020\pickle_files\b874a9e55424d133864beecaf1872097864feb28.pkl,1
D:\08_Dataset\Internal\mar2020\pickle_files\cba7a86ae95f91fffb147c35d075a402d17d38df.pkl,1
D:\08_Dataset\Internal\mar2020\pickle_files\fe439427b7396a0d49bb52a0a4c41748b5f34ce6.pkl,1
D:\08_Dataset\Internal\mar2020\pickle_files\078f49509020389ecfa545907c585ca0786601d1.pkl,1
D:\08_Dataset\Internal\mar2020\pickle_files\92a8d7e350e2f4323e0c984b305b642a9c5678a3.pkl,1
D:\08_Dataset\Internal\mar2020\pickle_files\e41f54b2c2479dcd750420b4c0cd5b65c1f31926.pkl,1
D:\08_Dataset\Internal\mar2020\pickle_files\828f867ed5255157833ea49d08b7f8c727bd904f.pkl,1
D:\08_Dataset\Internal\mar2020\pickle_files\be58b1611fee01644eabdb3c36d6aa58a7c75c9d.pkl,1
D:\08_Dataset\Internal\mar2020\pickle_files\2baa602054af4d7b6c8cb9a2aa368aea1a563272.pkl,1
D:\08_Dataset\Internal\mar2020\pickle_files\31fe804f56c00d5c4646324cae1ef5c1048ff0d1.pkl,1
D:\08_Dataset\Internal\mar2020\pickle_files\76c069b36861dea66a146c5100578dd7b3c54144.pkl,1
D:\08_Dataset\Internal\mar2020\pickle_files\8a870adc5502cf33b0ff128b5bf2caebddde38a9.pkl,1
D:\08_Dataset\Internal\mar2020\pickle_files\95fc636afc26fb53a73b29bf59e3fb330026e990.pkl,1
D:\08_Dataset\Internal\mar2020\pickle_files\3781a01d1ff6444cae687dad5e69eac347d066e9.pkl,1
D:\08_Dataset\Internal\mar2020\pickle_files\f77c24e17ece7d2d5040ef16421f208bbd508e12.pkl,1
D:\08_Dataset\Internal\mar2020\pickle_files\47332aabf61b79cc75acc469b6877d8b78dc28b1.pkl,1
D:\08_Dataset\Internal\mar2020\pickle_files\deccbcb69092eeb6050629d5db6b6697e3aa9153.pkl,1
D:\08_Dataset\Internal\mar2020\pickle_files\19bd8f96cd4e369afb0b0f2c0530ac670b174b08.pkl,1
D:\08_Dataset\Internal\mar2020\pickle_files\9d1d17fb14e6fb61c13f6939d411c2461cc83aee.pkl,1
D:\08_Dataset\Internal\mar2020\pickle_files\50981e2c171c7b963e4f44600700c4418eafbeb4.pkl,1
D:\08_Dataset\Internal\mar2020\pickle_files\c06380a0835f589b0e6f9b9170f7b4432967628f.pkl,1
D:\08_Dataset\Internal\mar2020\pickle_files\8805cf0ef29d2349b194c8ac33bfb7444eb50fbb.pkl,1
D:\08_Dataset\Internal\mar2020\pickle_files\014a7a169eeb39a9924a8988b60c135f2a1b13ce.pkl,1
D:\08_Dataset\Internal\mar2020\pickle_files\4d8712f8e1b89e95313e87499f6c451634b16319.pkl,1
D:\08_Dataset\Internal\mar2020\pickle_files\97195a79629bc6bdfceff07a6c4c1d54c5374f39.pkl,1
D:\08_Dataset\Internal\mar2020\pickle_files\3e5e8198858f10c499f2f4181073f62c09e5dbac.pkl,1
D:\08_Dataset\Internal\mar2020\pickle_files\48550501901d23faaca833e81b227d128027dc51.pkl,1
D:\08_Dataset\Internal\mar2020\pickle_files\b8ca8dd9c7b54994653763e39199dd78ef08dbde.pkl,1
D:\08_Dataset\Internal\mar2020\pickle_files\bb36683d5443124df3fee434c6fa291997420039.pkl,1
D:\08_Dataset\Internal\mar2020\pickle_files\37cb3fdb3fb442b316e62e99759c56b20ffada48.pkl,1
D:\08_Dataset\Internal\mar2020\pickle_files\6729527b0a1aa97ca154b04ff35ad957f98bbd24.pkl,1
D:\08_Dataset\Internal\mar2020\pickle_files\e9f39e36f12f2be4050eee0799dd3dcd682fba67.pkl,1
D:\08_Dataset\Internal\mar2020\pickle_files\e7bef9b680675f08d830d5941cae2933fc6c6552.pkl,1
D:\08_Dataset\Internal\mar2020\pickle_files\2a86e96bacd32bbbbc8751f11653c2ed69ac24b6.pkl,1
D:\08_Dataset\Internal\mar2020\pickle_files\7079a9ea5381d4ebdd817c665a5e385bf6643744.pkl,1
D:\08_Dataset\Internal\mar2020\pickle_files\9b1942e67c1b314a8e4c0da62f28889b33322392.pkl,1
D:\08_Dataset\Internal\mar2020\pickle_files\cc7b536c1488d69937df41770d68166735b547db.pkl,1
D:\08_Dataset\Internal\mar2020\pickle_files\bdb4c07de31d295dd857ef8e0a50acf23438b2d8.pkl,1
D:\08_Dataset\Internal\mar2020\pickle_files\b00d3fcd64b08561913017c22bcb28c40273c1a6.pkl,1
D:\08_Dataset\Internal\mar2020\pickle_files\620da967b9e470adf97ca5ea25244a05a9c55c5a.pkl,1
D:\08_Dataset\Internal\mar2020\pickle_files\5a3c53bc31c7909150a9c9b890ff3a67684e035b.pkl,1
D:\08_Dataset\Internal\mar2020\pickle_files\050ff45f6949270e5dac8a57d916ddc1a0893c98.pkl,1
D:\08_Dataset\Internal\mar2020\pickle_files\767965a062d7e09d8d7344d30d9ca4c8b9cbd937.pkl,1
D:\08_Dataset\Internal\mar2020\pickle_files\b5605c1b69698ccc0dd679583216671cb6122c4e.pkl,1
D:\08_Dataset\Internal\mar2020\pickle_files\b309796ded0b9a0877bd6fe9e0c3e62792546ae8.pkl,1
D:\08_Dataset\Internal\mar2020\pickle_files\0da1b2d9781b92d4d815124ff62cbf1beff31500.pkl,1
D:\08_Dataset\Internal\mar2020\pickle_files\a4986aefd0344cd321b36785422cb3341d3285d1.pkl,1
D:\08_Dataset\Internal\mar2020\pickle_files\e22b0e18d478df7ceffb15fdfa0863da09ffc528.pkl,1
D:\08_Dataset\Internal\mar2020\pickle_files\e29b4e7c2e6cfdcf9cfff26901667b9dea56e190.pkl,1
D:\08_Dataset\Internal\mar2020\pickle_files\74e9cd7188bfe5c3ae1000130a5a660b9061ca7e.pkl,1
D:\08_Dataset\Internal\mar2020\pickle_files\939df1eeeeed7636eebd852543089844901ac8c1.pkl,1
D:\08_Dataset\Internal\mar2020\pickle_files\1e0a641ad81a31c05ec51d1bed8dbfd0f77bf52a.pkl,1
D:\08_Dataset\Internal\mar2020\pickle_files\5e2aac4f02855c0fb60a2d5c8b304f12e16e2117.pkl,1
D:\08_Dataset\Internal\mar2020\pickle_files\add6f33df34502ff8be3a44f9d3a12e72ebc6bf4.pkl,1
D:\08_Dataset\Internal\mar2020\pickle_files\504e7a43473f4d69b94bd1e013d0b7e368b69935.pkl,1
D:\08_Dataset\Internal\mar2020\pickle_files\38ba9544a71bce4e0cf80e9c4372c77cd7619cfc.pkl,1
D:\08_Dataset\Internal\mar2020\pickle_files\0fe1226159aeb0cdef13525eeaeaf51317bb2730.pkl,1
D:\08_Dataset\Internal\mar2020\pickle_files\22ced87449178f1e1bdb3b00317ece457e9f824c.pkl,1
D:\08_Dataset\Internal\mar2020\pickle_files\ba5b9d24a803b01edd4bcd1cd4d807c274a469a8.pkl,1
D:\08_Dataset\Internal\mar2020\pickle_files\bf7b035c7f05a436eeb0dd3c9327b8d153df15fe.pkl,1
D:\08_Dataset\Internal\mar2020\pickle_files\a97398350946fb3de89e5b7560832c66deef226d.pkl,1
D:\08_Dataset\Internal\mar2020\pickle_files\15d348b76e9a045bb86dcc57ca84a371f46c0248.pkl,1
D:\08_Dataset\Internal\mar2020\pickle_files\a5fa6549df12c2042f16a869bc5ff91db7ff8c27.pkl,1
D:\08_Dataset\Internal\mar2020\pickle_files\910f622bd3ac4c83daf90e51b211ab463c0d3b1e.pkl,1
D:\08_Dataset\Internal\mar2020\pickle_files\22d877f020a5124afee3ed271645ba66ee4ae93a.pkl,1
D:\08_Dataset\Internal\mar2020\pickle_files\f76b15c810a9156b50fd18607d8878ca5d1bd4f6.pkl,1
D:\08_Dataset\Internal\mar2020\pickle_files\0f00ee357e90a25531a1d159a2df0ff15fddb672.pkl,1
D:\08_Dataset\Internal\mar2020\pickle_files\b321fbdc4107fc4548c3c57096988cdecd545a8b.pkl,1
D:\08_Dataset\Internal\mar2020\pickle_files\a9e3ea0c1820a258dad4fe904775e5dc65e47b70.pkl,1
D:\08_Dataset\Internal\mar2020\pickle_files\d687442af1b19f24af35a2ab94ae75a26c3a0cd6.pkl,1
D:\08_Dataset\Internal\mar2020\pickle_files\be7c387fef6181b717e7b8b900c69c2b87194127.pkl,1
D:\08_Dataset\Internal\mar2020\pickle_files\1d455974fd0beddf2c6d8d29caa2b198c190fcc0.pkl,1
D:\08_Dataset\Internal\mar2020\pickle_files\f835a4e425f69aeab549ef82a1fdb9f4add97133.pkl,1
D:\08_Dataset\Internal\mar2020\pickle_files\87444f3c627ad6c956e6782eff19a77a943b58ae.pkl,1
D:\08_Dataset\Internal\mar2020\pickle_files\f3134d77a7fbc9276cbce1161e774d68efa778dc.pkl,1
D:\08_Dataset\Internal\mar2020\pickle_files\f22d7f3d37ddcf0a0cbc7ccb57997df5d99cfbe3.pkl,1
D:\08_Dataset\Internal\mar2020\pickle_files\d4f3c280ab8f7bffb1259bfa0cb948fba68f1672.pkl,1
D:\08_Dataset\Internal\mar2020\pickle_files\5cc863c89f5fdbf74f5a9a8f9e692ea690299875.pkl,1
D:\08_Dataset\Internal\mar2020\pickle_files\acc4b83dd4cf6322a2d743739f48f39a1d99ce07.pkl,1
D:\08_Dataset\Internal\mar2020\pickle_files\1498407a76cadba7cd10f912ac3cb3bf7dcc695a.pkl,1
D:\08_Dataset\Internal\mar2020\pickle_files\fd083ac77e4d42e4b8d1161686299e072e260599.pkl,1
D:\08_Dataset\Internal\mar2020\pickle_files\53944047142d4ef3a4db1540cb78ce6f082cee93.pkl,1
D:\08_Dataset\Internal\mar2020\pickle_files\c58417722c0b741ea8d55d06914e692180900885.pkl,1
D:\08_Dataset\Internal\mar2020\pickle_files\d66ab3fcc073ab8834f20279cc616b3d3e35322c.pkl,1
D:\08_Dataset\Internal\mar2020\pickle_files\b7376a7d3f83957a27e842de09c3e88e967fb78c.pkl,1
D:\08_Dataset\Internal\mar2020\pickle_files\4f49682a53fb4ff87fa1f7b2789565df583ec9f8.pkl,1
D:\08_Dataset\Internal\mar2020\pickle_files\0910944b6ae59b66985bebf2a596a11c13934573.pkl,1
D:\08_Dataset\Internal\mar2020\pickle_files\af9de25b7721cf1af355f0c520153ca775a90ab0.pkl,1
D:\08_Dataset\Internal\mar2020\pickle_files\5661568735dcac6f3d89996f944af3945cee8005.pkl,1
D:\08_Dataset\Internal\mar2020\pickle_files\f8d5ccb46099b3dcb99330ab3a695c82ce27493e.pkl,1
D:\08_Dataset\Internal\mar2020\pickle_files\232a66a92fe8a1504de794c892f280ed749a9cc7.pkl,1
D:\08_Dataset\Internal\mar2020\pickle_files\362b43bb6936f3e41cdc1a5afe964910088e509e.pkl,1
D:\08_Dataset\Internal\mar2020\pickle_files\243a62beda1949afdfe7053aff7a5a46dbeb99a2.pkl,1
D:\08_Dataset\Internal\mar2020\pickle_files\5ccbf2fdf4c447bd9e102aa35c1bf3d133d091bf.pkl,1
D:\08_Dataset\Internal\mar2020\pickle_files\f0c04b575ef6872e43ac67e377829ade9b3a8823.pkl,1
D:\08_Dataset\Internal\mar2020\pickle_files\71f61cdeff8b5dfcddc154fc5325d1e92250ef78.pkl,1
D:\08_Dataset\Internal\mar2020\pickle_files\6091f206548fb07aa0f08de6706baa08d5dd9da5.pkl,1
D:\08_Dataset\Internal\mar2020\pickle_files\2c38b73239e1ef2c80cdf57978167d9487f00131.pkl,1
D:\08_Dataset\Internal\mar2020\pickle_files\f8af33bb36e637e2f43b45b1cb1333475fa41627.pkl,1
D:\08_Dataset\Internal\mar2020\pickle_files\837bf5c15c2b2183799d39e16e79591c35a09894.pkl,1
D:\08_Dataset\Internal\mar2020\pickle_files\9bb2ea2f3c0e3c69dc7e9e5bdba0260d09b0a747.pkl,1
D:\08_Dataset\Internal\mar2020\pickle_files\2a0a3a28e28d09a7193bfa1c97105b2dc0e4fd58.pkl,1
D:\08_Dataset\Internal\mar2020\pickle_files\7735cc1d034cd778d56105c222759eead68d6df1.pkl,1
D:\08_Dataset\Internal\mar2020\pickle_files\bf91df4797dbe7d6f1dcf6420f46d850740e7b65.pkl,1
D:\08_Dataset\Internal\mar2020\pickle_files\a19d713c4822094ae2cac365fb4374f2eab05f79.pkl,1
D:\08_Dataset\Internal\mar2020\pickle_files\b71cfef27dfeeeb89e09c8f2b4e2c72d453fa08a.pkl,1
D:\08_Dataset\Internal\mar2020\pickle_files\3436b900cc55ad64b7b1f4be5dc66cdfd8abae48.pkl,1
D:\08_Dataset\Internal\mar2020\pickle_files\2ec9b9897c031b656cee97edabad6eb69171baf7.pkl,1
D:\08_Dataset\Internal\mar2020\pickle_files\e43c4fcf677007ca0bc8bf5e60d474bac9e00c01.pkl,1
D:\08_Dataset\Internal\mar2020\pickle_files\19d702ff3e05ef0ee06b52978db6a667a2929b7c.pkl,1
D:\08_Dataset\Internal\mar2020\pickle_files\ba95d89fe27be5038c767cce710137ad3d7e066e.pkl,1
D:\08_Dataset\Internal\mar2020\pickle_files\d54f0690f54406fe057ed77c836e34993fc0a892.pkl,1
D:\08_Dataset\Internal\mar2020\pickle_files\f5bafe48abc69e329c5e3367f1b61acd4f4c788f.pkl,1
D:\08_Dataset\Internal\mar2020\pickle_files\74657d116551b15439767a2bd382cd76a3a9341c.pkl,1
D:\08_Dataset\Internal\mar2020\pickle_files\68315c9e8269626aa278f97c8b4c0a6febf435df.pkl,1
D:\08_Dataset\Internal\mar2020\pickle_files\7090681e51bd94ab3b8eb89098abaa6dab7da944.pkl,1
D:\08_Dataset\Internal\mar2020\pickle_files\cfa9ad110195b71a7808e6854b50e615e3942d4f.pkl,1
D:\08_Dataset\Internal\mar2020\pickle_files\1b6e4641b161ceb0ed6cbfbc0a90156e09cd86c0.pkl,1
D:\08_Dataset\Internal\mar2020\pickle_files\4ad105ae772f8a1c84535daea5d2af7df240dbee.pkl,1
D:\08_Dataset\Internal\mar2020\pickle_files\2d27ff4934e27109e2f7bc8a0555cee525731bb0.pkl,1
D:\08_Dataset\Internal\mar2020\pickle_files\f7dcbf0a0e6d2401e84eb1c513663902013beaa2.pkl,1
D:\08_Dataset\Internal\mar2020\pickle_files\5364d44aab0be59b63468033364462aebaa2f075.pkl,1
D:\08_Dataset\Internal\mar2020\pickle_files\3d0cc5a55d267077933603dced76fd010d89cd4b.pkl,1
D:\08_Dataset\Internal\mar2020\pickle_files\9e63fbc7a2eb6f84a0f5e2e5e7bf73b8264df02b.pkl,1
D:\08_Dataset\Internal\mar2020\pickle_files\f2e25a5545351554e6ae098fcd2e861774f845f4.pkl,1
D:\08_Dataset\Internal\mar2020\pickle_files\e2e3f2ae2cfbf51b5e3807ddf89bda1363db42fe.pkl,1
D:\08_Dataset\Internal\mar2020\pickle_files\44055f51c2843ce2c606409029ff191339e139a4.pkl,1
D:\08_Dataset\Internal\mar2020\pickle_files\bf6be57ea3e6bfbe40f1f3c8d15de9109e571cfb.pkl,1
D:\08_Dataset\Internal\mar2020\pickle_files\f141f96c19889ef3ec4f264584e741e54e4fd2e8.pkl,1
D:\08_Dataset\Internal\mar2020\pickle_files\ba62b30d95545820361f48bd6a2550467582ebde.pkl,1
D:\08_Dataset\Internal\mar2020\pickle_files\a75babbf3ed19e75ca445b77dfcda1a253eabc70.pkl,1
D:\08_Dataset\Internal\mar2020\pickle_files\397e3cb2556e00dac038b272a5c22f708654bc55.pkl,1
D:\08_Dataset\Internal\mar2020\pickle_files\3ea7e26253c5d6598d859b4394c55d62769dc218.pkl,1
D:\08_Dataset\Internal\mar2020\pickle_files\21a1531d15ed00bd722d4928c10688cdccf8a2bf.pkl,1
D:\08_Dataset\Internal\mar2020\pickle_files\1ef2c51ad6a73fedd913782dec9abc2cc6dd7c54.pkl,1
D:\08_Dataset\Internal\mar2020\pickle_files\caea9ddcacd2413b5565509ce0fb94864afe58bd.pkl,1
D:\08_Dataset\Internal\mar2020\pickle_files\d44caf2f43622f1db0dc1764adbaf4b79c56e507.pkl,1
D:\08_Dataset\Internal\mar2020\pickle_files\7ba86424d3417440d3db661da63eefaccc7d69a0.pkl,1
D:\08_Dataset\Internal\mar2020\pickle_files\6eec291676bd2076d3a90e8b7c931d0da485c605.pkl,1
D:\08_Dataset\Internal\mar2020\pickle_files\f9b4fbe43fa1c42ea6d5bcdcf869cdcfe968ecf0.pkl,1
D:\08_Dataset\Internal\mar2020\pickle_files\752c1eb9f2a36f1cbc28e3244af6533aec2cb592.pkl,1
D:\08_Dataset\Internal\mar2020\pickle_files\a054a215e832d151fe51cf01cfd7350b14ce7d28.pkl,1
D:\08_Dataset\Internal\mar2020\pickle_files\21a60272b92ff466f4c15f8ce5ac7a158949dff3.pkl,1
D:\08_Dataset\Internal\mar2020\pickle_files\f79f9f35e9b575a20b6580ab9e64b02be8cb4050.pkl,1
D:\08_Dataset\Internal\mar2020\pickle_files\fd8dde5084db2ec72ecd22350340987ab9deaaed.pkl,1
D:\08_Dataset\Internal\mar2020\pickle_files\fef068cac842883bae62dfb7f2a6463d5472547b.pkl,1
D:\08_Dataset\Internal\mar2020\pickle_files\41d37dde78e2d24846ea33eaec73d8d35b715c77.pkl,1
D:\08_Dataset\Internal\mar2020\pickle_files\8647b5e49e100e027787987fa038a8bec4c3dc26.pkl,1
D:\08_Dataset\Internal\mar2020\pickle_files\2a16253898e821115a9f8c4d2259a701e36c38fc.pkl,1
D:\08_Dataset\Internal\mar2020\pickle_files\fc4017d378792c5ce5aaa392070f2cfe37ef325d.pkl,1
D:\08_Dataset\Internal\mar2020\pickle_files\9654b104a2fec39246f2be13c7ddbb954acd7e56.pkl,1
D:\08_Dataset\Internal\mar2020\pickle_files\c9a15efc080a03bb17c78d82afff58be6cf99d4b.pkl,1
D:\08_Dataset\Internal\mar2020\pickle_files\4a4e8c59507133bc857cb659e218caee9dd78866.pkl,1
D:\08_Dataset\Internal\mar2020\pickle_files\feef1814db5eb444d96a2f8e9f7632082c1e0d3c.pkl,1
D:\08_Dataset\Internal\mar2020\pickle_files\b919d03a5b5b5e69da591e0e30841a9099cdb527.pkl,1
D:\08_Dataset\Internal\mar2020\pickle_files\765bd59863a0275415f78ac9624ceb7a1b4c1c64.pkl,1
D:\08_Dataset\Internal\mar2020\pickle_files\877ce233e56cad4b5d93bba9d3b30e226a6b1d20.pkl,1
D:\08_Dataset\Internal\mar2020\pickle_files\573a2418a8f827d5b02f449cb1327e7c2fdb4fd4.pkl,1
D:\08_Dataset\Internal\mar2020\pickle_files\e1f095647fc46a8ddc3bb62331a7ce3885c9716d.pkl,1
D:\08_Dataset\Internal\mar2020\pickle_files\764b0a56b6244514f6dd6db8b976a77c756f9041.pkl,1
D:\08_Dataset\Internal\mar2020\pickle_files\436aff53d147c5f6259984d4c17b0b84402a3771.pkl,1
D:\08_Dataset\Internal\mar2020\pickle_files\fcb61b561c2cd0a336316b13d397f0a013763bac.pkl,1
D:\08_Dataset\Internal\mar2020\pickle_files\c8b5253651229e488308021a195a76b8252807e5.pkl,1
D:\08_Dataset\Internal\mar2020\pickle_files\3cf82183e06872d06996747c75e8675b30b30a71.pkl,1
D:\08_Dataset\Internal\mar2020\pickle_files\ee19838ae9fa076e40f0e4afbb531e426940d7de.pkl,1
D:\08_Dataset\Internal\mar2020\pickle_files\99210a7306fcd7aead7f359d064fac9577bb7038.pkl,1
D:\08_Dataset\Internal\mar2020\pickle_files\b80bb2f9097968bb01d52723ba0bd4321c76c035.pkl,1
D:\08_Dataset\Internal\mar2020\pickle_files\1b07234e3fffa4f88ddaae4563a1708463c369d4.pkl,1
D:\08_Dataset\Internal\mar2020\pickle_files\e3dfb19e94754faa8f1e08d8c4fe8694cb022fa6.pkl,1
D:\08_Dataset\Internal\mar2020\pickle_files\80d32e08c25929ea01ea5e4f6b76ac487a2947ac.pkl,1
D:\08_Dataset\Internal\mar2020\pickle_files\d5c82d5a500fd25b8dbee93d2c82370b73a47c40.pkl,1
D:\08_Dataset\Internal\mar2020\pickle_files\bdc53a5f69da7cb5332d7742183a6dc9630e8bda.pkl,1
D:\08_Dataset\Internal\mar2020\pickle_files\16e95e049d9e1e90cae54c955b35fab45a84b1a0.pkl,1
D:\08_Dataset\Internal\mar2020\pickle_files\49d20d5c6bc9b45f525e72574def12d688357d2f.pkl,1
D:\08_Dataset\Internal\mar2020\pickle_files\14183ec99e5a38910a14f05a24f03096de7e132a.pkl,1
D:\08_Dataset\Internal\mar2020\pickle_files\4b9bdd5725185fc8e5ee0d86e8ed8f135197808c.pkl,1
D:\08_Dataset\Internal\mar2020\pickle_files\2b80722ba932dc97442eb20168d3798ec3600eb7.pkl,1
D:\08_Dataset\Internal\mar2020\pickle_files\125df20e5591b004d6f865827b6237a73b671fa2.pkl,1
D:\08_Dataset\Internal\mar2020\pickle_files\601ee8b6fbb9d7cab867de8da4c5e0227782d556.pkl,1
D:\08_Dataset\Internal\mar2020\pickle_files\4e3ed7bc4e1eeab3542a3f195e38523bc9c73fda.pkl,1
D:\08_Dataset\Internal\mar2020\pickle_files\e4980204b989e8df0e924031fc7eece7585ab781.pkl,1
D:\08_Dataset\Internal\mar2020\pickle_files\d0a8f0eeb011c6a006f2e3aacfe7e293a3474674.pkl,1
D:\08_Dataset\Internal\mar2020\pickle_files\97b1535f4c24fa50def54e36d4baab40f3047a9b.pkl,1
D:\08_Dataset\Internal\mar2020\pickle_files\1cfe5bc2b242b7f63d2e65e38807dbd95470333d.pkl,1
D:\08_Dataset\Internal\mar2020\pickle_files\b194012d9cd0b1cf6adc9a0d8e441953d0ae65be.pkl,1
D:\08_Dataset\Internal\mar2020\pickle_files\827a5e4336fbe4193d6c75c00ef24ae6da5d7724.pkl,1
D:\08_Dataset\Internal\mar2020\pickle_files\4f663ad6f423fa7678b8754196dd0aef640ab12d.pkl,1
D:\08_Dataset\Internal\mar2020\pickle_files\5afd47e0081fa283d14364397fe5b4776687c8fe.pkl,1
D:\08_Dataset\Internal\mar2020\pickle_files\956823e496fceabb916be33fb9e2842c9c9dee3a.pkl,1
D:\08_Dataset\Internal\mar2020\pickle_files\930c44e175e5b0e9a882c9b11caec83ee60087d2.pkl,1
D:\08_Dataset\Internal\mar2020\pickle_files\19323993a5240c642ea4dcfdb3d8c320e11d2dcb.pkl,1
D:\08_Dataset\Internal\mar2020\pickle_files\cf1e3d7c2d22efeef79c6836969390be7f2c17d1.pkl,1
D:\08_Dataset\Internal\mar2020\pickle_files\9eece5168f3337f7c0c6462c04c256efb4d06777.pkl,1
D:\08_Dataset\Internal\mar2020\pickle_files\c86f0f2210ba2bf41b4defa5987bc518c1101e9d.pkl,1
D:\08_Dataset\Internal\mar2020\pickle_files\24c50101c32b2ccecdae923b5e58c1c4fc1bcc99.pkl,1
D:\08_Dataset\Internal\mar2020\pickle_files\6a2f7bd3c7a6cb656519815efa1c08183e550598.pkl,1
D:\08_Dataset\Internal\mar2020\pickle_files\29403e8818f983401d7a19d4eb3e5b6eb7d24d40.pkl,1
D:\08_Dataset\Internal\mar2020\pickle_files\0e1809da68079fd1cde44d9d0e38e515032d4084.pkl,1
D:\08_Dataset\Internal\mar2020\pickle_files\131c2dcfdd949c1a1fcf4e8c011ad91447d6a0ca.pkl,1
D:\08_Dataset\Internal\mar2020\pickle_files\47044aabad9c8ca0f2ad396062432d3d918460d8.pkl,1
D:\08_Dataset\Internal\mar2020\pickle_files\296566c99f662f44e596fc0f20a61b5aed25e7ba.pkl,1
D:\08_Dataset\Internal\mar2020\pickle_files\cf00f95f1f03a9291b3975ddfebe0200f3b48a41.pkl,1
D:\08_Dataset\Internal\mar2020\pickle_files\94faad88a71c1c96e31da7a1901306fc06d14175.pkl,1
D:\08_Dataset\Internal\mar2020\pickle_files\fac743ff69b600fab8719b040ca1d28edbaecef1.pkl,1
D:\08_Dataset\Internal\mar2020\pickle_files\6d0e8b88130b9290391b87a3809d5513848f5e70.pkl,1
D:\08_Dataset\Internal\mar2020\pickle_files\f4e4d645669ae95f95e9d298246f9ac3c20e279b.pkl,1
D:\08_Dataset\Internal\mar2020\pickle_files\37aed8c718838f40dd36384fdb54b1c2e5850289.pkl,1
D:\08_Dataset\Internal\mar2020\pickle_files\6a1c04734ff1bacaf0d033a6b335811b4f9fdfb7.pkl,1
D:\08_Dataset\Internal\mar2020\pickle_files\35d8d1b0a1d18693e1c6662eb2005508b1ea4d7b.pkl,1
D:\08_Dataset\Internal\mar2020\pickle_files\6f0a42a299035bfdab020049636988a85688c464.pkl,1
D:\08_Dataset\Internal\mar2020\pickle_files\ce3518560d02d94cc95aff53124a1d3422ba8816.pkl,1
D:\08_Dataset\Internal\mar2020\pickle_files\68b6a0d1070f5d21a0947a0f0ceae9bd3b1125e4.pkl,1
D:\08_Dataset\Internal\mar2020\pickle_files\c3ebf161c6af361d47bcf4ff9237483471a1fc7f.pkl,1
D:\08_Dataset\Internal\mar2020\pickle_files\efa5dc51963ebf72a9ab8c0a841e8ab5fb0f772e.pkl,1
D:\08_Dataset\Internal\mar2020\pickle_files\50f30110255cb32f037f6927c2637abf7a231d81.pkl,1
D:\08_Dataset\Internal\mar2020\pickle_files\abc2abd21b529757b2a181beb3f23a7011c605f4.pkl,1
D:\08_Dataset\Internal\mar2020\pickle_files\e177a373f2ec35c9b13557882fc45f4bef93312d.pkl,1
D:\08_Dataset\Internal\mar2020\pickle_files\46fbb479114ced8b42b29882744738fdd7cbe3e7.pkl,1
D:\08_Dataset\Internal\mar2020\pickle_files\19ec6983a31b1d1b81352223815c0511b70ba2fa.pkl,1
D:\08_Dataset\Internal\mar2020\pickle_files\657fb78b59f2b92758ee5fc33d581435eb21aff0.pkl,1
D:\08_Dataset\Internal\mar2020\pickle_files\b9e55224c723a8e73b5343f35b94db45861e9a43.pkl,1
D:\08_Dataset\Internal\mar2020\pickle_files\18784c16510aeb37f980dd2a1f4ce6987019b208.pkl,1
D:\08_Dataset\Internal\mar2020\pickle_files\488bd66eca10e9a8059a6779c03d52c09766aa84.pkl,1
D:\08_Dataset\Internal\mar2020\pickle_files\ab75536d5ad90ac2042a13ceb078f75a06f94eab.pkl,1
D:\08_Dataset\Internal\mar2020\pickle_files\f9b69549943ff48747a6a3ff6f71616a728ae583.pkl,1
D:\08_Dataset\Internal\mar2020\pickle_files\1a69f8de06b08a307c3a4aebd10d361f29e377ee.pkl,1
D:\08_Dataset\Internal\mar2020\pickle_files\a57656d9fb3bef93ea5d566ce0dccd9cb9f13015.pkl,1
D:\08_Dataset\Internal\mar2020\pickle_files\e82bea0d3eec779fa8a56f14f45e04394716a557.pkl,1
D:\08_Dataset\Internal\mar2020\pickle_files\37ddaeb9c708cb09405abc4598087f51ec97aead.pkl,1
D:\08_Dataset\Internal\mar2020\pickle_files\d46bdb703c792f1da850e3545d184c6a7d923865.pkl,1
D:\08_Dataset\Internal\mar2020\pickle_files\538063a3f26f7551a7e3ae0de88f2765431645ed.pkl,1
D:\08_Dataset\Internal\mar2020\pickle_files\1cdfb548eba008a3f30aec585b367efca9667898.pkl,1
D:\08_Dataset\Internal\mar2020\pickle_files\2ee0f68ffb894e347ca0031bd2ac2a1c5a37fbb8.pkl,1
D:\08_Dataset\Internal\mar2020\pickle_files\f42deb338f08c03cbba3ae008a27d5ad534e8bbb.pkl,1
D:\08_Dataset\Internal\mar2020\pickle_files\44a5e17e87b704e86fd5c0e986343043db7719f9.pkl,1
D:\08_Dataset\Internal\mar2020\pickle_files\a8067ef3ae796223801636ad6bd172dabdb5ab0c.pkl,1
D:\08_Dataset\Internal\mar2020\pickle_files\ed9a8d662479dcca58099a7e48350d268a839cf7.pkl,1
D:\08_Dataset\Internal\mar2020\pickle_files\3fe928667e552bcdb2a013479cbd45a2e0665478.pkl,1
D:\08_Dataset\Internal\mar2020\pickle_files\7672d2dbafedec99fb1212ee0a0ae6fc67244b96.pkl,1
D:\08_Dataset\Internal\mar2020\pickle_files\1044939e31a11cb5e73d431df4b53452f97bf2bc.pkl,1
D:\08_Dataset\Internal\mar2020\pickle_files\f0a782680d38d46fb24bc1927d9beabab7e0e5b6.pkl,1
D:\08_Dataset\Internal\mar2020\pickle_files\c67f0971f3bf7ac77107caaf5ad000e0c46f3121.pkl,1
D:\08_Dataset\Internal\mar2020\pickle_files\812aca323c0074e19b87f316b479f6c191676c5a.pkl,1
D:\08_Dataset\Internal\mar2020\pickle_files\6f555273f5679bac7160c03b012828fe45d8e8d7.pkl,1
D:\08_Dataset\Internal\mar2020\pickle_files\1997780f6bd7cb0210e28a57b0a7b73f7619196f.pkl,1
D:\08_Dataset\Internal\mar2020\pickle_files\71549dd4fa8ec74d2735d593c01f922a81a5780d.pkl,1
D:\08_Dataset\Internal\mar2020\pickle_files\708a82319db5657714f422b099e060bf061213e9.pkl,1
D:\08_Dataset\Internal\mar2020\pickle_files\56d59e116e383456fbfeb38ea3004ae9799d4807.pkl,1
D:\08_Dataset\Internal\mar2020\pickle_files\c79a4634128cc7d2a1d73aa9e92a9fa8bfeb8424.pkl,1
D:\08_Dataset\Internal\mar2020\pickle_files\2a3f3121479ae13475820922f27b5c84dd94741f.pkl,1
D:\08_Dataset\Internal\mar2020\pickle_files\d151572244f67c44b049bd6abbcc15b92328e43c.pkl,1
D:\08_Dataset\Internal\mar2020\pickle_files\b24bea21e10e6838aaeef3f7c343da821f5ed988.pkl,1
D:\08_Dataset\Internal\mar2020\pickle_files\dcf977cf831ad200d684a290b500ad6763eb42a4.pkl,1
D:\08_Dataset\Internal\mar2020\pickle_files\cb9b76cf046a21b7d4b4331a142607aa3424ce0f.pkl,1
D:\08_Dataset\Internal\mar2020\pickle_files\bfc61b3d9242b0496841f4192ea0321efc155e49.pkl,1
D:\08_Dataset\Internal\mar2020\pickle_files\1a242276bfb5f7ae5ee7d3587d66f891d8c856a8.pkl,1
D:\08_Dataset\Internal\mar2020\pickle_files\cd051b2a3e77d0132ff7de8f27c98bb22b52bc87.pkl,1
D:\08_Dataset\Internal\mar2020\pickle_files\b6d83b540583ead0c108053ff19cc13c6f70a6cb.pkl,1
D:\08_Dataset\Internal\mar2020\pickle_files\ab1a2143540a74edcf91f8c78cc30d80bbf88067.pkl,1
D:\08_Dataset\Internal\mar2020\pickle_files\290c57fc4739fb5898524d4195d22e4056d75a3e.pkl,1
D:\08_Dataset\Internal\mar2020\pickle_files\c4284ef90560a4f2f1f23ff123563365be9e77a0.pkl,1
D:\08_Dataset\Internal\mar2020\pickle_files\696883897bc2982f1564fc799b36de93f3fcba06.pkl,1
D:\08_Dataset\Internal\mar2020\pickle_files\935682985c95f525ec0cae57a957ef83f56ac5f3.pkl,1
D:\08_Dataset\Internal\mar2020\pickle_files\279a5ca118f055c867e336e2edd7d626016e9d91.pkl,1
D:\08_Dataset\Internal\mar2020\pickle_files\12776a02a21545a8959c90c88eb395880ea703e2.pkl,1
D:\08_Dataset\Internal\mar2020\pickle_files\f0bb97e537af2fb12a12042012d1a057c8509a37.pkl,1
D:\08_Dataset\Internal\mar2020\pickle_files\f454a2c5aacc7a50bdcafb1c892b658bc48f7e86.pkl,1
D:\08_Dataset\Internal\mar2020\pickle_files\f830aadb49510711543131df9bfda1e9f143b73c.pkl,1
D:\08_Dataset\Internal\mar2020\pickle_files\c1f21c46e5c36513bffd4a16c651c928d37f12bc.pkl,1
D:\08_Dataset\Internal\mar2020\pickle_files\847af7d28661ccdca59aadbd41b6e1932483435e.pkl,1
D:\08_Dataset\Internal\mar2020\pickle_files\11df49f39ef092c5abe8be374481e39bbb89c204.pkl,1
D:\08_Dataset\Internal\mar2020\pickle_files\11e72448912e10461dd4a8e29cddeeb6c351e137.pkl,1
D:\08_Dataset\Internal\mar2020\pickle_files\2584716f8289bb7643e8f35a3edb92462683fa6d.pkl,1
D:\08_Dataset\Internal\mar2020\pickle_files\b52d2731edac4d524f8af79b8cf63bc2ebdc8ea3.pkl,1
D:\08_Dataset\Internal\mar2020\pickle_files\d4e2b354b6206bfbe1f4e536df8e107d33be3488.pkl,1
D:\08_Dataset\Internal\mar2020\pickle_files\8423af8c1b76d12e66f8ffaec5412e3a6943820f.pkl,1
D:\08_Dataset\Internal\mar2020\pickle_files\0bc7532e6780d331de5f222ebe92bdf89f2c4ff7.pkl,1
D:\08_Dataset\Internal\mar2020\pickle_files\6440ef604d31a987d6d63996033028fa2790a833.pkl,1
D:\08_Dataset\Internal\mar2020\pickle_files\b094a9fd58b7ad8ccd04663562c282ff4726357f.pkl,1
D:\08_Dataset\Internal\mar2020\pickle_files\b8926038b72d688f820df342bfac33fbacb62f54.pkl,1
D:\08_Dataset\Internal\mar2020\pickle_files\988b724d348400c10ab877dba7d2c37092ba0475.pkl,1
D:\08_Dataset\Internal\mar2020\pickle_files\c2c4bc91f17b13bd7e062508d9b67d22ae30d1f3.pkl,1
D:\08_Dataset\Internal\mar2020\pickle_files\80ff9d1c3a7f3bb1ba8fa329a2b3abc4b78d92ba.pkl,1
D:\08_Dataset\Internal\mar2020\pickle_files\5358ec953c9aaa2bfa9d9837bf43f64e69e48c79.pkl,1
D:\08_Dataset\Internal\mar2020\pickle_files\3a72204bcf700edb345b191339ac0569a84fb137.pkl,1
D:\08_Dataset\Internal\mar2020\pickle_files\9442949c9a704e3febd21ab1d962e2483c43431e.pkl,1
D:\08_Dataset\Internal\mar2020\pickle_files\9224b453d3fc15482c84d8f2e9977878816830c1.pkl,1
D:\08_Dataset\Internal\mar2020\pickle_files\f1897b0d7fbb8e2f7aea871803d9816335d8c445.pkl,1
D:\08_Dataset\Internal\mar2020\pickle_files\f2a9d4b4d84dc094449de1b002ca1e0b3f1cdaee.pkl,1
D:\08_Dataset\Internal\mar2020\pickle_files\02faddce8b19bc1336eca6d248aaaf2c98c46338.pkl,1
D:\08_Dataset\Internal\mar2020\pickle_files\ce0e38b428a59081ce718c422185ce18734e5911.pkl,1
D:\08_Dataset\Internal\mar2020\pickle_files\7e4cf5afe8f07c4348b46dc3af0d207d2c8ff0f0.pkl,1
D:\08_Dataset\Internal\mar2020\pickle_files\5e3108a41970285c693d1e490c75143c3eed6159.pkl,1
D:\08_Dataset\Internal\mar2020\pickle_files\8be94681a19c945c4cc858fd1ec423d8d82be8d0.pkl,1
D:\08_Dataset\Internal\mar2020\pickle_files\952e0a93af420a2606861000e3e0d32e2ad72cf9.pkl,1
D:\08_Dataset\Internal\mar2020\pickle_files\b18c3557932b78bcfe8c997ef899780e8334c2a9.pkl,1
D:\08_Dataset\Internal\mar2020\pickle_files\dc9112cfba107facf660c688dd59787ee173443b.pkl,1
D:\08_Dataset\Internal\mar2020\pickle_files\19ff5fbff4437b0fa1f4b7cf6ceeaf203d6a5c54.pkl,1
D:\08_Dataset\Internal\mar2020\pickle_files\de9e80ae53af6b6d0027a91979f56f36ac783556.pkl,1
D:\08_Dataset\Internal\mar2020\pickle_files\3f52c845013d29c8b21ec456601828ff765f47bf.pkl,1
D:\08_Dataset\Internal\mar2020\pickle_files\8aa420d114a356af063a99055c2c4f874aecec49.pkl,1
D:\08_Dataset\Internal\mar2020\pickle_files\f43a01cf313e779e24c435b134ef15c0cbf43fff.pkl,1
D:\08_Dataset\Internal\mar2020\pickle_files\f20f4dbd577064ca58ad20b8d8a08ee5c4f20540.pkl,1
D:\08_Dataset\Internal\mar2020\pickle_files\fc0b0ad1580d4c6160ef06158a7446041a5815e2.pkl,1
D:\08_Dataset\Internal\mar2020\pickle_files\51dfeed19309918654fc2996af40f3a2783d461f.pkl,1
D:\08_Dataset\Internal\mar2020\pickle_files\a590475432da9b8ebd473221cc171a57a67c943e.pkl,1
D:\08_Dataset\Internal\mar2020\pickle_files\499902a9499182119e650b5659e8af3bbff7aef6.pkl,1
D:\08_Dataset\Internal\mar2020\pickle_files\17983d27eedb12f54b1faedfebc40440a3695b37.pkl,1
D:\08_Dataset\Internal\mar2020\pickle_files\e300078f02f1a63bbe5a83f1d61ea9b24d5384de.pkl,1
D:\08_Dataset\Internal\mar2020\pickle_files\6c943873c45dd01e0fe1fcf742a35b4b8a5d8315.pkl,1
D:\08_Dataset\Internal\mar2020\pickle_files\5b2ef062814d8f233f1f24b6b55ccd24e647684f.pkl,1
D:\08_Dataset\Internal\mar2020\pickle_files\b882092e69bd2cdbca3ab78cb5545dd1651659ae.pkl,1
D:\08_Dataset\Internal\mar2020\pickle_files\ae7963d785717f7bfa10cd5c40bfb16db053463f.pkl,1
D:\08_Dataset\Internal\mar2020\pickle_files\979e1e3fee866731035bcddb55397d4e18bf7a09.pkl,1
D:\08_Dataset\Internal\mar2020\pickle_files\b2746c9549d8f4c791db7bca96d46af7ac00d34f.pkl,1
D:\08_Dataset\Internal\mar2020\pickle_files\ee00ed56aabcae00862ab3d65eb5490a85a28513.pkl,1
D:\08_Dataset\Internal\mar2020\pickle_files\8a3990e3d192de14bf332f811f3ef056bea2c097.pkl,1
D:\08_Dataset\Internal\mar2020\pickle_files\a94ec4fd92fc8bb0d3b7423b86c05706136e8f64.pkl,1
D:\08_Dataset\Internal\mar2020\pickle_files\afc5edcf956ce552dc72a399c8dcc745d076309d.pkl,1
D:\08_Dataset\Internal\mar2020\pickle_files\a0e9fee653c3acc4dd49c33ee652313802f4882d.pkl,1
D:\08_Dataset\Internal\mar2020\pickle_files\727b877f8260421655bd44897e9225cd6aadc723.pkl,1
D:\08_Dataset\Internal\mar2020\pickle_files\5da61a87b23900a714d311bbb4e07dd5418e4040.pkl,1
D:\08_Dataset\Internal\mar2020\pickle_files\b4eaa7ecfc30c22ba461cdaabf647f186da5159c.pkl,1
D:\08_Dataset\Internal\mar2020\pickle_files\18c00ce2b571c61d30afb02cd1e5b5c528d9a7b9.pkl,1
D:\08_Dataset\Internal\mar2020\pickle_files\d90eb146d00858c0a60dd3e29f029fddeee7d2e6.pkl,1
D:\08_Dataset\Internal\mar2020\pickle_files\3941213921f3b827845d0fb3f562e21f9ffe0325.pkl,1
D:\08_Dataset\Internal\mar2020\pickle_files\faa195539c9aeed23f89b93b99fb049467e2c424.pkl,1
D:\08_Dataset\Internal\mar2020\pickle_files\a727a61e121fc4a273f275d7e06373fc360d168f.pkl,1
D:\08_Dataset\Internal\mar2020\pickle_files\2aaaf579566bea4d7102bbc906939d624bfcb1ba.pkl,1
D:\08_Dataset\Internal\mar2020\pickle_files\5bb0d685f6b921c496423aef9dfe94b06cf76e4e.pkl,1
D:\08_Dataset\Internal\mar2020\pickle_files\35c5884c3b911ef072643713b15e4a7be144dca7.pkl,1
D:\08_Dataset\Internal\mar2020\pickle_files\081c0d4f13f2042377f82970aea46a385233902c.pkl,1
D:\08_Dataset\Internal\mar2020\pickle_files\9d95e01cb46243504637b0ddb82e8ab23c1f35fe.pkl,1
D:\08_Dataset\Internal\mar2020\pickle_files\f5c77cbb8303f09d69011f3fd06f7c12944a0524.pkl,1
D:\08_Dataset\Internal\mar2020\pickle_files\03dabf127b46f6e6783f9fa3ec9d9167f9dfeecd.pkl,1
D:\08_Dataset\Internal\mar2020\pickle_files\faaf03951cfc27692ac8ce583eeb362c42dddd1f.pkl,1
D:\08_Dataset\Internal\mar2020\pickle_files\ee2b430f4633cd1d88ba9f1c4a526c9412d972a8.pkl,1
D:\08_Dataset\Internal\mar2020\pickle_files\281068f2504178c9db1aea942ae0748f2140a0e5.pkl,1
D:\08_Dataset\Internal\mar2020\pickle_files\69ff8ff04c0c19595d16aa27896e296d6ecd7673.pkl,1
D:\08_Dataset\Internal\mar2020\pickle_files\580c7e3c315925091909330875d4452da00d1da4.pkl,1
D:\08_Dataset\Internal\mar2020\pickle_files\1f8fa812eab71408e1355fb457f7b9570aad771b.pkl,1
D:\08_Dataset\Internal\mar2020\pickle_files\c08218c3baaf8e69ef8e9533f883844a624209c8.pkl,1
D:\08_Dataset\Internal\mar2020\pickle_files\c67c9b59c959284194150f3aa01dafec9fb4e0d4.pkl,1
D:\08_Dataset\Internal\mar2020\pickle_files\d0a89d4eda22081988177d0c8f667737cd11ab4f.pkl,1
D:\08_Dataset\Internal\mar2020\pickle_files\7ec5cde3bad627c05f8db3d5a63a3b9145035577.pkl,1
D:\08_Dataset\Internal\mar2020\pickle_files\a1d3ef954419697bef4a4b3f9aab411ec67e0465.pkl,1
D:\08_Dataset\Internal\mar2020\pickle_files\bde535dfdb614ae3136488083f32a0b8cea7b809.pkl,1
D:\08_Dataset\Internal\mar2020\pickle_files\bad6c02af978f971daa1343dede078bfa0d9d86b.pkl,1
D:\08_Dataset\Internal\mar2020\pickle_files\ba4c75e4538b947777dcdf1719f5a55e7ca8c3db.pkl,1
D:\08_Dataset\Internal\mar2020\pickle_files\b127526e58dea84adb506a6d04a0e5e42feebe4b.pkl,1
D:\08_Dataset\Internal\mar2020\pickle_files\0b17725334b17293cb2096e75d8d00f3de332388.pkl,1
D:\08_Dataset\Internal\mar2020\pickle_files\dd876b2f7cd70a02b1627ba9690255d96d8f975e.pkl,1
D:\08_Dataset\Internal\mar2020\pickle_files\5331cc54291c3d661ffccaf85da1101fc05fcc16.pkl,1
D:\08_Dataset\Internal\mar2020\pickle_files\6577ebad23eec65b05ea3ae850496d9a7781ccaf.pkl,1
D:\08_Dataset\Internal\mar2020\pickle_files\4f388ba545aac1f05c0228cc69075b731cd5f64e.pkl,1
D:\08_Dataset\Internal\mar2020\pickle_files\c0f037556aac480efc829da2430619553125bd07.pkl,1
D:\08_Dataset\Internal\mar2020\pickle_files\878201ffb51f88c028ecd20621931a92aacd6c44.pkl,1
D:\08_Dataset\Internal\mar2020\pickle_files\fec0ee20cce30de4024c2018775ab8405c044739.pkl,1
D:\08_Dataset\Internal\mar2020\pickle_files\5209bd5c353c7e2d152609d5d4992d18bafe8258.pkl,1
D:\08_Dataset\Internal\mar2020\pickle_files\04420c719736eb39c8c77fbaf983cddacce99cab.pkl,1
D:\08_Dataset\Internal\mar2020\pickle_files\ee10d47202606cfbfacebc76e5a3e76e37697366.pkl,1
D:\08_Dataset\Internal\mar2020\pickle_files\58894cfec22bc846922bc06019bd43e47ff95abd.pkl,1
D:\08_Dataset\Internal\mar2020\pickle_files\027d555c8dc9ae5015075cfec71fa1efc74a5964.pkl,1
D:\08_Dataset\Internal\mar2020\pickle_files\00eb60184717318daa621bd25240bc86ff40633c.pkl,1
D:\08_Dataset\Internal\mar2020\pickle_files\47f17255a854721fe115d60f2048bc7918cb8253.pkl,1
D:\08_Dataset\Internal\mar2020\pickle_files\6eee2e0af9246fdf7ff1cf8eb2c8c4836054a98d.pkl,1
D:\08_Dataset\Internal\mar2020\pickle_files\6a048e5dbbff4d77e166e96b966d67b140b406f0.pkl,1
D:\08_Dataset\Internal\mar2020\pickle_files\cec5482dae579f78ca1b2dd2dec5a9fb699b0c83.pkl,1
D:\08_Dataset\Internal\mar2020\pickle_files\e2282280642215d743b10b64ceb4a2474d02e62e.pkl,1
D:\08_Dataset\Internal\mar2020\pickle_files\416ef0a0cbe27b7efd2de70cc19aa64c8c8bac7b.pkl,1
D:\08_Dataset\Internal\mar2020\pickle_files\1536d597ce6172641b12deaacb63a9edbb0fbc7f.pkl,1
D:\08_Dataset\Internal\mar2020\pickle_files\721f7860be41ec7f012eb8da7698add3304a8e25.pkl,1
D:\08_Dataset\Internal\mar2020\pickle_files\88e591989518a0529a5ef01c079beb9e33e7b502.pkl,1
D:\08_Dataset\Internal\mar2020\pickle_files\2b202b68c6a202110b30853eb4e5aa8134ae9ba3.pkl,1
D:\08_Dataset\Internal\mar2020\pickle_files\f9cf77dcf10916cac6e95b48d0107f718fa02ed7.pkl,1
D:\08_Dataset\Internal\mar2020\pickle_files\38cd892363980358fcc12e47201cf6f76c930b09.pkl,1
D:\08_Dataset\Internal\mar2020\pickle_files\5e14e6b19dfdf679a0d0ea54f8c8ef2ba50325ad.pkl,1
D:\08_Dataset\Internal\mar2020\pickle_files\a9119c21556e99f08d5aa26d71be209964922036.pkl,1
D:\08_Dataset\Internal\mar2020\pickle_files\a1f5599dafda8d878f7d0cadc0c2589238e9709f.pkl,1
D:\08_Dataset\Internal\mar2020\pickle_files\427fc3d0b67f6a5d6bfb6280e672611c4eb582e2.pkl,1
D:\08_Dataset\Internal\mar2020\pickle_files\d2bf7af114034deb4fef4aea9eef8b8fcd9a922d.pkl,1
D:\08_Dataset\Internal\mar2020\pickle_files\dd047e3cd18820e392d9837ddaf28d03e1b12461.pkl,1
D:\08_Dataset\Internal\mar2020\pickle_files\4740d97b98b8c3f43ac53cc21f395f2aee207672.pkl,1
D:\08_Dataset\Internal\mar2020\pickle_files\191139cbe1089af11eed515c6428a62854c8e17c.pkl,1
D:\08_Dataset\Internal\mar2020\pickle_files\a605e31d3cf3395ed2bb78a0dc72d68495de3697.pkl,1
D:\08_Dataset\Internal\mar2020\pickle_files\29daed8d3013f44e074508de2aa632808c045902.pkl,1
D:\08_Dataset\Internal\mar2020\pickle_files\34a3d2643a85ca8e9538a53594a1a233f6fb6a29.pkl,1
D:\08_Dataset\Internal\mar2020\pickle_files\f77d67b95833cf6685387cceaa30bb05b234ee55.pkl,1
D:\08_Dataset\Internal\mar2020\pickle_files\4a1915d4d3cdc92df35e9f6c0b3736aa6b971891.pkl,1
D:\08_Dataset\Internal\mar2020\pickle_files\d135ea5cbdd60a9c543d3eeff304194ead1f359e.pkl,1
D:\08_Dataset\Internal\mar2020\pickle_files\57d9d404dd1ff9c1459510dd345c43d0a80c6a4f.pkl,1
D:\08_Dataset\Internal\mar2020\pickle_files\e124b551239434f9016876b50ead2fc49f46da32.pkl,1
D:\08_Dataset\Internal\mar2020\pickle_files\886bfec926bcdbc6641b5fb3627ecf33ca817eea.pkl,1
D:\08_Dataset\Internal\mar2020\pickle_files\6638a353336e9953b5c003ce90f1dfc496fee191.pkl,1
D:\08_Dataset\Internal\mar2020\pickle_files\333dd53e4b480d646ab3d7d080359dbcccbe4928.pkl,1
D:\08_Dataset\Internal\mar2020\pickle_files\de638870498679c1763f9a17732837b678f6ef79.pkl,1
D:\08_Dataset\Internal\mar2020\pickle_files\c34d6e62376aedfadb2b58e73430943d5edccb54.pkl,1
D:\08_Dataset\Internal\mar2020\pickle_files\89d5ac83c4be0cef4700b927bc6540f4be92b112.pkl,1
D:\08_Dataset\Internal\mar2020\pickle_files\9706dcad943d583e90f8ad96da2465aa688419db.pkl,1
D:\08_Dataset\Internal\mar2020\pickle_files\7563691c1c72e4aa099e236f89a4debe80a28029.pkl,1
D:\08_Dataset\Internal\mar2020\pickle_files\99a7c6eb7591b5d6b8210cda31170b346c735398.pkl,1
D:\08_Dataset\Internal\mar2020\pickle_files\c8bb2d9ba226d649e084d74e3c1c221b90970165.pkl,1
D:\08_Dataset\Internal\mar2020\pickle_files\c1bc8a45e4cfa9bf449ea0c0982b160829ddde61.pkl,1
D:\08_Dataset\Internal\mar2020\pickle_files\54cdd5c3184db5ecb2280801ccb770447200f0e2.pkl,1
D:\08_Dataset\Internal\mar2020\pickle_files\f663b1516b26585ed5c4f58bc4e3851a2e425845.pkl,1
D:\08_Dataset\Internal\mar2020\pickle_files\91f6825ceeb42bd630aacd3d8642d2689a68432b.pkl,1
D:\08_Dataset\Internal\mar2020\pickle_files\1e415dce8117d39d0919fce8e1b8651a06441509.pkl,1
D:\08_Dataset\Internal\mar2020\pickle_files\bd58b3e5860731ea63162108636e2ccd58f56ee9.pkl,1
D:\08_Dataset\Internal\mar2020\pickle_files\6fd3c2dfb1f38083d8fbe1f7d2723cc67dde8153.pkl,1
D:\08_Dataset\Internal\mar2020\pickle_files\b396810cc80ea5ea1c9bf11376204195538a1818.pkl,1
D:\08_Dataset\Internal\mar2020\pickle_files\d7151bbf2928394ae8544da08b8ba7201172cc28.pkl,1
D:\08_Dataset\Internal\mar2020\pickle_files\c306137b0f467a643ce8ef39a408e1392628fc12.pkl,1
D:\08_Dataset\Internal\mar2020\pickle_files\8be3d376eb2a11c2b4dafb742cf32216be90ef43.pkl,1
D:\08_Dataset\Internal\mar2020\pickle_files\37a73193a0d4f4a337094e9e5fd439dc293fc615.pkl,1
D:\08_Dataset\Internal\mar2020\pickle_files\81cdc974e71df1f841a093125b990bd494eb5067.pkl,1
D:\08_Dataset\Internal\mar2020\pickle_files\1eacd9b2f0a88098b750371d46677f1800569cb8.pkl,1
D:\08_Dataset\Internal\mar2020\pickle_files\0595b912512f293c9d758049b0deb8af3b7ff6ef.pkl,1
D:\08_Dataset\Internal\mar2020\pickle_files\88aec7f57b94c4ff8ccdf667579df001f8f50ae9.pkl,1
D:\08_Dataset\Internal\mar2020\pickle_files\c472f2a4d23c977e1cfba18a91a24265eafc5400.pkl,1
D:\08_Dataset\Internal\mar2020\pickle_files\f815d7164a40ce7ee8d4661c6820398145a5689d.pkl,1
D:\08_Dataset\Internal\mar2020\pickle_files\9eada9c2384dc4facb99bf9b7f22eaf37110ea7a.pkl,1
D:\08_Dataset\Internal\mar2020\pickle_files\7bff414467af1eb5884114683c0412ef05b23887.pkl,1
D:\08_Dataset\Internal\mar2020\pickle_files\b9e7bbfc698207d19f04c667db1ab009852a47d7.pkl,1
D:\08_Dataset\Internal\mar2020\pickle_files\c9cb3dc76cf109ec45ffa63922cfcda77547246d.pkl,1
D:\08_Dataset\Internal\mar2020\pickle_files\e16e2c17af19317f7c2c66682fe465bac7312b25.pkl,1
D:\08_Dataset\Internal\mar2020\pickle_files\18569b5ee10a4880595eea4c7d6ea2ae704f0b70.pkl,1
D:\08_Dataset\Internal\mar2020\pickle_files\ecf7ecb4c018154d8dae8c047f0f62e4599ce130.pkl,1
D:\08_Dataset\Internal\mar2020\pickle_files\9006e831f7b0335b6c0ce160366337374d7481ad.pkl,1
D:\08_Dataset\Internal\mar2020\pickle_files\ee91953b4ce18c3c6c5d5363a1baea45ed07648d.pkl,1
D:\08_Dataset\Internal\mar2020\pickle_files\de8263cb6299ef83cb03ccfb4b401bc3a7fea2ea.pkl,1
D:\08_Dataset\Internal\mar2020\pickle_files\1383396a9743bf0d88b1ced53690807a722f0e09.pkl,1
D:\08_Dataset\Internal\mar2020\pickle_files\cf5ffeb0806ab4b8c6a9aad6fc8a5bb47aad0c4e.pkl,1
D:\08_Dataset\Internal\mar2020\pickle_files\00457e678ea9152864fa569b08291de8d487dd16.pkl,1
D:\08_Dataset\Internal\mar2020\pickle_files\1f33e960cf51dddf1e7b8e107114b6c95f5ff675.pkl,1
D:\08_Dataset\Internal\mar2020\pickle_files\fdf529d16a8fb7ce334f42b47bea85e509848229.pkl,1
D:\08_Dataset\Internal\mar2020\pickle_files\fea8e4ca0299623d05769b34a8d46a598cfbfdac.pkl,1
D:\08_Dataset\Internal\mar2020\pickle_files\1625f2cfd45f48e22dc6ecabb66daf60cda260f3.pkl,1
D:\08_Dataset\Internal\mar2020\pickle_files\3707b035e514df366b6b69c1a1f75f3eea79dd09.pkl,1
D:\08_Dataset\Internal\mar2020\pickle_files\e119d2fc6d29fff76e35419c486c92a3366c635d.pkl,1
D:\08_Dataset\Internal\mar2020\pickle_files\d60e412f10df33ff7c2ac2accfccca1162723169.pkl,1
D:\08_Dataset\Internal\mar2020\pickle_files\b1a8d165736fd001bf7228954f71936155dbae86.pkl,1
D:\08_Dataset\Internal\mar2020\pickle_files\b844322b0ddd4f48e39f5abb4fe9e5458606f77c.pkl,1
D:\08_Dataset\Internal\mar2020\pickle_files\cf40fff3780d6270cc74c7b2af39132f19cc1e4e.pkl,1
D:\08_Dataset\Internal\mar2020\pickle_files\1e4911f6ab74ae32df5f1c1184e1347d4432b5e5.pkl,1
D:\08_Dataset\Internal\mar2020\pickle_files\2b778868f676b4cf6c5aad9d46ce4b4c828baab9.pkl,1
D:\08_Dataset\Internal\mar2020\pickle_files\c9282bd15c91228eeacb79fd7c94a55e1ec19783.pkl,1
D:\08_Dataset\Internal\mar2020\pickle_files\b9c554dd60df9e7f16aa9150830dc130a952cc9a.pkl,1
D:\08_Dataset\Internal\mar2020\pickle_files\55f90058811c6d010d589f441a12f28662830200.pkl,1
D:\08_Dataset\Internal\mar2020\pickle_files\4a2b241afbced73264aaae0aeee1c257936d8e15.pkl,1
D:\08_Dataset\Internal\mar2020\pickle_files\bf8f3e1cf29bb722bcd015746b48d0252437f2c7.pkl,1
D:\08_Dataset\Internal\mar2020\pickle_files\09b81294f8621c2e0e89b16cb671b6e269ab6e78.pkl,1
D:\08_Dataset\Internal\mar2020\pickle_files\c5289e166f1a4e3884d2b18886d01aae815b9db9.pkl,1
D:\08_Dataset\Internal\mar2020\pickle_files\79be5479b69d834db6a24532963dd9bc69353c7f.pkl,1
D:\08_Dataset\Internal\mar2020\pickle_files\d65786a497f72bd77d3c9001c5cbf5c827401ed2.pkl,1
D:\08_Dataset\Internal\mar2020\pickle_files\0e4293e9ef2a219a09f98c9312dfe41218b9698c.pkl,1
D:\08_Dataset\Internal\mar2020\pickle_files\44ba276efdbc1bae7919bfe6dc3c203d45aa6922.pkl,1
D:\08_Dataset\Internal\mar2020\pickle_files\91ffa10a132ee58f55a3a6d6904867a687ba75cf.pkl,1
D:\08_Dataset\Internal\mar2020\pickle_files\78c31a891d9e7f4de59e4efdeddee9b7f4679a77.pkl,1
D:\08_Dataset\Internal\mar2020\pickle_files\6bc537832c41a0e4c0b9a6c068f77dc1fae5572a.pkl,1
D:\08_Dataset\Internal\mar2020\pickle_files\2fa16653228034c66df6174c9d2fe6a2fabf5c61.pkl,1
D:\08_Dataset\Internal\mar2020\pickle_files\b09203d59c5afc5799e44ee3ef00800dae2a0f82.pkl,1
D:\08_Dataset\Internal\mar2020\pickle_files\5420183a498ba98ad04e1019c175a2548c172f35.pkl,1
D:\08_Dataset\Internal\mar2020\pickle_files\7b61e7e803b947b78b601a99239d510d541af424.pkl,1
D:\08_Dataset\Internal\mar2020\pickle_files\b580ae7ebaa3e61316c14ec2afabe8725a1dd1d1.pkl,1
D:\08_Dataset\Internal\mar2020\pickle_files\21b70d07fc1a16917c4f2ea5c107c8b4bc172f67.pkl,1
D:\08_Dataset\Internal\mar2020\pickle_files\ab9934dc35ca8b9cb14c1a10045716adc6dc2653.pkl,1
D:\08_Dataset\Internal\mar2020\pickle_files\c115dd643302eb8d7cc564448713f147d8e12fd0.pkl,1
D:\08_Dataset\Internal\mar2020\pickle_files\7e8df74082a5364287b8a8ec21b8c64d720b7bb5.pkl,1
D:\08_Dataset\Internal\mar2020\pickle_files\105901af52934ed38470dea627577a51ab4b4db6.pkl,1
D:\08_Dataset\Internal\mar2020\pickle_files\90700e248a645d67e52399297a20312db7cc1858.pkl,1
D:\08_Dataset\Internal\mar2020\pickle_files\21f8a1baa78127148b949b73e2ca8d8353fbe22b.pkl,1
D:\08_Dataset\Internal\mar2020\pickle_files\c6b312bc420da8fac13802618eaa33baae89b56b.pkl,1
D:\08_Dataset\Internal\mar2020\pickle_files\0006274799eb72189a110bf10ec5b1defb98f7e3.pkl,1
D:\08_Dataset\Internal\mar2020\pickle_files\ebf5ca2e0c113d847395b23b7590dec46d000f11.pkl,1
D:\08_Dataset\Internal\mar2020\pickle_files\c0150b0449caf91c6aeae20bd8426bcf2c4d99c5.pkl,1
D:\08_Dataset\Internal\mar2020\pickle_files\c83e514733407f489fb7ea1a69366a306a8a18c9.pkl,1
D:\08_Dataset\Internal\mar2020\pickle_files\e4f03b12d8ac492f082334fe3a6f578cd92bbcce.pkl,1
D:\08_Dataset\Internal\mar2020\pickle_files\b9b9377c1597288d342e3f564a4506bdeb642986.pkl,1
D:\08_Dataset\Internal\mar2020\pickle_files\823dd1337592f844708c396cb702f3f0c6499794.pkl,1
D:\08_Dataset\Internal\mar2020\pickle_files\02ab6bfbbfb99ada045651ae4030cd958fef9563.pkl,1
D:\08_Dataset\Internal\mar2020\pickle_files\f480833c2d73558571c2508b4166991c37898b1e.pkl,1
D:\08_Dataset\Internal\mar2020\pickle_files\acc8bbf0b6d61db17eb623f7bb3da0e4f2e000c2.pkl,1
D:\08_Dataset\Internal\mar2020\pickle_files\caf49b825935b5a3f7388d7119ef37d38a4e8414.pkl,1
D:\08_Dataset\Internal\mar2020\pickle_files\883d74f9d7fd6d77cb84284c6884d53d952d2bf3.pkl,1
D:\08_Dataset\Internal\mar2020\pickle_files\237c3136853b6a6be091f2ffc92e1901958ad70e.pkl,1
D:\08_Dataset\Internal\mar2020\pickle_files\a8966e6d37fb8219b253aa76a34f0395f75110c2.pkl,1
D:\08_Dataset\Internal\mar2020\pickle_files\9bc7ac2c383c80213e8377c8c95792f4655c9873.pkl,1
D:\08_Dataset\Internal\mar2020\pickle_files\a25b7277be54aea9aa41ae1ac702bddcbad3587b.pkl,1
D:\08_Dataset\Internal\mar2020\pickle_files\c1eb98100317c1ff761cc634fe01fe10a7766bbb.pkl,1
D:\08_Dataset\Internal\mar2020\pickle_files\29226a61ecb78169b59d54f1b62cf3f484fcaba1.pkl,1
D:\08_Dataset\Internal\mar2020\pickle_files\42a940514d3f4ec49a380a539e801c68e0ae069e.pkl,1
D:\08_Dataset\Internal\mar2020\pickle_files\d635d39b0ef61ed68b1c174036456c388150412f.pkl,1
D:\08_Dataset\Internal\mar2020\pickle_files\ae7929c64461084fddf55c6caeac91691fcdfd5e.pkl,1
D:\08_Dataset\Internal\mar2020\pickle_files\37c0d892b38bbf9d8c6a8d35db5b32555cb758c8.pkl,1
D:\08_Dataset\Internal\mar2020\pickle_files\cc281876b5d8e8a5e8422eb5cc2756460b28c0cc.pkl,1
D:\08_Dataset\Internal\mar2020\pickle_files\b2ab8be8a491f209e83f5ce86dab4802d24f7fce.pkl,1
D:\08_Dataset\Internal\mar2020\pickle_files\62f7253b2c29cf58af877ed391a7a8f7f3bd9fe3.pkl,1
D:\08_Dataset\Internal\mar2020\pickle_files\7750ea26326712ec455645df0b061d8a1e974ed6.pkl,1
D:\08_Dataset\Internal\mar2020\pickle_files\ad1a97fb491c4499f864e69368157122397863e8.pkl,1
D:\08_Dataset\Internal\mar2020\pickle_files\5b2f0532dcd10b2b38428ad469287907734c2b1d.pkl,1
D:\08_Dataset\Internal\mar2020\pickle_files\885bb8488e7b67b4870e6ed0cb623aadaceb9557.pkl,1
D:\08_Dataset\Internal\mar2020\pickle_files\f760f392233dc3d13181ae460ad0e3eb35c442d8.pkl,1
D:\08_Dataset\Internal\mar2020\pickle_files\8c5c34efeffdf9b770b92c7da876513d660856dc.pkl,1
D:\08_Dataset\Internal\mar2020\pickle_files\6be52192db1a943244f624bc55a98458fbdf14c2.pkl,1
D:\08_Dataset\Internal\mar2020\pickle_files\00de595246da8b028d6b9e340cc3e66db688d110.pkl,1
D:\08_Dataset\Internal\mar2020\pickle_files\ef90300b6669b4793ffcc3f805d8681e4a640842.pkl,1
D:\08_Dataset\Internal\mar2020\pickle_files\0da7b0d0f3f5f00913250916a1ee0012402c26dc.pkl,1
D:\08_Dataset\Internal\mar2020\pickle_files\c94e1bd4114d96ffe5e1eb540fdecac8eed27486.pkl,1
D:\08_Dataset\Internal\mar2020\pickle_files\6c58525e81759ca66cea8a27617d48ec1e1e5f41.pkl,1
D:\08_Dataset\Internal\mar2020\pickle_files\2d9b987689c5041fd1519e79f567d1a2a84fc035.pkl,1
D:\08_Dataset\Internal\mar2020\pickle_files\6a3b86f460b1e89aefc1279e122d8954ed275433.pkl,1
D:\08_Dataset\Internal\mar2020\pickle_files\a2e0fb7dba41cbd15f7b26212bf9ef385733c265.pkl,1
D:\08_Dataset\Internal\mar2020\pickle_files\e7e5e5b407adb68020974c963f78a7c512033fc3.pkl,1
D:\08_Dataset\Internal\mar2020\pickle_files\7cdd64da9b12f3ca11a83b396a889d8dd2251240.pkl,1
D:\08_Dataset\Internal\mar2020\pickle_files\e88a9d356a8c752276d86e16a38e9d29e41bf004.pkl,1
D:\08_Dataset\Internal\mar2020\pickle_files\fa113bd903e2adbf05b16bb9b7cd3580ebf7ecb4.pkl,1
D:\08_Dataset\Internal\mar2020\pickle_files\d74117b2cc1a158d0aff7ab29efd84291add577e.pkl,1
D:\08_Dataset\Internal\mar2020\pickle_files\83b680c8b21ba225ec457fafe0d8f555dd207f28.pkl,1
D:\08_Dataset\Internal\mar2020\pickle_files\b61d20506fff9c87613ba6e60d6552183928e020.pkl,1
D:\08_Dataset\Internal\mar2020\pickle_files\c082ce3b1db252c020c309a5049500dc15822466.pkl,1
D:\08_Dataset\Internal\mar2020\pickle_files\eda91f81723419050738db35d023cc9109fd6467.pkl,1
D:\08_Dataset\Internal\mar2020\pickle_files\fec2f3473f6f755a7021f75ebc37817a14be206a.pkl,1
D:\08_Dataset\Internal\mar2020\pickle_files\7a48f5f843a0c1b9511374054c78adb43219e9ca.pkl,1
D:\08_Dataset\Internal\mar2020\pickle_files\a42ddb2ae594258d9551aae8a28b3e1fdcfb57d7.pkl,1
D:\08_Dataset\Internal\mar2020\pickle_files\b802dd71e5d426c64e2f9e237bd96ee16dbf16c6.pkl,1
D:\08_Dataset\Internal\mar2020\pickle_files\b1ffcd478f84e712234c78328110dbedb84403e6.pkl,1
D:\08_Dataset\Internal\mar2020\pickle_files\be915d70248c5569bf08c46fa414b8bd6c2f1ab9.pkl,1
D:\08_Dataset\Internal\mar2020\pickle_files\e382f414f629a1e83d959c55e8110cc111a5144b.pkl,1
D:\08_Dataset\Internal\mar2020\pickle_files\7c1cbf8f8e0f68fc4a9b85657c7ebc1fcfce1a96.pkl,1
D:\08_Dataset\Internal\mar2020\pickle_files\16abe736e1df123bd763bdb0d424c9cffab03a10.pkl,1
D:\08_Dataset\Internal\mar2020\pickle_files\703645e17cfdfc11a8306315e91ebf55bfa1bbed.pkl,1
D:\08_Dataset\Internal\mar2020\pickle_files\baf5fd322c23e77897a92815a85682170b02956d.pkl,1
D:\08_Dataset\Internal\mar2020\pickle_files\9ee4c3ca87be7db13a4ef538c0e07f9c9ebd7bca.pkl,1
D:\08_Dataset\Internal\mar2020\pickle_files\3b6733bfd8e68368af1f01b3a02366ce88aa29f5.pkl,1
D:\08_Dataset\Internal\mar2020\pickle_files\83e067fe25d606a8be81c21fd7c3f28cf8bef666.pkl,1
D:\08_Dataset\Internal\mar2020\pickle_files\4f30d2feff31b4dd48cd772654b205a0489f711a.pkl,1
D:\08_Dataset\Internal\mar2020\pickle_files\d614628ae95ab1d28181ffe1255305dc6f39d43c.pkl,1
D:\08_Dataset\Internal\mar2020\pickle_files\d26e5998a3fc5d62b5e9d94b1377ff829e6bc4b0.pkl,1
D:\08_Dataset\Internal\mar2020\pickle_files\40b2bf794b43c6873877d0d466a3ce069d8a30fd.pkl,1
D:\08_Dataset\Internal\mar2020\pickle_files\c87efc70dd3645ab3f72c299ad5f334d363c9a68.pkl,1
D:\08_Dataset\Internal\mar2020\pickle_files\fda1f1eaa19942d162234bf7733ffdfdfc4d00e4.pkl,1
D:\08_Dataset\Internal\mar2020\pickle_files\3d0dc7d53ecb4797f9b73f1b5e6429f6d200a6bf.pkl,1
D:\08_Dataset\Internal\mar2020\pickle_files\7e45123b69b75a8f43c2840b74d75fadccd8984c.pkl,1
D:\08_Dataset\Internal\mar2020\pickle_files\8388ff45bde1f00bfde418cf1c1427a9b1335efe.pkl,1
D:\08_Dataset\Internal\mar2020\pickle_files\8d8f112373c8c35d5b10c4becf909d8c68dfb184.pkl,1
D:\08_Dataset\Internal\mar2020\pickle_files\469ad8f542348ec7262e03a8e06e37eb3df2af9e.pkl,1
D:\08_Dataset\Internal\mar2020\pickle_files\da536acf94e694af97d6be0574776fc323f131c9.pkl,1
D:\08_Dataset\Internal\mar2020\pickle_files\bde9cec0aa6ef51c6f5fbfc8139cdd5a2c36565b.pkl,1
D:\08_Dataset\Internal\mar2020\pickle_files\67cc2d390a546595887acfec8e53fcb87c32cfdc.pkl,1
D:\08_Dataset\Internal\mar2020\pickle_files\55b16de1e9e53a16e6fbb81b2e465b868736d59b.pkl,1
D:\08_Dataset\Internal\mar2020\pickle_files\1bb03135f4ac04ebc3a04cf331f2f546dd0c0748.pkl,1
D:\08_Dataset\Internal\mar2020\pickle_files\b7700a79c40af4237b1c559723fa109e8763e33e.pkl,1
D:\08_Dataset\Internal\mar2020\pickle_files\8661dcf1b4744b809facdf78b42e621ec05aa20e.pkl,1
D:\08_Dataset\Internal\mar2020\pickle_files\905df2faf3c12bf81de31d44a9f2b354d02842fe.pkl,1
D:\08_Dataset\Internal\mar2020\pickle_files\1785218e490dec88bcc79acea49702e3ee3d22c5.pkl,1
D:\08_Dataset\Internal\mar2020\pickle_files\23df6b73452176da09415fe7010f4ecc57d9a0f4.pkl,1
D:\08_Dataset\Internal\mar2020\pickle_files\6b19a20a1e8b37c281fdd33ef8e08c1b5407ea42.pkl,1
D:\08_Dataset\Internal\mar2020\pickle_files\e050b98844d5c9b4765680669dc0fb4f18bf4577.pkl,1
D:\08_Dataset\Internal\mar2020\pickle_files\80a3cea3583f81add4979ba6e05974eab5567ec9.pkl,1
D:\08_Dataset\Internal\mar2020\pickle_files\3ef9e5b9de69510e1794a331811b4de88ef2348a.pkl,1
D:\08_Dataset\Internal\mar2020\pickle_files\c9d053bad38165ab22438df84feb7060d0ce6402.pkl,1
D:\08_Dataset\Internal\mar2020\pickle_files\ee3a8a0f97226c0c18dfa4dc6504b234f700742f.pkl,1
D:\08_Dataset\Internal\mar2020\pickle_files\a952744f6df96859eee420fd857f3484a0c07e61.pkl,1
D:\08_Dataset\Internal\mar2020\pickle_files\a1d9e536bd5a4bcb01641b52e8f9f7faf271cd77.pkl,1
D:\08_Dataset\Internal\mar2020\pickle_files\06ac5c810c65006a9a8a56c79ff18bfc9d27517c.pkl,1
D:\08_Dataset\Internal\mar2020\pickle_files\303b2339b8c4b0d4fcd047780b98bfaf71a64319.pkl,1
D:\08_Dataset\Internal\mar2020\pickle_files\d2bd0aed9af5a9285852cac7bdc331c20726d720.pkl,1
D:\08_Dataset\Internal\mar2020\pickle_files\be62aac5efa59714dafa05cc15377999dfe81700.pkl,1
D:\08_Dataset\Internal\mar2020\pickle_files\a417ce41eb3a264b3d2596215f6dd5f212ef3e0f.pkl,1
D:\08_Dataset\Internal\mar2020\pickle_files\a053513f4baacbe8cf8c9d637a19a5a08a3300ea.pkl,1
D:\08_Dataset\Internal\mar2020\pickle_files\2ffcefb7e56513b01a004e214efe27b809645272.pkl,1
D:\08_Dataset\Internal\mar2020\pickle_files\ea2d12c3c1f183caa60df1db6a4a85d9694cc638.pkl,1
D:\08_Dataset\Internal\mar2020\pickle_files\2eb186c8988fc818d77b9a531eef5a127917b623.pkl,1
D:\08_Dataset\Internal\mar2020\pickle_files\de3f9f8b2c85ff5f96091c00b68d6bc8549663b6.pkl,1
D:\08_Dataset\Internal\mar2020\pickle_files\890e74172b86f6d82ab1bce4c1f88e4667e7c0e1.pkl,1
D:\08_Dataset\Internal\mar2020\pickle_files\1eaf1f927d0cd622e73deb85077bcfb2641ad60d.pkl,1
D:\08_Dataset\Internal\mar2020\pickle_files\92251baf1a9b0c55b1f450340f7c7766266f0b17.pkl,1
D:\08_Dataset\Internal\mar2020\pickle_files\db25d6fd57f7ccbf3818ee9c22c425a07766749d.pkl,1
D:\08_Dataset\Internal\mar2020\pickle_files\6beb1e9c376e534b13436c9f78e96fd57f18b7d4.pkl,1
D:\08_Dataset\Internal\mar2020\pickle_files\6326d5a2411abd4aee9600430106e5c350ac4d86.pkl,1
D:\08_Dataset\Internal\mar2020\pickle_files\3e4c061434f415988554f9d3fa766421fff910ee.pkl,1
D:\08_Dataset\Internal\mar2020\pickle_files\6051c41c468d538c985daf4df57cdfd3d1bcd66f.pkl,1
D:\08_Dataset\Internal\mar2020\pickle_files\b51c1212c50a2af38368766051688ffd3a73b165.pkl,1
D:\08_Dataset\Internal\mar2020\pickle_files\c8ff802e326743cc159c42c5fc84efce9eb69bdd.pkl,1
D:\08_Dataset\Internal\mar2020\pickle_files\f8cdf727efb923d7b101c8a6071372ffa46f0df4.pkl,1
D:\08_Dataset\Internal\mar2020\pickle_files\7dc3a87696fe0498d54d96fbf4490129b6a58d97.pkl,1
D:\08_Dataset\Internal\mar2020\pickle_files\8440ff76d5adf0bf1e0f184448d4ae619a19e41b.pkl,1
D:\08_Dataset\Internal\mar2020\pickle_files\badb17405319bdf90041f366681b8c5c6dde0ad2.pkl,1
D:\08_Dataset\Internal\mar2020\pickle_files\918ae15ca6b265b59ff0e1c6f1a9565fa70d6859.pkl,1
D:\08_Dataset\Internal\mar2020\pickle_files\2fac97c83f9e347c1ae92173a4f7c9b1472fa1c4.pkl,1
D:\08_Dataset\Internal\mar2020\pickle_files\a1805bcf2afc2c00355d1ba6d9eadd6adeb7b1f6.pkl,1
D:\08_Dataset\Internal\mar2020\pickle_files\cfb31f98fd5d61152d6b0d40af308ac40f549530.pkl,1
D:\08_Dataset\Internal\mar2020\pickle_files\1109b53b3b0223fa0a039bd478224ac05473df8a.pkl,1
D:\08_Dataset\Internal\mar2020\pickle_files\54d14c4bbec55217c36d316701e176a0c8979f27.pkl,1
D:\08_Dataset\Internal\mar2020\pickle_files\6fd02ecc3a0dfc7c33a928eac389b3bce3f230fd.pkl,1
D:\08_Dataset\Internal\mar2020\pickle_files\1258526b4ed0934549ac95758ad70950e72c3378.pkl,1
D:\08_Dataset\Internal\mar2020\pickle_files\be7e424491f911a5662d9d55922ecaf991c70320.pkl,1
D:\08_Dataset\Internal\mar2020\pickle_files\c7fd8469237156e73a391d543147ce899d70f8ba.pkl,1
D:\08_Dataset\Internal\mar2020\pickle_files\cbded60dc88054714d6400e12b8441b4c948fe5e.pkl,1
D:\08_Dataset\Internal\mar2020\pickle_files\a8ea9a210cb8005aafdb26907ca5152abe9b82be.pkl,1
D:\08_Dataset\Internal\mar2020\pickle_files\2c15a12106d22e9a86d580b2dbed9cb70d0fb919.pkl,1
D:\08_Dataset\Internal\mar2020\pickle_files\656f4bcf92d1a06384f9016543bce2d47bd033fb.pkl,1
D:\08_Dataset\Internal\mar2020\pickle_files\2eb5c035fe3cf2a1ef5b491d062e8359c3fe1f49.pkl,1
D:\08_Dataset\Internal\mar2020\pickle_files\8833d2361ff8c19b9f56ca88664b387f2f6649eb.pkl,1
D:\08_Dataset\Internal\mar2020\pickle_files\a0b0fb166deff6c3e381f18d1dfffd23bb187d93.pkl,1
D:\08_Dataset\Internal\mar2020\pickle_files\92c379f9021b82e21c10b59cda76cb0784b0e1df.pkl,1
D:\08_Dataset\Internal\mar2020\pickle_files\991b7f60e702f78d9142fdb34bc4ac2eef2f3da8.pkl,1
D:\08_Dataset\Internal\mar2020\pickle_files\a66287b7cc29f06ef5b057dfff400b88f9164b5e.pkl,1
D:\08_Dataset\Internal\mar2020\pickle_files\6b2a6510393aeda016b4bfd0a8697920f0a15a00.pkl,1
D:\08_Dataset\Internal\mar2020\pickle_files\0fa12078f57998bc2086cfde4cb6ad7d1c849562.pkl,1
D:\08_Dataset\Internal\mar2020\pickle_files\d43b2fe9d6d72e15d168e69f9929918a248dbf06.pkl,1
D:\08_Dataset\Internal\mar2020\pickle_files\b17f9c3261ad7efde8dd61adaed8752bacd16fe8.pkl,1
D:\08_Dataset\Internal\mar2020\pickle_files\1e6c0af23fa8050c6e1dfc83f011dd74655b534a.pkl,1
D:\08_Dataset\Internal\mar2020\pickle_files\4db4a23efc70ef0ab7d64eb21cbb15bb4d310414.pkl,1
D:\08_Dataset\Internal\mar2020\pickle_files\89e1bd75db2cc6497450df98bfc3d03cd4acfe61.pkl,1
D:\08_Dataset\Internal\mar2020\pickle_files\ebfae49d7f99a4acaf1cc5be38b0ceb80032c5f7.pkl,1
D:\08_Dataset\Internal\mar2020\pickle_files\619ae479bb08b04c59215a4e762c0d0476a71de3.pkl,1
D:\08_Dataset\Internal\mar2020\pickle_files\d82f9625fea730c0e414adb5ac1a662af5b0131d.pkl,1
D:\08_Dataset\Internal\mar2020\pickle_files\83436a5e15fae4fc72573b0a1a53668591747cd9.pkl,1
D:\08_Dataset\Internal\mar2020\pickle_files\ca7a734a85b52d2dada55e7f93b6ae9beedd52e4.pkl,1
D:\08_Dataset\Internal\mar2020\pickle_files\b97c7c9ec0d7e3414101d76c0edfdfca2cdc4a4d.pkl,1
D:\08_Dataset\Internal\mar2020\pickle_files\be822ea6cef48dd731da90c0a0b76afdb4c526a0.pkl,1
D:\08_Dataset\Internal\mar2020\pickle_files\2d32c4bae80eaa19d581b0edf9b94a097815082e.pkl,1
D:\08_Dataset\Internal\mar2020\pickle_files\84f9a340e5040b6f24fe6b319c9a3303b779957c.pkl,1
D:\08_Dataset\Internal\mar2020\pickle_files\d8e40001b53f9b50f81aaca7a9f6e578564bfd24.pkl,1
D:\08_Dataset\Internal\mar2020\pickle_files\30423fcb40ad1e5face549dece985dff682ba901.pkl,1
D:\08_Dataset\Internal\mar2020\pickle_files\2d76d8d5c7faae03847e09a2678c950149806046.pkl,1
D:\08_Dataset\Internal\mar2020\pickle_files\276740d3cd8721ac2ae9a83a015afa9d27ad61ba.pkl,1
D:\08_Dataset\Internal\mar2020\pickle_files\5ad077a8d5debcc79096b13e3719af5cc4763aaa.pkl,1
D:\08_Dataset\Internal\mar2020\pickle_files\ddc567057fe9d17cd9b65683db1c77560442a22a.pkl,1
D:\08_Dataset\Internal\mar2020\pickle_files\1c8dee3eb09e732dcb257917dcc1867507be2484.pkl,1
D:\08_Dataset\Internal\mar2020\pickle_files\b436eb5f838f22fe0e75190af0f836c5f629c8c1.pkl,1
D:\08_Dataset\Internal\mar2020\pickle_files\1b5323709bb82920062f38903fb21d7cbffb5f2c.pkl,1
D:\08_Dataset\Internal\mar2020\pickle_files\c6236383b04c05df71910e8a5b199e8b366206d1.pkl,1
D:\08_Dataset\Internal\mar2020\pickle_files\d495e30db03872227929bd9654cfa6714d0978b5.pkl,1
D:\08_Dataset\Internal\mar2020\pickle_files\c749f9ba9c5c5b9cfe9789855b885a2132837a61.pkl,1
D:\08_Dataset\Internal\mar2020\pickle_files\47effcab6a4cde3db59612f4448330ee87f17297.pkl,1
D:\08_Dataset\Internal\mar2020\pickle_files\9b3e1f46ca0df7449d4765e92b464071a2096cb8.pkl,1
D:\08_Dataset\Internal\mar2020\pickle_files\cdb3e27a952de429f64304b1bfd0366703f9973d.pkl,1
D:\08_Dataset\Internal\mar2020\pickle_files\31d7cc656e34c6e3a6b7e315466751559c04a6f9.pkl,1
D:\08_Dataset\Internal\mar2020\pickle_files\8180068c946f64f0f4809949acd61895ae363c96.pkl,1
D:\08_Dataset\Internal\mar2020\pickle_files\0ea235f19e5981d4f41dfaeace465b81f2d2fa8e.pkl,1
D:\08_Dataset\Internal\mar2020\pickle_files\6b29ac60468ede6d030811f794b2648a9ed2d0e2.pkl,1
D:\08_Dataset\Internal\mar2020\pickle_files\ffd38d383c0b1efceae67ea9d7b618bd47c46113.pkl,1
D:\08_Dataset\Internal\mar2020\pickle_files\767bcf45c721189ecbeb81f179648a4cd8917ecb.pkl,1
D:\08_Dataset\Internal\mar2020\pickle_files\423e746d87d4e0f14158ce2a02af6c6b38ed88d6.pkl,1
D:\08_Dataset\Internal\mar2020\pickle_files\90bea79240950a0f2b24b9c31d0f13e24df80642.pkl,1
D:\08_Dataset\Internal\mar2020\pickle_files\9deafe2b0c3995d302a871903e6d069d8e20a8b4.pkl,1
D:\08_Dataset\Internal\mar2020\pickle_files\d7c3934e6e26427fc00c9ec8b04fa7eab909f44a.pkl,1
D:\08_Dataset\Internal\mar2020\pickle_files\8e06e27aa5d57224cf717be86f43ce253fafcfab.pkl,1
D:\08_Dataset\Internal\mar2020\pickle_files\6686393628f70d4b6903d4e65c1c687a72a72bf7.pkl,1
D:\08_Dataset\Internal\mar2020\pickle_files\d1c757c50b996fffa332e485f8af0859e027b75a.pkl,1
D:\08_Dataset\Internal\mar2020\pickle_files\3e9a33516d9b0e1c13d5d688abd61960a49d32e0.pkl,1
D:\08_Dataset\Internal\mar2020\pickle_files\d34bc6d0b98e4d6404668c56659416d716dbcc24.pkl,1
D:\08_Dataset\Internal\mar2020\pickle_files\258c5113d593844e1b14ad71a31da9df8244a645.pkl,1
D:\08_Dataset\Internal\mar2020\pickle_files\ae68ab6a1e56a96765ebf92830e82767e11b28e9.pkl,1
D:\08_Dataset\Internal\mar2020\pickle_files\7bf3d43ef3148097e71c6bbe7c2d1beef25d0453.pkl,1
D:\08_Dataset\Internal\mar2020\pickle_files\1ab4ff87fcb960ecc853ff95ac73dd3c80e05080.pkl,1
D:\08_Dataset\Internal\mar2020\pickle_files\290a7f03e8af227552961f42e3f50b50f3d72374.pkl,1
D:\08_Dataset\Internal\mar2020\pickle_files\08ded544888c24cac33a2df1053eed4431f5a0bd.pkl,1
D:\08_Dataset\Internal\mar2020\pickle_files\6812ef15da1d52e0ae34998b95ced1aa3f3b8aba.pkl,1
D:\08_Dataset\Internal\mar2020\pickle_files\150dd1440b2645a82c1450260cbd075e60daa3c6.pkl,1
D:\08_Dataset\Internal\mar2020\pickle_files\1c1963131311a36983ea0550dbcf9655633f5a54.pkl,1
D:\08_Dataset\Internal\mar2020\pickle_files\4245a836196ec851d25cfa28b384f582236b2b59.pkl,1
D:\08_Dataset\Internal\mar2020\pickle_files\9a74dd0ed2d178a52e632aa6b834d6bd49af40df.pkl,1
D:\08_Dataset\Internal\mar2020\pickle_files\4db0ff023dc17a95e361e66d2d1e776ba36ddae2.pkl,1
D:\08_Dataset\Internal\mar2020\pickle_files\fe50e151110a33d4ffb7b2b710501595430c58d6.pkl,1
D:\08_Dataset\Internal\mar2020\pickle_files\0889b81762be6b4f71c7543c2e16f68827770ac0.pkl,1
D:\08_Dataset\Internal\mar2020\pickle_files\6a8e69b7911ebbb17f3d93c68d2a1c6343d3736d.pkl,1
D:\08_Dataset\Internal\mar2020\pickle_files\c3d918049269a870c4fe90aa2cee9af76c013e5a.pkl,1
D:\08_Dataset\Internal\mar2020\pickle_files\87f8ce928deac33099385009a400bbceab14bcc1.pkl,1
D:\08_Dataset\Internal\mar2020\pickle_files\edc349ae26b20739fd2f913fbda15cc3eda134cd.pkl,1
D:\08_Dataset\Internal\mar2020\pickle_files\607b1fa872404d5f3191e7547e97c19e1c57b02c.pkl,1
D:\08_Dataset\Internal\mar2020\pickle_files\fc23147a1f80a89ea726a7294f65acc933f45c68.pkl,1
D:\08_Dataset\Internal\mar2020\pickle_files\dabcaa8624ab1125b1758595ac1546de18208d8e.pkl,1
D:\08_Dataset\Internal\mar2020\pickle_files\18a020e32c1870f607fee12186ff6f25b11d43c8.pkl,1
D:\08_Dataset\Internal\mar2020\pickle_files\9ba9b6b872695c57f56030adefeb44cf0dc766b4.pkl,1
D:\08_Dataset\Internal\mar2020\pickle_files\1e09208a2c77de393a2fde4a2a1c99d9b713d045.pkl,1
D:\08_Dataset\Internal\mar2020\pickle_files\42cc61f75c86c64a3266a7dc6959ebebc31ac637.pkl,1
D:\08_Dataset\Internal\mar2020\pickle_files\e6de3e41255bf99ff74fab15976770097a7b891b.pkl,1
D:\08_Dataset\Internal\mar2020\pickle_files\65e827a0102aaa1b98b9a9535a8dc991172186cf.pkl,1
D:\08_Dataset\Internal\mar2020\pickle_files\87bc9c614a6235e733b742451c7c929b38e76c31.pkl,1
D:\08_Dataset\Internal\mar2020\pickle_files\936a824e4b7e0c019e54292e3981567e74e10688.pkl,1
D:\08_Dataset\Internal\mar2020\pickle_files\8d76753e3240fc196ca5a74b69aa3ceda07a92b0.pkl,1
D:\08_Dataset\Internal\mar2020\pickle_files\361467b2962f56a2f4e5cd1b64fb0e3c67931190.pkl,1
D:\08_Dataset\Internal\mar2020\pickle_files\ba2131bbf12c80e5496f1220103ce0650db31a7c.pkl,1
D:\08_Dataset\Internal\mar2020\pickle_files\b559851f85c30e6c03200d685346a8776cba795d.pkl,1
D:\08_Dataset\Internal\mar2020\pickle_files\73ff3ce75a381613cde1c8344f0437db9b5f3418.pkl,1
D:\08_Dataset\Internal\mar2020\pickle_files\edf72dac7268c611c69492c38f067549239b458b.pkl,1
D:\08_Dataset\Internal\mar2020\pickle_files\d3f383170c7340df657070ad709db260447d6fa3.pkl,1
D:\08_Dataset\Internal\mar2020\pickle_files\a17712d47e0f8f94c33cca67b00f7ba8f0e0c812.pkl,1
D:\08_Dataset\Internal\mar2020\pickle_files\14820f0abf78a0f71a20329c6e686a68c744b596.pkl,1
D:\08_Dataset\Internal\mar2020\pickle_files\f5823406a01be6782c2fce9e94df9feb70f2b31d.pkl,1
D:\08_Dataset\Internal\mar2020\pickle_files\a623c65e940e2701acd0f063d6e81a9bf3eb5c7a.pkl,1
D:\08_Dataset\Internal\mar2020\pickle_files\341dacf6cdd9a5e77c2e63d1124033a98a5108f1.pkl,1
D:\08_Dataset\Internal\mar2020\pickle_files\21a7df4cc246a67aa90efb0cb6a63dff4152de0e.pkl,1
D:\08_Dataset\Internal\mar2020\pickle_files\69f5f539e0eeda56a9838f76ccf055317ed453f5.pkl,1
D:\08_Dataset\Internal\mar2020\pickle_files\39e567ecf8cdabc55605589b751e92765ce4514b.pkl,1
D:\08_Dataset\Internal\mar2020\pickle_files\69d8de531b568cafe6bbd5c986bc895a44b57434.pkl,1
D:\08_Dataset\Internal\mar2020\pickle_files\96b44529e669b7b8a6d2c9526072acedc10ae90c.pkl,1
D:\08_Dataset\Internal\mar2020\pickle_files\9c5f34151ae5ddec2c0fd2221761a99800614716.pkl,1
D:\08_Dataset\Internal\mar2020\pickle_files\795db89016d977cb68f7cc0c08e8e268705540ba.pkl,1
D:\08_Dataset\Internal\mar2020\pickle_files\df348f4d73d5ac4c210b640b89f8f018f45dfc32.pkl,1
D:\08_Dataset\Internal\mar2020\pickle_files\845085866db4365e716657d1ebd900a899017a32.pkl,1
D:\08_Dataset\Internal\mar2020\pickle_files\c8b24d6844a8bbbbf57a4e3705bcf8a0bdc6f4a8.pkl,1
D:\08_Dataset\Internal\mar2020\pickle_files\b465b946e6d3bd2603e60a13ebf4c2ca758103ba.pkl,1
D:\08_Dataset\Internal\mar2020\pickle_files\d01e2eecc0873356d0ff78e83b35c62494671b20.pkl,1
D:\08_Dataset\Internal\mar2020\pickle_files\b931774df4fae7111e71887196acc3d4fcde7cee.pkl,1
D:\08_Dataset\Internal\mar2020\pickle_files\2de715f6cccff4772612d2a0e9493337503df046.pkl,1
D:\08_Dataset\Internal\mar2020\pickle_files\585e9a51318c3ea739448d87cf9ef6c9ffb8a451.pkl,1
D:\08_Dataset\Internal\mar2020\pickle_files\302dcbe375aa766090e5b442327a5e65ba0aa380.pkl,1
D:\08_Dataset\Internal\mar2020\pickle_files\bd17d3415288a5ed0b718c2b29c79c5f0063a122.pkl,1
D:\08_Dataset\Internal\mar2020\pickle_files\3c49de8959698f38ef3b089d7cd099ec0d9089c2.pkl,1
D:\08_Dataset\Internal\mar2020\pickle_files\941235c81e4c791176042239ea8cf7ba137ba554.pkl,1
D:\08_Dataset\Internal\mar2020\pickle_files\af939eac07bc81e05cb71d40b6ba3f37dd8a8a22.pkl,1
D:\08_Dataset\Internal\mar2020\pickle_files\915855f3d928801bda4b31e3c78aaf09e62a5b52.pkl,1
D:\08_Dataset\Internal\mar2020\pickle_files\888a82c008294cdeee0282e6bb24d87e596b896a.pkl,1
D:\08_Dataset\Internal\mar2020\pickle_files\19238a17a15ad8c9bc4e2e32cda21f7fa7791b0d.pkl,1
D:\08_Dataset\Internal\mar2020\pickle_files\d75df29ae9510d90c27a9c035036b67875f06199.pkl,1
D:\08_Dataset\Internal\mar2020\pickle_files\761fcdc30ca8d893f6a059b4aa5bc17443e6b75b.pkl,1
D:\08_Dataset\Internal\mar2020\pickle_files\d664e4af70863aa84a3dc4ff598d3059a9ef5abb.pkl,1
D:\08_Dataset\Internal\mar2020\pickle_files\3c2bf1aad7fe897204a0b3226b65e2d76c4f3f22.pkl,1
D:\08_Dataset\Internal\mar2020\pickle_files\796b398729d34b813aa6350df1ac8120b36934db.pkl,1
D:\08_Dataset\Internal\mar2020\pickle_files\fa426e7aea78bbcd644e26a243b9b05dd57827f3.pkl,1
D:\08_Dataset\Internal\mar2020\pickle_files\5ef999bebfd3d9aeb2e51cd5815a0e8691b86038.pkl,1
D:\08_Dataset\Internal\mar2020\pickle_files\1fbb5173e94827b7584d3a687e423707f982c3b6.pkl,1
D:\08_Dataset\Internal\mar2020\pickle_files\20568f0688de4332458e40408692dc72f4fd512d.pkl,1
D:\08_Dataset\Internal\mar2020\pickle_files\938ae68ba4237217728be36a5b0c638e5334d4a4.pkl,1
D:\08_Dataset\Internal\mar2020\pickle_files\a5b4ed1e54003e0ee26113707908cf7d42348bd4.pkl,1
D:\08_Dataset\Internal\mar2020\pickle_files\d32d7c7481752b43f08338db67eb16fc14dba6fe.pkl,1
D:\08_Dataset\Internal\mar2020\pickle_files\6450f902e37764ee958b0b29a1cc9c2f4d29af91.pkl,1
D:\08_Dataset\Internal\mar2020\pickle_files\88a2fd0a9dcf1aea3e7c6c1bffd941d75bd47f44.pkl,1
D:\08_Dataset\Internal\mar2020\pickle_files\c3ff9840d4efb639544cf341c5fa8d559b2b0150.pkl,1
D:\08_Dataset\Internal\mar2020\pickle_files\b458d94d00dddfa43d912ce251917aeb8ea57039.pkl,1
D:\08_Dataset\Internal\mar2020\pickle_files\f1d1a0bb8e3d4242203b954723948a89ca21434a.pkl,1
D:\08_Dataset\Internal\mar2020\pickle_files\534135c92a6f6d7639269c96b20203c338d6ba3e.pkl,1
D:\08_Dataset\Internal\mar2020\pickle_files\2ade2a5d5c2126f456b60c0a459467a93557c065.pkl,1
D:\08_Dataset\Internal\mar2020\pickle_files\95d821447ffbdb0eec6b6d984c6190320982f311.pkl,1
D:\08_Dataset\Internal\mar2020\pickle_files\31c777de870cb388e83076eb1d66b36db0706836.pkl,1
D:\08_Dataset\Internal\mar2020\pickle_files\0fe83d1445e493ba82f77f2508b76abeb400aa80.pkl,1
D:\08_Dataset\Internal\mar2020\pickle_files\3a48eeb66babce557d9a8d6f67061aca472ed689.pkl,1
D:\08_Dataset\Internal\mar2020\pickle_files\e61dbeb3d3bda62072eefb15e9ce025ff1766f41.pkl,1
D:\08_Dataset\Internal\mar2020\pickle_files\1ee875abb4954d1412f2adc94d065e49a3a0bdef.pkl,1
D:\08_Dataset\Internal\mar2020\pickle_files\546510588c3b7e06164ccbf5e22c5c1edb8be9f5.pkl,1
D:\08_Dataset\Internal\mar2020\pickle_files\0d1fa918ab849073fa36796311cbb24b9f656b2f.pkl,1
D:\08_Dataset\Internal\mar2020\pickle_files\af682421257a4939b79c2634cf04d3b12761b0cf.pkl,1
D:\08_Dataset\Internal\mar2020\pickle_files\321427d8780b21ffb8d7fdbeb59aac6e13871956.pkl,1
D:\08_Dataset\Internal\mar2020\pickle_files\4998138be34ee237b0686495adbec3b9b1003a72.pkl,1
D:\08_Dataset\Internal\mar2020\pickle_files\184fd5279faa4851a4625202b4822772f861f9d9.pkl,1
D:\08_Dataset\Internal\mar2020\pickle_files\bd65ab071c882054ac2bd503697f1d0393b0e0d9.pkl,1
D:\08_Dataset\Internal\mar2020\pickle_files\519aa2d5bfd0518b81d6d67d03d61dadbf0d1f86.pkl,1
D:\08_Dataset\Internal\mar2020\pickle_files\5fb22caf63538cec63a7972b8531085cfccf1b59.pkl,1
D:\08_Dataset\Internal\mar2020\pickle_files\9463b2d54a0f9505bad818f0d3e4012cebdcad03.pkl,1
D:\08_Dataset\Internal\mar2020\pickle_files\0b4140b1d21141d432c31f7d927720211fdd1930.pkl,1
D:\08_Dataset\Internal\mar2020\pickle_files\08b1285d60e28e67345c5901020009a9a316d616.pkl,1
D:\08_Dataset\Internal\mar2020\pickle_files\f079a3550f93518892eec3077d5ba38774020abb.pkl,1
D:\08_Dataset\Internal\mar2020\pickle_files\13a3acf13993af6e80c1d393e5db9ab4deccdd59.pkl,1
D:\08_Dataset\Internal\mar2020\pickle_files\967325c2e186ebc3209bbdf69ef8a4aa2904e732.pkl,1
D:\08_Dataset\Internal\mar2020\pickle_files\051eb11f5cd53cad81b049da4b65e2c66d6526cb.pkl,1
D:\08_Dataset\Internal\mar2020\pickle_files\55448278b7c73f532131156e3ec9513e020260fb.pkl,1
D:\08_Dataset\Internal\mar2020\pickle_files\32084bed4b93cfe7a884470337bb14e608eff67c.pkl,1
D:\08_Dataset\Internal\mar2020\pickle_files\e2a0d2213aaf7ca9764948da62f5a611c71209f4.pkl,1
D:\08_Dataset\Internal\mar2020\pickle_files\db8abedc2476a7470788da0ca32f863d35a2a2a1.pkl,1
D:\08_Dataset\Internal\mar2020\pickle_files\18ad29042379cf8a9dae01860f46144a37b89753.pkl,1
D:\08_Dataset\Internal\mar2020\pickle_files\b191f1922008e0b8aa74726e992878a84d00b06b.pkl,1
D:\08_Dataset\Internal\mar2020\pickle_files\081d761f5f546901389a9581ec770713e1adf7b6.pkl,1
D:\08_Dataset\Internal\mar2020\pickle_files\add2e920f7cb94680fc2dde5649a92642ad337f1.pkl,1
D:\08_Dataset\Internal\mar2020\pickle_files\e3b1a6a66f8b15b66fad773ec168298f02b67aff.pkl,1
D:\08_Dataset\Internal\mar2020\pickle_files\e74ea804cffd41d7086c29e5e86964324f563f9d.pkl,1
D:\08_Dataset\Internal\mar2020\pickle_files\21be6faaa9a109804b9f2b344d7ed172f145ffb0.pkl,1
D:\08_Dataset\Internal\mar2020\pickle_files\43051b71336c0b8292e8b663d689f7aeea5d075f.pkl,1
D:\08_Dataset\Internal\mar2020\pickle_files\19eb9f1aba6d92f0cb929bc8d224a0267a407351.pkl,1
D:\08_Dataset\Internal\mar2020\pickle_files\81f7211757dc19fb5bffd929730c11acb147eb00.pkl,1
D:\08_Dataset\Internal\mar2020\pickle_files\8901fc190ead5b664a194757a8d0d31235e2cdc2.pkl,1
D:\08_Dataset\Internal\mar2020\pickle_files\fcfa5bb824d56124999e13f1bff444e01155f1fa.pkl,1
D:\08_Dataset\Internal\mar2020\pickle_files\cb3ac97bcf1f44fe36665071e3c8f8cfbf5fdc91.pkl,1
D:\08_Dataset\Internal\mar2020\pickle_files\bc4d214fc0323a5bd18ef005703aadb600a14783.pkl,1
D:\08_Dataset\Internal\mar2020\pickle_files\22d7cce58a71028df45b258182873e3527d39e01.pkl,1
D:\08_Dataset\Internal\mar2020\pickle_files\ec141f2f3572b16ec80b33a94dbcb21c4226c5d2.pkl,1
D:\08_Dataset\Internal\mar2020\pickle_files\d3dd1908c163a8c70d0eeae51490d51f06ccc0c3.pkl,1
D:\08_Dataset\Internal\mar2020\pickle_files\ca9ad9f17f8c6f054f1afa9e4d01995bad3a8c39.pkl,1
D:\08_Dataset\Internal\mar2020\pickle_files\f00a46f441394d569313c54d77e1ed6c9c1435e9.pkl,1
D:\08_Dataset\Internal\mar2020\pickle_files\461a142c3b9c6518f0882b4a2a1b53bb1430d70c.pkl,1
D:\08_Dataset\Internal\mar2020\pickle_files\ee4f5a6f8863972a4d225e1bafa672bcdb965953.pkl,1
D:\08_Dataset\Internal\mar2020\pickle_files\5b97f915fce3cb2693b4945ce51344bee9df2972.pkl,1
D:\08_Dataset\Internal\mar2020\pickle_files\40f4e21b45c72689f9df3ea37aceb18e6cdb8b85.pkl,1
D:\08_Dataset\Internal\mar2020\pickle_files\b5f1c3f4f73f40e9aa24fa9fa62510e52296f704.pkl,1
D:\08_Dataset\Internal\mar2020\pickle_files\386263d8c11c9a3a0fc548e3d0aba0f4576a88c7.pkl,1
D:\08_Dataset\Internal\mar2020\pickle_files\a8ee58cb14bbf365fd101532271e9933a1bbb44d.pkl,1
D:\08_Dataset\Internal\mar2020\pickle_files\dae1f73031c7e9dd4c73d2311b2d3d40063a1781.pkl,1
D:\08_Dataset\Internal\mar2020\pickle_files\1847ff74b789aa78b24cdbab76205db1784b4e70.pkl,1
D:\08_Dataset\Internal\mar2020\pickle_files\abac1a010ae2b94eb38988dc514792b86659ef3e.pkl,1
D:\08_Dataset\Internal\mar2020\pickle_files\adbd9bdf2363b7e3fbab0d65616bc91a11c6d51e.pkl,1
D:\08_Dataset\Internal\mar2020\pickle_files\7d74881bb4dfbcd3c96be9f45d59e39e4357275d.pkl,1
D:\08_Dataset\Internal\mar2020\pickle_files\ca2d280d8fa48cf503562af22bec50a9c387fc9b.pkl,1
D:\08_Dataset\Internal\mar2020\pickle_files\99193d13ebdb8c5e0c004a02e8543e13103e079d.pkl,1
D:\08_Dataset\Internal\mar2020\pickle_files\3b55c692c2ac222f6ffc50c77eb3ef387a56c6f0.pkl,1
D:\08_Dataset\Internal\mar2020\pickle_files\a5da243b24167ddb8e04efdcca9245bc1020df3c.pkl,1
D:\08_Dataset\Internal\mar2020\pickle_files\257797d6244c2bb7615c5f462396d54726b0216a.pkl,1
D:\08_Dataset\Internal\mar2020\pickle_files\f6eac1343f418a7a9f1891187478879cc40fc51e.pkl,1
D:\08_Dataset\Internal\mar2020\pickle_files\3a7b86df9b7f5df9c72863b200c2f9e264dd2fe4.pkl,1
D:\08_Dataset\Internal\mar2020\pickle_files\7faaef4c9c6c1fcd0e21fb9262fb0eedde89cbf5.pkl,1
D:\08_Dataset\Internal\mar2020\pickle_files\808372233517cbb35ef203180d4fb93a390a6a9a.pkl,1
D:\08_Dataset\Internal\mar2020\pickle_files\59641426e4b1b4d8dfd1960fd293318282bf01ca.pkl,1
D:\08_Dataset\Internal\mar2020\pickle_files\12f439e027b225f4ca3940f641b21aa3e8341bb8.pkl,1
D:\08_Dataset\Internal\mar2020\pickle_files\fb70a2e323229f875f09e70e1ae9d381fade4371.pkl,1
D:\08_Dataset\Internal\mar2020\pickle_files\8092b598d56a692bc61ce40a545428e6ba10a4eb.pkl,1
D:\08_Dataset\Internal\mar2020\pickle_files\485a2f4de26e37cd55f121c3e0737188bb6078b8.pkl,1
D:\08_Dataset\Internal\mar2020\pickle_files\707fbf5f7d7ee389c894790c8c87f40e72091314.pkl,1
D:\08_Dataset\Internal\mar2020\pickle_files\f0391d510702ec0410508a88089dfebdec964732.pkl,1
D:\08_Dataset\Internal\mar2020\pickle_files\be549c33b19c2ce756b79eb86e6cd9cd8854faef.pkl,1
D:\08_Dataset\Internal\mar2020\pickle_files\b39505b18bd0b806dd4c96936c0d97daf1f9bc3b.pkl,1
D:\08_Dataset\Internal\mar2020\pickle_files\1ff0d222a755e424d899364644d60677f8bc72ae.pkl,1
D:\08_Dataset\Internal\mar2020\pickle_files\74798cad48a3d0de97e42e0c3b138c78872ba04a.pkl,1
D:\08_Dataset\Internal\mar2020\pickle_files\7b077ba59c0e79d0e9a2411439fd20a24bd54e24.pkl,1
D:\08_Dataset\Internal\mar2020\pickle_files\cd230ad27f14c88949c1794327cfdf7c65285d15.pkl,1
D:\08_Dataset\Internal\mar2020\pickle_files\05aab776c805be45511b1e6d54346c7ec4e0a760.pkl,1
D:\08_Dataset\Internal\mar2020\pickle_files\da7798762cecfc154cb504da1af50142e59206b4.pkl,1
D:\08_Dataset\Internal\mar2020\pickle_files\59a851b72fc02aabaed472f80dd63abad5f0a6b6.pkl,1
D:\08_Dataset\Internal\mar2020\pickle_files\91c735dc9991aad714f7d4728a9cc146b0fa688b.pkl,1
D:\08_Dataset\Internal\mar2020\pickle_files\629da5f662dee83e6ad99ab60c770390a83e07e7.pkl,1
D:\08_Dataset\Internal\mar2020\pickle_files\30d0d1e7860980ca121d016997061b6f3d39a39f.pkl,1
D:\08_Dataset\Internal\mar2020\pickle_files\3c9170e66fa74aa2749d32c7b6628d7f602a0faf.pkl,1
D:\08_Dataset\Internal\mar2020\pickle_files\1dcea04bd9b980617d608d4cf1e4a48758e45273.pkl,1
D:\08_Dataset\Internal\mar2020\pickle_files\756f8dcf505508cfc07b56c628c3a8e3a69614a7.pkl,1
D:\08_Dataset\Internal\mar2020\pickle_files\416f31b2666252accb0ce0c151a92dfcc8fadadb.pkl,1
D:\08_Dataset\Internal\mar2020\pickle_files\5dab635e24c441f42bc65d700f3b2514ada08edb.pkl,1
D:\08_Dataset\Internal\mar2020\pickle_files\3e1569375844c00a135b0e72830efcd15ad25ddc.pkl,1
D:\08_Dataset\Internal\mar2020\pickle_files\502734f03a06aa1eec2c9cea47b429bb60354a60.pkl,1
D:\08_Dataset\Internal\mar2020\pickle_files\b8c0797426fd9063ac8ea81d67412e3cd5b37d78.pkl,1
D:\08_Dataset\Internal\mar2020\pickle_files\d159bf1d17ab113b0595d6d3e5f7187074556ec0.pkl,1
D:\08_Dataset\Internal\mar2020\pickle_files\41f65cd75051034157db008e2d768790e5bca07a.pkl,1
D:\08_Dataset\Internal\mar2020\pickle_files\3a8da1e1283a9fedd08ec304ee0c1e17967a8ad9.pkl,1
D:\08_Dataset\Internal\mar2020\pickle_files\11781080ead6ae4c592e9adcbe5e9dc89c94a73c.pkl,1
D:\08_Dataset\Internal\mar2020\pickle_files\f343ca09bcce26b28b4dc053eb897a8f24ccea10.pkl,1
D:\08_Dataset\Internal\mar2020\pickle_files\4dab87022c0e2cdfa107a10e22968caf04fa6bdd.pkl,1
D:\08_Dataset\Internal\mar2020\pickle_files\561219ac891ebedaefd729c7f95be2bc2451a265.pkl,1
D:\08_Dataset\Internal\mar2020\pickle_files\458b79e5208a8dc108d91dc49fd35c33a5bd3d6f.pkl,1
D:\08_Dataset\Internal\mar2020\pickle_files\ff9569ddbc610c2d55894284d0b0134283f51b44.pkl,1
D:\08_Dataset\Internal\mar2020\pickle_files\9ce3e36d5c6b74452d61e79f769544c8f8db24b0.pkl,1
D:\08_Dataset\Internal\mar2020\pickle_files\5ad454b87d0f9accc37fb04820b99960f191defc.pkl,1
D:\08_Dataset\Internal\mar2020\pickle_files\2c67b6933b338baf8997c666245fd209e33f6dbb.pkl,1
D:\08_Dataset\Internal\mar2020\pickle_files\5ad9e107979462b6e45c020cb9ecbb7aa594645e.pkl,1
D:\08_Dataset\Internal\mar2020\pickle_files\c228d977e60c0b26b1003ab29b873d399f2bace7.pkl,1
D:\08_Dataset\Internal\mar2020\pickle_files\e2891f93d1e3c8cb95681385f835098c42d9f825.pkl,1
D:\08_Dataset\Internal\mar2020\pickle_files\82c9ba1cba29a87377bc8ca5af44b5a29b68da98.pkl,1
D:\08_Dataset\Internal\mar2020\pickle_files\19cc4c42958e0fb47ced6df9e984cbe3931e871c.pkl,1
D:\08_Dataset\Internal\mar2020\pickle_files\6b4330d3ab5e496d789bb8c0ff5f246cb9243db0.pkl,1
D:\08_Dataset\Internal\mar2020\pickle_files\cecf9e1c3fd68f284a7b11563bc060f9881e328f.pkl,1
D:\08_Dataset\Internal\mar2020\pickle_files\168ec2c0061fee712ae1646ac6f2994e7a6767e1.pkl,1
D:\08_Dataset\Internal\mar2020\pickle_files\7efdfe30e5c765906e37add4711b66da875669ec.pkl,1
D:\08_Dataset\Internal\mar2020\pickle_files\5ef9aea6f735225899cedbc3ec5e37034e6256ae.pkl,1
D:\08_Dataset\Internal\mar2020\pickle_files\626e3ff761a9021b1904ad0e60050ad523f94b5c.pkl,1
D:\08_Dataset\Internal\mar2020\pickle_files\391d07e88578afbeb634d97f65dede3ed033330e.pkl,1
D:\08_Dataset\Internal\mar2020\pickle_files\423111fc884b423d13322c7b3e4978ac2cf13056.pkl,1
D:\08_Dataset\Internal\mar2020\pickle_files\1fad8097dc9b8adb1cefad2bd167310c1a6e2594.pkl,1
D:\08_Dataset\Internal\mar2020\pickle_files\6bcc4a076895cafa12e4d20cc5a4ec49a5e00a4b.pkl,1
D:\08_Dataset\Internal\mar2020\pickle_files\a6fcf4ace2fc7dab0ed79d86241ac96f098f85f6.pkl,1
D:\08_Dataset\Internal\mar2020\pickle_files\474ad93a9e2fc0a3098b9498e7238e605fe9e954.pkl,1
D:\08_Dataset\Internal\mar2020\pickle_files\e4a6da0883f18c8e770cd1a473bfc33f406ac970.pkl,1
D:\08_Dataset\Internal\mar2020\pickle_files\0efda2ca1fbffa6b6996c70208302ceeb3d0c39f.pkl,1
D:\08_Dataset\Internal\mar2020\pickle_files\3772f9e4eaa6479435c8c50f538a01bb60fed1d2.pkl,1
D:\08_Dataset\Internal\mar2020\pickle_files\52b198a1383ac4fba25b11fd15b41585d6789a7c.pkl,1
D:\08_Dataset\Internal\mar2020\pickle_files\ab5402eee6a85faa6a0d2ec1209dd5efd8644b8d.pkl,1
D:\08_Dataset\Internal\mar2020\pickle_files\fd28c356bed09ae654e7181984d5065e225650c9.pkl,1
D:\08_Dataset\Internal\mar2020\pickle_files\2dd659849adc2f89faac4e55bb08723f300eb58c.pkl,1
D:\08_Dataset\Internal\mar2020\pickle_files\7a87097d005b26154263b8664f2b26b5d6aedfbc.pkl,1
D:\08_Dataset\Internal\mar2020\pickle_files\9b67c562e1533c1600f8512ca0b9a97f693f0542.pkl,1
D:\08_Dataset\Internal\mar2020\pickle_files\6c22be5b4619427852e90d28466109a32c609182.pkl,1
D:\08_Dataset\Internal\mar2020\pickle_files\6b90639c853572c0d25e9fadf9eea91320df1186.pkl,1
D:\08_Dataset\Internal\mar2020\pickle_files\5a4c35b01b6b41580e4fcf8310321936c82fe8af.pkl,1
D:\08_Dataset\Internal\mar2020\pickle_files\807e0e4daca86f3357e11ba6c277dc7647c92007.pkl,1
D:\08_Dataset\Internal\mar2020\pickle_files\fed209bf2c301c68ccf67ecf6515248022791fc1.pkl,1
D:\08_Dataset\Internal\mar2020\pickle_files\6b54abc71b9dd9f7414bd63d51f5b243761188d5.pkl,1
D:\08_Dataset\Internal\mar2020\pickle_files\fd0aa6e912c5a9e55eec4de6d95645d34cf38dae.pkl,1
D:\08_Dataset\Internal\mar2020\pickle_files\82da0e4d82bc3f8d3461994df63e4d874fdf9796.pkl,1
D:\08_Dataset\Internal\mar2020\pickle_files\a808b286e4c85310a09f378f7c4c161e02d09c6b.pkl,1
D:\08_Dataset\Internal\mar2020\pickle_files\df66bb885b566fc9174033012cd7a7a1f3a5c33e.pkl,1
D:\08_Dataset\Internal\mar2020\pickle_files\ac70d4b8b080916b5c5a88ad8bbcb61d519124c5.pkl,1
D:\08_Dataset\Internal\mar2020\pickle_files\15123e98ce7f2004e3751ae96e218c0601fc1de1.pkl,1
D:\08_Dataset\Internal\mar2020\pickle_files\b72ec0d067e3b2b334cf268509c2c6b18a27874a.pkl,1
D:\08_Dataset\Internal\mar2020\pickle_files\03d47a83694ebb8526494b3e68098905dae9ab06.pkl,1
D:\08_Dataset\Internal\mar2020\pickle_files\54be4b3b244d579db22fb327498a9e856e51dc51.pkl,1
D:\08_Dataset\Internal\mar2020\pickle_files\b24a9f6fd450927334486c108e1c5037b3ee4802.pkl,1
D:\08_Dataset\Internal\mar2020\pickle_files\cb39e746b29527d16b565280897c654d490af882.pkl,1
D:\08_Dataset\Internal\mar2020\pickle_files\0401e08156a452a0f113007c6c2d4b06cc827029.pkl,1
D:\08_Dataset\Internal\mar2020\pickle_files\ea02a557b90a98824f45f0ebd742966d31b5812d.pkl,1
D:\08_Dataset\Internal\mar2020\pickle_files\bb419c2dcb33cae428f9f42c00ddbcf35426cf71.pkl,1
D:\08_Dataset\Internal\mar2020\pickle_files\bf404f5668f0a90436df145e1c4a1dba3f52f940.pkl,1
D:\08_Dataset\Internal\mar2020\pickle_files\a56cd67297c6b6aa18673caa002d8b01f55be14a.pkl,1
D:\08_Dataset\Internal\mar2020\pickle_files\42a4b1e37108f2e6a4247fa425959a39afeafbc0.pkl,1
D:\08_Dataset\Internal\mar2020\pickle_files\0e11f03f581ff195c15a6acda28bd210b4924f94.pkl,1
D:\08_Dataset\Internal\mar2020\pickle_files\96b065a62d48ec7d787a735ec67b615d5edfba3b.pkl,1
D:\08_Dataset\Internal\mar2020\pickle_files\44553c2e65c31d71a7fbabb483776e5397073bb7.pkl,1
D:\08_Dataset\Internal\mar2020\pickle_files\def2a919723dcb280177c7d3551dd86ccbecfff9.pkl,1
D:\08_Dataset\Internal\mar2020\pickle_files\f8267dc07f9ace5f584c155dc74a1dfa6b19a996.pkl,1
D:\08_Dataset\Internal\mar2020\pickle_files\a90d48a8ee4489535e366d8f523e1aa81ab99572.pkl,1
D:\08_Dataset\Internal\mar2020\pickle_files\248b3d04c5c93a1f84c024a0ed92a88ace5eb9a3.pkl,1
D:\08_Dataset\Internal\mar2020\pickle_files\4e854b1db253ccbc84b28dc1614cd74cde1bb2e4.pkl,1
D:\08_Dataset\Internal\mar2020\pickle_files\00178f7c3bd7300ef1b40f3ed80b9e61589b9239.pkl,1
D:\08_Dataset\Internal\mar2020\pickle_files\651453e24af037f0b0316e44fba54c51c783d624.pkl,1
D:\08_Dataset\Internal\mar2020\pickle_files\9808f994734840d3c8e8b25c832743d61cccf6f0.pkl,1
D:\08_Dataset\Internal\mar2020\pickle_files\93af3641afb578f5d822a5315acc243d286f9d17.pkl,1
D:\08_Dataset\Internal\mar2020\pickle_files\d2e5338e867b888425437e97a65f3e5c1386d74d.pkl,1
D:\08_Dataset\Internal\mar2020\pickle_files\8d5c9ee09ad60cded828b244c175606822520a69.pkl,1
D:\08_Dataset\Internal\mar2020\pickle_files\cc0d3cef237b5306bbc6fba66b88fe627dd03735.pkl,1
D:\08_Dataset\Internal\mar2020\pickle_files\cc99045d84a4337109651b068a83c1c99aeea9f7.pkl,1
D:\08_Dataset\Internal\mar2020\pickle_files\231aad05c223e08101e10e17bf74b466e71e3be9.pkl,1
D:\08_Dataset\Internal\mar2020\pickle_files\f3d084421eac21aba6473437f5599be4f722d412.pkl,1
D:\08_Dataset\Internal\mar2020\pickle_files\a98e38be46b1e6e33a9f0f53a32ac89ad2bc4bd5.pkl,1
D:\08_Dataset\Internal\mar2020\pickle_files\819d3de1e2cfe3556f7412e95b86c06e7fe7989c.pkl,1
D:\08_Dataset\Internal\mar2020\pickle_files\d1538dc77aeada5e1fde28e12b18371db0037e30.pkl,1
D:\08_Dataset\Internal\mar2020\pickle_files\18c39abe8966a6abd48825e57c42e91287475a81.pkl,1
D:\08_Dataset\Internal\mar2020\pickle_files\7fe9da2a465f924a350aa29b6db34dcb04f86683.pkl,1
D:\08_Dataset\Internal\mar2020\pickle_files\9ca51de525e3839a1657e2823ad35858c9edfac0.pkl,1
D:\08_Dataset\Internal\mar2020\pickle_files\0254c6f3a243eaa97031de4461a82b6209afca87.pkl,1
D:\08_Dataset\Internal\mar2020\pickle_files\d44af854b9872ad70144f3a35b8ae38270fbf47e.pkl,1
D:\08_Dataset\Internal\mar2020\pickle_files\97583a0fc4254955976ac90c7aaf735d0c63f6dc.pkl,1
D:\08_Dataset\Internal\mar2020\pickle_files\a3c19cd3c220e66acb2c2864340deb106487997c.pkl,1
D:\08_Dataset\Internal\mar2020\pickle_files\0b3c873dd1dcd1a4d6404421f998397262702d73.pkl,1
D:\08_Dataset\Internal\mar2020\pickle_files\dd5b1138654f538c5919ea604843f7b2aa22c2a9.pkl,1
D:\08_Dataset\Internal\mar2020\pickle_files\764046fe72cd5200dd5d2861bee6ff48805998d7.pkl,1
D:\08_Dataset\Internal\mar2020\pickle_files\63eef0b34981c449f765643134b449b7c80ff4be.pkl,1
D:\08_Dataset\Internal\mar2020\pickle_files\2e812977395699e6b26f50a781f44d3df000a415.pkl,1
D:\08_Dataset\Internal\mar2020\pickle_files\3e80a0b3904a2cefe6c66cbaf6b93e00da106292.pkl,1
D:\08_Dataset\Internal\mar2020\pickle_files\8d62221a52b30afdabc1dff3d27dc9a4b326dbcf.pkl,1
D:\08_Dataset\Internal\mar2020\pickle_files\d47deb13bff5e24ff7a1d2e7697bfb7aed753b61.pkl,1
D:\08_Dataset\Internal\mar2020\pickle_files\d28076e45a81cade4c226a0bb92161a6cfc41bea.pkl,1
D:\08_Dataset\Internal\mar2020\pickle_files\aa39ab95e32ed372094e565602806e00c2e80987.pkl,1
D:\08_Dataset\Internal\mar2020\pickle_files\e0932c446c40dae7be1ad894e642d540bb9162a1.pkl,1
D:\08_Dataset\Internal\mar2020\pickle_files\57fbbe0b758559a4a96b60e7f69f6767dd9a4f5f.pkl,1
D:\08_Dataset\Internal\mar2020\pickle_files\07a8645c49f4cbf459ecd75faf4946c5f9d5fb51.pkl,1
D:\08_Dataset\Internal\mar2020\pickle_files\ac3628c14b47f2977d4facb1faccb50905d09ee0.pkl,1
D:\08_Dataset\Internal\mar2020\pickle_files\5441afa8191eb971166fb23e7d3ccc52d4586051.pkl,1
D:\08_Dataset\Internal\mar2020\pickle_files\5e6a7b10c962ab41540239d36b94686cffed78f7.pkl,1
D:\08_Dataset\Internal\mar2020\pickle_files\0173ce7e7b0ee38f1790fe6f1ece07182a09ab04.pkl,1
D:\08_Dataset\Internal\mar2020\pickle_files\fce60ed199b79b54f079e33530af3d247e1a3dac.pkl,1
D:\08_Dataset\Internal\mar2020\pickle_files\21bfbf8f124ece62b53ad3dce93415605045556b.pkl,1
D:\08_Dataset\Internal\mar2020\pickle_files\e51c548bdfecc2cc30b524b67a5892efb9c9d820.pkl,1
D:\08_Dataset\Internal\mar2020\pickle_files\db45784112cc79a3599a07fe978500c5046ffb02.pkl,1
D:\08_Dataset\Internal\mar2020\pickle_files\c075eaf99c93dd38224b8e4ce8013d10e341aa22.pkl,1
D:\08_Dataset\Internal\mar2020\pickle_files\4209a3a359e5fad97bdca48b6cc1c75c50fb4bba.pkl,1
D:\08_Dataset\Internal\mar2020\pickle_files\fa67eb80d084d46a45e944471d84c18d972a4e35.pkl,1
D:\08_Dataset\Internal\mar2020\pickle_files\04da5f296cc3aa92586a34ed311dfdb932f8c1af.pkl,1
D:\08_Dataset\Internal\mar2020\pickle_files\560ef3bd876cdc8e7c555af7dcea2aa8a4b1aba5.pkl,1
D:\08_Dataset\Internal\mar2020\pickle_files\0376ba355c2ec42bc1d0eb2792b5074a62f1e531.pkl,1
D:\08_Dataset\Internal\mar2020\pickle_files\9a48a20369f6e2c664a266bbaacc16b65d3be07d.pkl,1
D:\08_Dataset\Internal\mar2020\pickle_files\6c8c9cf49e50e3eedc447db4127d66174de439e3.pkl,1
D:\08_Dataset\Internal\mar2020\pickle_files\b0fddd015e391a2ba73a9c8ade5e631640a0a03d.pkl,1
D:\08_Dataset\Internal\mar2020\pickle_files\620ddd1dbd76a608f906bc827725a0baaa1edba4.pkl,1
D:\08_Dataset\Internal\mar2020\pickle_files\a5d04d59aa91c998bda96334fa8463a570495e27.pkl,1
D:\08_Dataset\Internal\mar2020\pickle_files\68768633fd6701c6f19f75d08b76befeea6d35e1.pkl,1
D:\08_Dataset\Internal\mar2020\pickle_files\d7078ea931ae2fdbd71633b5cdc04077c4cf0f2f.pkl,1
D:\08_Dataset\Internal\mar2020\pickle_files\5edc03c0fbf5cc16dc5bc23992264679f873e51f.pkl,1
D:\08_Dataset\Internal\mar2020\pickle_files\5ea4f7ffb92b7c08c30d8968e7334f18039ccc87.pkl,1
D:\08_Dataset\Internal\mar2020\pickle_files\6baab2ffd7c8bf5e068c9e119fa55f5becc8b8b7.pkl,1
D:\08_Dataset\Internal\mar2020\pickle_files\faca2771429d1b6ee5b5ba7abc42213c575210dd.pkl,1
D:\08_Dataset\Internal\mar2020\pickle_files\5d354f148d14614076876db3629d8d6d733a7799.pkl,1
D:\08_Dataset\Internal\mar2020\pickle_files\498493973f111544220aaccaa4d914135f7dfdba.pkl,1
D:\08_Dataset\Internal\mar2020\pickle_files\8bf8db1c25354817ce1ebbd5a6648b4f42f806ae.pkl,1
D:\08_Dataset\Internal\mar2020\pickle_files\91006fb0fab7e17d7b8923f60bd0cf00cdfd1f2a.pkl,1
D:\08_Dataset\Internal\mar2020\pickle_files\44163700defa59857c3d1b420b54ed8e779d516c.pkl,1
D:\08_Dataset\Internal\mar2020\pickle_files\390d6217fe2c819ce452b46e4afd5d67f125f46d.pkl,1
D:\08_Dataset\Internal\mar2020\pickle_files\7bf3bcb4f93bf88d1866c0fc37117c6b3dbb8b3b.pkl,1
D:\08_Dataset\Internal\mar2020\pickle_files\2bb53c576ddb5de65d28d764d8df255d034a6631.pkl,1
D:\08_Dataset\Internal\mar2020\pickle_files\a8cd42b1dc6041acba2ec0adc70ca0afee9d0622.pkl,1
D:\08_Dataset\Internal\mar2020\pickle_files\b1d890e97e11dcd27c2e0bc5997d4fd37e05a04d.pkl,1
D:\08_Dataset\Internal\mar2020\pickle_files\9b8fbc48f95c6e7a32b421103e78a228fffd6e70.pkl,1
D:\08_Dataset\Internal\mar2020\pickle_files\bc1227730609fff7fc1129429f8d3084809f14e9.pkl,1
D:\08_Dataset\Internal\mar2020\pickle_files\c5cbee3dcf9ba3b8a988f9865c6be8198c2b4be3.pkl,1
D:\08_Dataset\Internal\mar2020\pickle_files\3ca43dba499b01d45034f05752eda3ff6ef56e27.pkl,1
D:\08_Dataset\Internal\mar2020\pickle_files\d43cc29d957010b8fb8f6a1dbb51d7be1a1fc2cc.pkl,1
D:\08_Dataset\Internal\mar2020\pickle_files\4d395badeb52ad8aefcec69dfe4a3bc6d728e00d.pkl,1
D:\08_Dataset\Internal\mar2020\pickle_files\8f5b0c79c9623db7f67e48545f614901f9092358.pkl,1
D:\08_Dataset\Internal\mar2020\pickle_files\22541f8b18cdfbd00c02252fd6d50c76a08d9c27.pkl,1
D:\08_Dataset\Internal\mar2020\pickle_files\18728cf3b738f89acfa7ca7936b9e55ea5c08290.pkl,1
D:\08_Dataset\Internal\mar2020\pickle_files\766ed5db9039ec85d6998b54826fd7c3b62c7075.pkl,1
D:\08_Dataset\Internal\mar2020\pickle_files\afc01ccbc849bdc04bf223ba9915dfc39cf78c14.pkl,1
D:\08_Dataset\Internal\mar2020\pickle_files\e7811d54be723af83ffebf357687ffdb2735523d.pkl,1
D:\08_Dataset\Internal\mar2020\pickle_files\cbe616e47ba5612b5d0d39f80f02a0c7c7380123.pkl,1
D:\08_Dataset\Internal\mar2020\pickle_files\9ed21811869045bede7dc58a15a852efa55acc64.pkl,1
D:\08_Dataset\Internal\mar2020\pickle_files\6ebda4de4f1674dce060c02d0369cd8a0c3a0ea2.pkl,1
D:\08_Dataset\Internal\mar2020\pickle_files\97be28e0cc61a65e3392ab2525c0340b7d776a0c.pkl,1
D:\08_Dataset\Internal\mar2020\pickle_files\b9602692a1755ed977c1fc0919d6a8dbfc647e06.pkl,1
D:\08_Dataset\Internal\mar2020\pickle_files\c9e2aeb837c6fea2bfb2fd01c1746264946ca1de.pkl,1
D:\08_Dataset\Internal\mar2020\pickle_files\bba1c4eb2a9f22e257da4a226ec719a6e0921cd1.pkl,1
D:\08_Dataset\Internal\mar2020\pickle_files\1a827bb871c140082f772876127ee64e4914df2c.pkl,1
D:\08_Dataset\Internal\mar2020\pickle_files\a1bdc231968a197e1c38802ce420596b1bce7cde.pkl,1
D:\08_Dataset\Internal\mar2020\pickle_files\7d5415777fe17483976d1c71d33e815055485d03.pkl,1
D:\08_Dataset\Internal\mar2020\pickle_files\d4ea963d864c3383d2580b0259b86c3e57a73f2d.pkl,1
D:\08_Dataset\Internal\mar2020\pickle_files\6175a691a1ae84b71cc6d574f54240d5bbb466f0.pkl,1
D:\08_Dataset\Internal\mar2020\pickle_files\2fac5750fc8c40b36202a9137c4b0bbecebd6b65.pkl,1
D:\08_Dataset\Internal\mar2020\pickle_files\a171c49cb7f6eb9827589b50ed9225afbb6c43a3.pkl,1
D:\08_Dataset\Internal\mar2020\pickle_files\fc9e44ab5c9783a025978b1e2bf1402fdb73a0be.pkl,1
D:\08_Dataset\Internal\mar2020\pickle_files\7df1be7ccbe8dc6c3b57b654868cce6842a973a1.pkl,1
D:\08_Dataset\Internal\mar2020\pickle_files\463b50eabf4a0969c869bffeb116f5ad5aed7223.pkl,1
D:\08_Dataset\Internal\mar2020\pickle_files\84c4d72cb6b1b6549d8001578405024a1901b371.pkl,1
D:\08_Dataset\Internal\mar2020\pickle_files\9a807e77413175fae147cda685c7ec97c4135a39.pkl,1
D:\08_Dataset\Internal\mar2020\pickle_files\41bc923e3853530a50481563b711a21a110abcd0.pkl,1
D:\08_Dataset\Internal\mar2020\pickle_files\e1576ee6dbd84e6c266f64f60717f8e319bf4905.pkl,1
D:\08_Dataset\Internal\mar2020\pickle_files\2d847eee88350a5debd8fc24761cf7ba7cbe664b.pkl,1
D:\08_Dataset\Internal\mar2020\pickle_files\f651b9631731028ce82b8ae6870887704595d504.pkl,1
D:\08_Dataset\Internal\mar2020\pickle_files\d01afaf5dbf2a0887d42c4835d65fe0a79e3e452.pkl,1
D:\08_Dataset\Internal\mar2020\pickle_files\cc9cb59c8f6863c8fc26a3418526695c21daad92.pkl,1
D:\08_Dataset\Internal\mar2020\pickle_files\9d541cf8342edbae72447ee92d5b14e313e269eb.pkl,1
D:\08_Dataset\Internal\mar2020\pickle_files\58255afbddbfaaca42ec70f1454c0eaad5210576.pkl,1
D:\08_Dataset\Internal\mar2020\pickle_files\7e5b6593b50e318d845c8095599ef806988110d9.pkl,1
D:\08_Dataset\Internal\mar2020\pickle_files\d44bb7154205eab29f13076b9a9dcd2a5b66b6ec.pkl,1
D:\08_Dataset\Internal\mar2020\pickle_files\75d404fb77500b6cf0af4f920f7bad44ac06038c.pkl,1
D:\08_Dataset\Internal\mar2020\pickle_files\ad89abcea58ff3438251984566fddfb91450b066.pkl,1
D:\08_Dataset\Internal\mar2020\pickle_files\350f476c15f7978f749c74be15f58926948a162d.pkl,1
D:\08_Dataset\Internal\mar2020\pickle_files\d7358ce1ba34e4daa9f22b43b76391c0439c2abf.pkl,1
D:\08_Dataset\Internal\mar2020\pickle_files\3b8702788bf982bc60897b51850ea8fb52fcdb6c.pkl,1
D:\08_Dataset\Internal\mar2020\pickle_files\7a86ee57f46232ee89b82fe5bdb4e41a61802da6.pkl,1
D:\08_Dataset\Internal\mar2020\pickle_files\b81895d2ba3ccd92ed16710915bb47faba238567.pkl,1
D:\08_Dataset\Internal\mar2020\pickle_files\99d1eb47cbf7f87247d33be44a876c391e1998f1.pkl,1
D:\08_Dataset\Internal\mar2020\pickle_files\4fe528a88f33f5d2d28c73d8ef1a4ba86051e315.pkl,1
D:\08_Dataset\Internal\mar2020\pickle_files\93d48e6a4fe0542ba6cd65e293869400e029e1ff.pkl,1
D:\08_Dataset\Internal\mar2020\pickle_files\f780c212a0118955027b42b42a77d302afe6d52a.pkl,1
D:\08_Dataset\Internal\mar2020\pickle_files\2fd90e337b2475ba0b6459ff01301c281a4f85fc.pkl,1
D:\08_Dataset\Internal\mar2020\pickle_files\01818f9573cba763b2f1a25f835b0d9d55481125.pkl,1
D:\08_Dataset\Internal\mar2020\pickle_files\9638ccc83d8bb221c1880e59cc945e7b9f510fe2.pkl,1
D:\08_Dataset\Internal\mar2020\pickle_files\14f5678cd3f39a0be70fc78c83202dbd82d25f45.pkl,1
D:\08_Dataset\Internal\mar2020\pickle_files\76968c589206830660262e88873a025407aa092f.pkl,1
D:\08_Dataset\Internal\mar2020\pickle_files\80d718c794318c51859d01a7a52ff25351a6fbed.pkl,1
D:\08_Dataset\Internal\mar2020\pickle_files\01a319703d7f27ae0ed9cb2a5d8fa6a409c37aeb.pkl,1
D:\08_Dataset\Internal\mar2020\pickle_files\bcf11f09bb47a1b5c68954080779e9c15d843b85.pkl,1
D:\08_Dataset\Internal\mar2020\pickle_files\86e306bbea4a35841aa55d01660b1ea63d4f13e9.pkl,1
D:\08_Dataset\Internal\mar2020\pickle_files\20e7d2f04a164f231f683f5aca0bfc1acd89bff0.pkl,1
D:\08_Dataset\Internal\mar2020\pickle_files\4cfd96653fc1cee9dc9da04d4830ca85ad17ec89.pkl,1
D:\08_Dataset\Internal\mar2020\pickle_files\35a6e247e7d6babb63e681f0287380c0caa64256.pkl,1
D:\08_Dataset\Internal\mar2020\pickle_files\fe633592f312c1453a1ae952dce884c3a25ff48b.pkl,1
D:\08_Dataset\Internal\mar2020\pickle_files\772adfc00bdd7d2d0bff43c0a1f01fb539be1913.pkl,1
D:\08_Dataset\Internal\mar2020\pickle_files\92bf5a2704df5832fa4fa0e4cf2d1a2a1474d4bf.pkl,1
D:\08_Dataset\Internal\mar2020\pickle_files\ea7af0ea6d81988663d571b56bcea0fb6946a9dd.pkl,1
D:\08_Dataset\Internal\mar2020\pickle_files\1818ba77f66820ab4a1e874fa3f799689c086c9a.pkl,1
D:\08_Dataset\Internal\mar2020\pickle_files\c2cc10c9bbda9732933cc7b4e1643df422aeeb30.pkl,1
D:\08_Dataset\Internal\mar2020\pickle_files\f75efd481fa9044cbad13ad70f3bb94562f69837.pkl,1
D:\08_Dataset\Internal\mar2020\pickle_files\cb727bf3aec5b07bf244c89ff4bd6a91fe9da40a.pkl,1
D:\08_Dataset\Internal\mar2020\pickle_files\8648e870cd38fcf248b928848d29e4caae3113d9.pkl,1
D:\08_Dataset\Internal\mar2020\pickle_files\20d2009ba2477c868d29300f1211b7e7190d6884.pkl,1
D:\08_Dataset\Internal\mar2020\pickle_files\973b778a256d9c2a3a0b193091a8767e822f4501.pkl,1
D:\08_Dataset\Internal\mar2020\pickle_files\32d22d65de618dca4f7a72a81dcfc0f4f96d7bcc.pkl,1
D:\08_Dataset\Internal\mar2020\pickle_files\7ff92ff3168bf0466eb8189cbc5c1b7faeb465a1.pkl,1
D:\08_Dataset\Internal\mar2020\pickle_files\dbe126e251a85a1bb083c2a512d045436d46f9a1.pkl,1
D:\08_Dataset\Internal\mar2020\pickle_files\debb5287820c72230fc5bd6a7b58b42198960da4.pkl,1
D:\08_Dataset\Internal\mar2020\pickle_files\b97c80df7f86d5a7d6a21c80a2cef1aecfd16e6a.pkl,1
D:\08_Dataset\Internal\mar2020\pickle_files\2b0f32c32ae6a037898285b97d8e2325158d9f75.pkl,1
D:\08_Dataset\Internal\mar2020\pickle_files\0782bcf8daa9196f5479bb765196d9c00da8b3fa.pkl,1
D:\08_Dataset\Internal\mar2020\pickle_files\a36452973fea65504afd54244d6a214b7f1d641e.pkl,1
D:\08_Dataset\Internal\mar2020\pickle_files\c65f4f283f1114b1ffd0017be2a56d64ef4e331c.pkl,1
D:\08_Dataset\Internal\mar2020\pickle_files\98663a1e913aa7f043a9f52734196340ab1694ae.pkl,1
D:\08_Dataset\Internal\mar2020\pickle_files\35f7f2edff720d8170fb2b81836e459a394727b2.pkl,1
D:\08_Dataset\Internal\mar2020\pickle_files\6c18582a31d585c8f04644b7f5983e0844b7bc67.pkl,1
D:\08_Dataset\Internal\mar2020\pickle_files\9244473580b42b0cd868d41e4d41928b2ed96365.pkl,1
D:\08_Dataset\Internal\mar2020\pickle_files\b906a77aaa7937ad32d36086fd0c4d60604dba4c.pkl,1
D:\08_Dataset\Internal\mar2020\pickle_files\5704a722624a279248681bfb647d65c1520261ad.pkl,1
D:\08_Dataset\Internal\mar2020\pickle_files\634c0d1273b8fb1e02af06f0c2d62e24ef2153be.pkl,1
D:\08_Dataset\Internal\mar2020\pickle_files\b85340c1f2d0c85b1167f93d86ece185c7d5983c.pkl,1
D:\08_Dataset\Internal\mar2020\pickle_files\4c8698a85817193d1f14919fa3520ebca84b08e9.pkl,1
D:\08_Dataset\Internal\mar2020\pickle_files\9e6dba1994bdc09100d5aa22986864e7adabea74.pkl,1
D:\08_Dataset\Internal\mar2020\pickle_files\13b09f1f57c9a4dee28290251e1948f03f40b921.pkl,1
D:\08_Dataset\Internal\mar2020\pickle_files\b2d843bda43d7f10ecf6e7c07cf129c81b50f6a3.pkl,1
D:\08_Dataset\Internal\mar2020\pickle_files\b2edd2c5b268369949a36e98a93d69d8e7104562.pkl,1
D:\08_Dataset\Internal\mar2020\pickle_files\c374cdb5abfcac2b6f1f44e9dcb067ff5d676ed0.pkl,1
D:\08_Dataset\Internal\mar2020\pickle_files\5d16e423fbf5be641ead238ac17f76ed1e96a3a2.pkl,1
D:\08_Dataset\Internal\mar2020\pickle_files\35de8728a79959a2f24135f424bb5d19b9ae43a1.pkl,1
D:\08_Dataset\Internal\mar2020\pickle_files\1a792941ef9c0e4a8f6c4d716483a3f3b25b6e73.pkl,1
D:\08_Dataset\Internal\mar2020\pickle_files\1bc6542ad8c9c1cae3cf4830506e4dee89a14e5d.pkl,1
D:\08_Dataset\Internal\mar2020\pickle_files\834ee53c83f5a2e6a02bfe6effa645a22cd7d0fe.pkl,1
D:\08_Dataset\Internal\mar2020\pickle_files\45a62c208a311ddae32475c78e7fc6266d9a03d4.pkl,1
D:\08_Dataset\Internal\mar2020\pickle_files\ff4f6b9f7eddaf5be342dd0f81b1eddeb6166349.pkl,1
D:\08_Dataset\Internal\mar2020\pickle_files\3e4c5da9560f430a02cadfa9d3b0e933f2b93b3e.pkl,1
D:\08_Dataset\Internal\mar2020\pickle_files\d86494c6a80acf2f8f64232838ccd0cde298c73a.pkl,1
D:\08_Dataset\Internal\mar2020\pickle_files\be037065d8b679dad582313e951590e6a5bc2e5b.pkl,1
D:\08_Dataset\Internal\mar2020\pickle_files\074dbc8b00a3ef7e6753cb1f9f079f074e5b337a.pkl,1
D:\08_Dataset\Internal\mar2020\pickle_files\83a202a943bf4e7d668d1fb3fbcfe4f4fd6556f4.pkl,1
D:\08_Dataset\Internal\mar2020\pickle_files\33724f96fedce2de214579ba7d7dae749c66b6af.pkl,1
D:\08_Dataset\Internal\mar2020\pickle_files\276436e8c616a31f8238ce2282a93eea0dce4f9c.pkl,1
D:\08_Dataset\Internal\mar2020\pickle_files\f83f03e4f9e01d6984f83e68d676c4ffbb7cc1de.pkl,1
D:\08_Dataset\Internal\mar2020\pickle_files\ba66ac006eee1fc742fb4af0f54a4b3de90248bb.pkl,1
D:\08_Dataset\Internal\mar2020\pickle_files\ab793aba5835f9052815b7eee15465e3dfee7afb.pkl,1
D:\08_Dataset\Internal\mar2020\pickle_files\2a13d1932c9b452a62e7075d42889687129234d5.pkl,1
D:\08_Dataset\Internal\mar2020\pickle_files\aa584190447a5a3d6a47e5c46fd4e1fa24269225.pkl,1
D:\08_Dataset\Internal\mar2020\pickle_files\a6d3165c35100d5c908340950277a4643679cd63.pkl,1
D:\08_Dataset\Internal\mar2020\pickle_files\37b6209ec39bba9be57107fae397492d848e085c.pkl,1
D:\08_Dataset\Internal\mar2020\pickle_files\12a044486d52ce521cb274bc24bea632a497b76d.pkl,1
D:\08_Dataset\Internal\mar2020\pickle_files\7f6eb1d18ed25c9f67a02f3cf2365e5e1feafe02.pkl,1
D:\08_Dataset\Internal\mar2020\pickle_files\09c5d0ae3d95f4ca809cb7b66c311751b98e7d20.pkl,1
D:\08_Dataset\Internal\mar2020\pickle_files\ff284b111544a88cb0e236ae91b2f6ffa3a7efe7.pkl,1
D:\08_Dataset\Internal\mar2020\pickle_files\f8d5042622ee47e7721a09fbba8ac494773d103d.pkl,1
D:\08_Dataset\Internal\mar2020\pickle_files\68a5859e7d43528441c26e38399fd0288b40b192.pkl,1
D:\08_Dataset\Internal\mar2020\pickle_files\4d1740485713a2ab3a4f5822a01f645fe8387f92.pkl,1
D:\08_Dataset\Internal\mar2020\pickle_files\84664654485bae3e87878797397fa2ad0a32eadc.pkl,1
D:\08_Dataset\Internal\mar2020\pickle_files\9bf66079026480c5b620e8d9e2d5cab4e22813aa.pkl,1
D:\08_Dataset\Internal\mar2020\pickle_files\976669b9667570ce317b816e11fd10b47a3f8d30.pkl,1
D:\08_Dataset\Internal\mar2020\pickle_files\4ef013a6fb67c761ee6407bb710b55994832c415.pkl,1
D:\08_Dataset\Internal\mar2020\pickle_files\de8f4aaa3b894dfc35893df7babcaae1ddd3b7d8.pkl,1
D:\08_Dataset\Internal\mar2020\pickle_files\3e8af4d884caf0cca6ba60e5965110c1d1b22118.pkl,1
D:\08_Dataset\Internal\mar2020\pickle_files\fbd0730dad9e01900dddc98743809e56d1d9579a.pkl,1
D:\08_Dataset\Internal\mar2020\pickle_files\1bc5dcbdc175152f0dbe2a2904eafed18e325e47.pkl,1
D:\08_Dataset\Internal\mar2020\pickle_files\b7029b4b9b03e9b612b6a581db44eee65627e0a1.pkl,1
D:\08_Dataset\Internal\mar2020\pickle_files\ac030498722c3381083013399ef8c4cb3024c03f.pkl,1
D:\08_Dataset\Internal\mar2020\pickle_files\231c847e08c216948492b263e52f67a965ee2473.pkl,1
D:\08_Dataset\Internal\mar2020\pickle_files\befa2a2f6781fc9528d01ff78670884eb28a836c.pkl,1
D:\08_Dataset\Internal\mar2020\pickle_files\a2e50a5ec3ee59e3845dea9e3d37db55c85cca11.pkl,1
D:\08_Dataset\Internal\mar2020\pickle_files\b029a897e8308b537f9e679599ca06f496cf5c46.pkl,1
D:\08_Dataset\Internal\mar2020\pickle_files\bad3cbba75b2f18deb21f1f25720aa8eed020c87.pkl,1
D:\08_Dataset\Internal\mar2020\pickle_files\4e569d79706bb9f1887cfad128e03afcb6dc2b76.pkl,1
D:\08_Dataset\Internal\mar2020\pickle_files\4b3059633de1b872463bcfde3a031dfc9cc2fa8b.pkl,1
D:\08_Dataset\Internal\mar2020\pickle_files\f0e0c66aca267b57ae7949d848cc183a973a87a4.pkl,1
D:\08_Dataset\Internal\mar2020\pickle_files\7b836f21c46fd1c638716064f690488258443498.pkl,1
D:\08_Dataset\Internal\mar2020\pickle_files\1ed9c10ceb3997f726035a9390769566625e8454.pkl,1
D:\08_Dataset\Internal\mar2020\pickle_files\c26f963cec68c756044b09d5aa0222865430d26d.pkl,1
D:\08_Dataset\Internal\mar2020\pickle_files\75a083e2ba3e9b9fb731af5264f78ffe8b05d510.pkl,1
D:\08_Dataset\Internal\mar2020\pickle_files\dbe0d403b5288dccfadefd86d69f55c65607546b.pkl,1
D:\08_Dataset\Internal\mar2020\pickle_files\24d78da768bb0c3fe2986265b2a1725758729e50.pkl,1
D:\08_Dataset\Internal\mar2020\pickle_files\c0aa0b37fb6708649733c773e8f07c448b19fc00.pkl,1
D:\08_Dataset\Internal\mar2020\pickle_files\dc7e8b5c5268381b654d03c8d543b5b8f7b4f78a.pkl,1
D:\08_Dataset\Internal\mar2020\pickle_files\b57e2bdf5ab34e2b40dbc8c6c9aa58fef5a3386e.pkl,1
D:\08_Dataset\Internal\mar2020\pickle_files\baef37bdc72dd193949d2b76fde6e2b6e8ab5d08.pkl,1
D:\08_Dataset\Internal\mar2020\pickle_files\dd3aea2faff690a775a5d9f70aab2403362f654c.pkl,1
D:\08_Dataset\Internal\mar2020\pickle_files\42f72396b46df55578ede66d7a4ae8a3e9fa0ba5.pkl,1
D:\08_Dataset\Internal\mar2020\pickle_files\1e1f39ab65eb2cf04b9f1d5b9780fafc1b43675f.pkl,1
D:\08_Dataset\Internal\mar2020\pickle_files\01cdf39f4ae8c6846f956f65c9c8ea5936d3dfd3.pkl,1
D:\08_Dataset\Internal\mar2020\pickle_files\ac40695c721dfa84fde94f446cc74065362c57a4.pkl,1
D:\08_Dataset\Internal\mar2020\pickle_files\4de52ecede36c21deef026a52c2afb0ab13f6874.pkl,1
D:\08_Dataset\Internal\mar2020\pickle_files\2b0f08fd3d2fac4cf6bd39501f912ba96eadef30.pkl,1
D:\08_Dataset\Internal\mar2020\pickle_files\2246c1028baf08e1ab1d309dde1eb295fa17d569.pkl,1
D:\08_Dataset\Internal\mar2020\pickle_files\01255a76575316b7cb9620170c483d680c505810.pkl,1
D:\08_Dataset\Internal\mar2020\pickle_files\1fb70b4e0f91d5aecf55137fa36178350a6f5ee8.pkl,1
D:\08_Dataset\Internal\mar2020\pickle_files\8aea73ced12e31993db7d7a870a56ae0c0494603.pkl,1
D:\08_Dataset\Internal\mar2020\pickle_files\23091f7e867cb9bc7ad14aea6b2f1daba2ae6588.pkl,1
D:\08_Dataset\Internal\mar2020\pickle_files\e1fef5b83514ec4778d869410c4cd44a7c024acd.pkl,1
D:\08_Dataset\Internal\mar2020\pickle_files\bc0493fdccaef45e8ed2368cabaeb708c9e10f3a.pkl,1
D:\08_Dataset\Internal\mar2020\pickle_files\6128af0d33c1bda22bcfde3dda1df5d4b67f0b08.pkl,1
D:\08_Dataset\Internal\mar2020\pickle_files\19761c2eae8bc20d9a1543d0dedea2e6fef79dcd.pkl,1
D:\08_Dataset\Internal\mar2020\pickle_files\a20b7d3f3340065705f06ce9ad854955da1fb454.pkl,1
D:\08_Dataset\Internal\mar2020\pickle_files\394ce02635589f755ae2363ae42532fe49c5b158.pkl,1
D:\08_Dataset\Internal\mar2020\pickle_files\b075f3b07b639675c3ad305f01cff0c01213dd4d.pkl,1
D:\08_Dataset\Internal\mar2020\pickle_files\54b4bb0ffe10b8d5857c122acf604d52c0c815a3.pkl,1
D:\08_Dataset\Internal\mar2020\pickle_files\61e9564d1602a14c3dcc1a5f4e72ae4cc79190ca.pkl,1
D:\08_Dataset\Internal\mar2020\pickle_files\222d060c262feb3c3af9035bb113f27f826224f3.pkl,1
D:\08_Dataset\Internal\mar2020\pickle_files\676d5112a0af01931f157b927af174a17035f29e.pkl,1
D:\08_Dataset\Internal\mar2020\pickle_files\95ef686b11f2a9bbd4177f96284925c6451b9313.pkl,1
D:\08_Dataset\Internal\mar2020\pickle_files\c86c7811bdecdb75f45dd247161b5316d0792f79.pkl,1
D:\08_Dataset\Internal\mar2020\pickle_files\54ef47636c2f7f5c561e438c3ebf25d762d131b9.pkl,1
D:\08_Dataset\Internal\mar2020\pickle_files\f94c546174f4f8c28a0ce2558a26ebac0c8c7603.pkl,1
D:\08_Dataset\Internal\mar2020\pickle_files\fa6efb4431384d46a3f17676a927bf1eef248cca.pkl,1
D:\08_Dataset\Internal\mar2020\pickle_files\b9fd56eb0783fe20c9f7f2bb9804b2ecd2f9e543.pkl,1
D:\08_Dataset\Internal\mar2020\pickle_files\a688829d5119ae346b63566942bcd14a338a273f.pkl,1
D:\08_Dataset\Internal\mar2020\pickle_files\b043b4b12ecee3402b80616fdea40446251e4c65.pkl,1
D:\08_Dataset\Internal\mar2020\pickle_files\f8aa1f29d05cb9c66b30aa2182e587a05e2f0984.pkl,1
D:\08_Dataset\Internal\mar2020\pickle_files\8ebce155715344275ab62cced386e975eabfeeee.pkl,1
D:\08_Dataset\Internal\mar2020\pickle_files\e6e730263d4229c66e54ad8d43d4143b20ffa74a.pkl,1
D:\08_Dataset\Internal\mar2020\pickle_files\3131a73c386c2609f68a9cbdbae0cc653855d71d.pkl,1
D:\08_Dataset\Internal\mar2020\pickle_files\7eef5fdce4ae89c875186f0619dda67424b0eb59.pkl,1
D:\08_Dataset\Internal\mar2020\pickle_files\f6b15a3851010974b3197ee5436b897c710805ae.pkl,1
D:\08_Dataset\Internal\mar2020\pickle_files\11925665900d6fda90a4377dfa12f977a414e4c2.pkl,1
D:\08_Dataset\Internal\mar2020\pickle_files\1460dfbcd7b97c7893b187705d35a4949429c4dc.pkl,1
D:\08_Dataset\Internal\mar2020\pickle_files\90eb0695a09ec6326a04978d28b0b765bff13dd4.pkl,1
D:\08_Dataset\Internal\mar2020\pickle_files\a72dd880a725eefe132007355a09b7615e274465.pkl,1
D:\08_Dataset\Internal\mar2020\pickle_files\8debc24d82f7e4fbac3f37ab911b5cd162982304.pkl,1
D:\08_Dataset\Internal\mar2020\pickle_files\364aee51b436905b130156137bb034860e18ebc6.pkl,1
D:\08_Dataset\Internal\mar2020\pickle_files\1f9e6ac154af8e34f69f6b8ca8e034257c8c568d.pkl,1
D:\08_Dataset\Internal\mar2020\pickle_files\39d98a86b54d6d1317da1e32176b7914b556406e.pkl,1
D:\08_Dataset\Internal\mar2020\pickle_files\9d01a9aac8acacec265d354e91a6323ffd734c3e.pkl,1
D:\08_Dataset\Internal\mar2020\pickle_files\247dfba38e79c5751e7d3b539282a024ae9f4484.pkl,1
D:\08_Dataset\Internal\mar2020\pickle_files\f7e9706122ab1518771c9f60b6f88ffdadac70e1.pkl,1
D:\08_Dataset\Internal\mar2020\pickle_files\30b840ed9749c0b4394171e043077c956a016c40.pkl,1
D:\08_Dataset\Internal\mar2020\pickle_files\06f4a9fc4d6d8cc3d52c330d7a8201c72919f4c4.pkl,1
D:\08_Dataset\Internal\mar2020\pickle_files\8dd993578021f3d111503254b6f2b180a084eb17.pkl,1
D:\08_Dataset\Internal\mar2020\pickle_files\55e94ab7db2bbdeadc8d4777535b54261012ff0a.pkl,1
D:\08_Dataset\Internal\mar2020\pickle_files\45b29e1cb46a7c025f7783e91fd5a328c85d3242.pkl,1
D:\08_Dataset\Internal\mar2020\pickle_files\11741b51e5ef6ec8481dc3b99919155dcf17b224.pkl,1
D:\08_Dataset\Internal\mar2020\pickle_files\ff5490d1bb2742e0501358229c31bff2064180ee.pkl,1
D:\08_Dataset\Internal\mar2020\pickle_files\2d330ef7d6e652b9819e631dfd1b0b73fa871044.pkl,1
D:\08_Dataset\Internal\mar2020\pickle_files\0eb92bd4ddf844d96ee59b6f37aafca978320fb8.pkl,1
D:\08_Dataset\Internal\mar2020\pickle_files\c9d5adb26124a52513cb3d25fa4626f46c5b0df3.pkl,1
D:\08_Dataset\Internal\mar2020\pickle_files\e7737b46d51f137f4c353b42f3f57c56683b97de.pkl,1
D:\08_Dataset\Internal\mar2020\pickle_files\12bb66580dced91f3b66357e90a482762c80d8ef.pkl,1
D:\08_Dataset\Internal\mar2020\pickle_files\b5ffee87e0376368f0b403a223b035fde3e138c5.pkl,1
D:\08_Dataset\Internal\mar2020\pickle_files\547def3e343888be06a850126d54d673cc769f52.pkl,1
D:\08_Dataset\Internal\mar2020\pickle_files\1bb7fbcad724c665f1f5ef57e6cbd2b906aa8258.pkl,1
D:\08_Dataset\Internal\mar2020\pickle_files\8a9e2fd007b52c101d79d9af5a2e997c12a01a99.pkl,1
D:\08_Dataset\Internal\mar2020\pickle_files\cffa689780fd24d93e55d8564a031e7a22396118.pkl,1
D:\08_Dataset\Internal\mar2020\pickle_files\3c73e43e849f7c3b0b7bab6ea639445bfb2b3c98.pkl,1
D:\08_Dataset\Internal\mar2020\pickle_files\5d0f0ee0fd11dc8b352a6f76d391513575a5c27d.pkl,1
D:\08_Dataset\Internal\mar2020\pickle_files\55ac58655d3ae209bd8b1395b81abf6ca9f88684.pkl,1
D:\08_Dataset\Internal\mar2020\pickle_files\d5e1af400be42db5ed9bafd5f65ffcce72f2e6aa.pkl,1
D:\08_Dataset\Internal\mar2020\pickle_files\f5d4f2f2ec4e3df48709a372565be6e17963ed5d.pkl,1
D:\08_Dataset\Internal\mar2020\pickle_files\13a4674701723644ee6f200bb6aee3635ae5d399.pkl,1
D:\08_Dataset\Internal\mar2020\pickle_files\bd3c2c8ba10a7d572c0279b028e85a1a904832fb.pkl,1
D:\08_Dataset\Internal\mar2020\pickle_files\d7e2f725ec32dea76882902c69175f5976cbae40.pkl,1
D:\08_Dataset\Internal\mar2020\pickle_files\88406a44aef4b2b8ac362827bba1067d0140a35a.pkl,1
D:\08_Dataset\Internal\mar2020\pickle_files\63dc45e77e36b9008861c1afdc55978da15da8a7.pkl,1
D:\08_Dataset\Internal\mar2020\pickle_files\7c4974a59014b14f4549bc6c1bcfc1f092b7dfd7.pkl,1
D:\08_Dataset\Internal\mar2020\pickle_files\023d72194b5773a088b44259231a6b913067c3b6.pkl,1
D:\08_Dataset\Internal\mar2020\pickle_files\f6e50f5fdc2d207af257c7ab597d4cb3b3f48e89.pkl,1
D:\08_Dataset\Internal\mar2020\pickle_files\df7bc73c6ea1c22c493543f0e4910928e6a4db46.pkl,1
D:\08_Dataset\Internal\mar2020\pickle_files\708a4099a54bee54bb69a38e0a09fccc67c2790d.pkl,1
D:\08_Dataset\Internal\mar2020\pickle_files\74157970798591227e69d4a0fc9ca154f3b59737.pkl,1
D:\08_Dataset\Internal\mar2020\pickle_files\21e47da203107f2af419ed78316c196811817fd0.pkl,1
D:\08_Dataset\Internal\mar2020\pickle_files\1e4430d889585335eda498e783e44d665c89f773.pkl,1
D:\08_Dataset\Internal\mar2020\pickle_files\f6bfceb503854bfe92584b4547d5f066530a563b.pkl,1
D:\08_Dataset\Internal\mar2020\pickle_files\e545999cdaa85d079d3573254fb396ae1036a74e.pkl,1
D:\08_Dataset\Internal\mar2020\pickle_files\4e2df0d9df835e0d5f7b08a09484f6a3b01e036b.pkl,1
D:\08_Dataset\Internal\mar2020\pickle_files\5e06659030a1430e8d183c03d196cccc389176c5.pkl,1
D:\08_Dataset\Internal\mar2020\pickle_files\91af3dc7525626d6f77b8e7704e68d70d56e9815.pkl,1
D:\08_Dataset\Internal\mar2020\pickle_files\26c389cf37901e5309e775fd58e9522903e0c778.pkl,1
D:\08_Dataset\Internal\mar2020\pickle_files\dd183a395e7140467a82de1cf4bcc3926225961f.pkl,1
D:\08_Dataset\Internal\mar2020\pickle_files\64b352bfd0081753c60773a9e7d858b315f096b1.pkl,1
D:\08_Dataset\Internal\mar2020\pickle_files\76d54532deb1d601d2905904711d2d78b352b651.pkl,1
D:\08_Dataset\Internal\mar2020\pickle_files\982d24d5222fb58e5fd33702da645c58add77be9.pkl,1
D:\08_Dataset\Internal\mar2020\pickle_files\38996974e3057af0270da8bafb473f2853d5b9de.pkl,1
D:\08_Dataset\Internal\mar2020\pickle_files\8e9172bce6df935b03c9ca1fa8f3d29b507e00fa.pkl,1
D:\08_Dataset\Internal\mar2020\pickle_files\8cdcdbfd13600c34536bf35b5f66b3bf27f95ac5.pkl,1
D:\08_Dataset\Internal\mar2020\pickle_files\e21afd31787065cdf5caf07dcd627fa35ec967c7.pkl,1
D:\08_Dataset\Internal\mar2020\pickle_files\139ad2f2d2a7ec9f8a29ac268e740770d45162ca.pkl,1
D:\08_Dataset\Internal\mar2020\pickle_files\41d13fb49a91ca38cdd8983d5145180a5cb875a6.pkl,1
D:\08_Dataset\Internal\mar2020\pickle_files\39c0297f73dc0679e2ca0d462cc9bc0de02d4f64.pkl,1
D:\08_Dataset\Internal\mar2020\pickle_files\4c647131110f246efa2e83d413c57a666c2510af.pkl,1
D:\08_Dataset\Internal\mar2020\pickle_files\fc5c5d209229ad299ebd3733863766229b9d8acf.pkl,1
D:\08_Dataset\Internal\mar2020\pickle_files\44aa10a49237c01638e407abaeb42c41ae0646b2.pkl,1
D:\08_Dataset\Internal\mar2020\pickle_files\afbe550ad01b0d9e14400795853ca784eb4cd364.pkl,1
D:\08_Dataset\Internal\mar2020\pickle_files\48980bfce3a60c519c0ae18f054f217ecdd92abc.pkl,1
D:\08_Dataset\Internal\mar2020\pickle_files\5d475cf897a74102fed8374ea79e0986360b496d.pkl,1
D:\08_Dataset\Internal\mar2020\pickle_files\55c8a1f4011d08c866e6621ea2ee52c074f29754.pkl,1
D:\08_Dataset\Internal\mar2020\pickle_files\3af580a6d48ab91414f9f960b162fd003a7c18bf.pkl,1
D:\08_Dataset\Internal\mar2020\pickle_files\aa2f551470d2d43834e097845d3354a844e46998.pkl,1
D:\08_Dataset\Internal\mar2020\pickle_files\4e56ed37ce723f7e62dc7385633e094106a77c41.pkl,1
D:\08_Dataset\Internal\mar2020\pickle_files\069cbddb92ea0ced3588992e4cbed4ff1925c5b7.pkl,1
D:\08_Dataset\Internal\mar2020\pickle_files\f65f583e6e74d13d08e58f0525a5f19b6e61eb2c.pkl,1
D:\08_Dataset\Internal\mar2020\pickle_files\df4856d3abd134b92b9338dc6f796510c7e9a70c.pkl,1
D:\08_Dataset\Internal\mar2020\pickle_files\fcc8318b57df9d7b313e7c2cf7a4ac612a1cd92b.pkl,1
D:\08_Dataset\Internal\mar2020\pickle_files\cd3ef8afb319050ebd19907a19f09cddbc9c57c4.pkl,1
D:\08_Dataset\Internal\mar2020\pickle_files\bc941947bc7c0d058cbc606c63dead0b77a6df27.pkl,1
D:\08_Dataset\Internal\mar2020\pickle_files\9c650616f4ab711cf6064b91e6d87307483da952.pkl,1
D:\08_Dataset\Internal\mar2020\pickle_files\dce789f353af2bbed228fd254d788ca35c6d965f.pkl,1
D:\08_Dataset\Internal\mar2020\pickle_files\2b9e629a75232fee4429684f519698690e0ded31.pkl,1
D:\08_Dataset\Internal\mar2020\pickle_files\fb0af74cb05493108215655f6eed1340cef7f142.pkl,1
D:\08_Dataset\Internal\mar2020\pickle_files\679dad7dffa22015ca72adbae2017bbc142b552d.pkl,1
D:\08_Dataset\Internal\mar2020\pickle_files\a5f6d9f47724ff65ee944f4f4f7e733ad5c3d9e3.pkl,1
D:\08_Dataset\Internal\mar2020\pickle_files\0d0242a2f4be2c703f053e94f3cbe76eaf396e5e.pkl,1
D:\08_Dataset\Internal\mar2020\pickle_files\847061a0cbf21e98303794804e18bcab96b2227b.pkl,1
D:\08_Dataset\Internal\mar2020\pickle_files\7e3ea41007a4bbf4e59f6061cc632f193f56959d.pkl,1
D:\08_Dataset\Internal\mar2020\pickle_files\441ca619ae1353a360b3d7edfbb3cb0155ad45ee.pkl,1
D:\08_Dataset\Internal\mar2020\pickle_files\a72654a8590dc594571da6c2a42e29332607b8ff.pkl,1
D:\08_Dataset\Internal\mar2020\pickle_files\3db35914a03a8901db1d4ad1d8b17de588539374.pkl,1
D:\08_Dataset\Internal\mar2020\pickle_files\ad86d727ad0e6d02b730f720f2880f6bbb55e5a6.pkl,1
D:\08_Dataset\Internal\mar2020\pickle_files\8d2c717d817166d08cf2c5cfa983abef87c2f4b7.pkl,1
D:\08_Dataset\Internal\mar2020\pickle_files\fdb0b410277fd13e741445b9bdd83fbb527280b6.pkl,1
D:\08_Dataset\Internal\mar2020\pickle_files\7e5ed7def23713761fa7abb2f0d8a854acf63438.pkl,1
D:\08_Dataset\Internal\mar2020\pickle_files\12246dbf2b725f5259fdf6a453e5d32de19680c9.pkl,1
D:\08_Dataset\Internal\mar2020\pickle_files\b05cb45048ae72de55bdfb84bc46773eb799a374.pkl,1
D:\08_Dataset\Internal\mar2020\pickle_files\5c2abcf4485742631e76fe4da052c21aa1481222.pkl,1
D:\08_Dataset\Internal\mar2020\pickle_files\5c9409300ca0d75db718ebff82cbe0ed54073186.pkl,1
D:\08_Dataset\Internal\mar2020\pickle_files\df6fb5eabe35c54d935fd62a7fa23bfb7a6b593e.pkl,1
D:\08_Dataset\Internal\mar2020\pickle_files\b9daa71224bce513fe7f29d0fef881c293bb54e4.pkl,1
D:\08_Dataset\Internal\mar2020\pickle_files\b42342543b138ff6b239addf55e15c7c805a663b.pkl,1
D:\08_Dataset\Internal\mar2020\pickle_files\b6a0ab2132df1b5f0feae045b1464055d7ccd22c.pkl,1
D:\08_Dataset\Internal\mar2020\pickle_files\2b2d4e7043c57a5f7fafa9f2531b6adea868f700.pkl,1
D:\08_Dataset\Internal\mar2020\pickle_files\d72513d1f121fe8bbbe492025f6bfb76d5765cff.pkl,1
D:\08_Dataset\Internal\mar2020\pickle_files\35e3f4df78c9e4d3834e3b0b670eeb05b8aebbda.pkl,1
D:\08_Dataset\Internal\mar2020\pickle_files\e4c7854d0bba36e3ce5c03963004bf774dc2354e.pkl,1
D:\08_Dataset\Internal\mar2020\pickle_files\9fc60c783a9f9fc10882a8c0fd11c265d180db37.pkl,1
D:\08_Dataset\Internal\mar2020\pickle_files\775880b71414f9e2cb6ac3888325626cca3572e0.pkl,1
D:\08_Dataset\Internal\mar2020\pickle_files\65e56bee4863ac4c984cea95df7dfd0424b1209a.pkl,1
D:\08_Dataset\Internal\mar2020\pickle_files\ae49ae92e241623c9597729e89e1c2e73a877add.pkl,1
D:\08_Dataset\Internal\mar2020\pickle_files\19e13e9dbbf5a224076fec336b4b88e0432f447a.pkl,1
D:\08_Dataset\Internal\mar2020\pickle_files\95f55c9298662166ab06e89ea8c2fbcebf08d577.pkl,1
D:\08_Dataset\Internal\mar2020\pickle_files\b058055970872879f80fd4e5bd17eebc9aabd93e.pkl,1
D:\08_Dataset\Internal\mar2020\pickle_files\35acf7ebaf7255cc7663f4cbb77da13619fd34a9.pkl,1
D:\08_Dataset\Internal\mar2020\pickle_files\8bd11503d3327c75f2b5d1e40cbfce791a92ba74.pkl,1
D:\08_Dataset\Internal\mar2020\pickle_files\5553a02cdea52736fdea16baa077fd7a1061fd8a.pkl,1
D:\08_Dataset\Internal\mar2020\pickle_files\08975a9dc7ab9c35039de8c105f02ea54b220285.pkl,1
D:\08_Dataset\Internal\mar2020\pickle_files\7d7dc7e4f65695811170ad4ce7c869b5baadee45.pkl,1
D:\08_Dataset\Internal\mar2020\pickle_files\cedf4a6e97ec4bfd7d2f3033bc23679b978ed26b.pkl,1
D:\08_Dataset\Internal\mar2020\pickle_files\dacc66992cfa3d675f19b0b2cdb5aab4f3cfae02.pkl,1
D:\08_Dataset\Internal\mar2020\pickle_files\3cad965f03f2b4e11b3cee2ef9a57938aaa7cb72.pkl,1
D:\08_Dataset\Internal\mar2020\pickle_files\e68893c3a1052133d2d4ecffe8033d430086872d.pkl,1
D:\08_Dataset\Internal\mar2020\pickle_files\2129585f2949a8ea6800a5825e8ee0b1473134da.pkl,1
D:\08_Dataset\Internal\mar2020\pickle_files\10059789ceeee50bc008157bdc82348cc381b8be.pkl,1
D:\08_Dataset\Internal\mar2020\pickle_files\5cc71399a94a70c08720c87e6c553f79f93d614b.pkl,1
D:\08_Dataset\Internal\mar2020\pickle_files\dce603056e0985cb8533e5a10cf2010290a4df81.pkl,1
D:\08_Dataset\Internal\mar2020\pickle_files\9df4e1316361927e994fd0d20cb86ffc31764b9c.pkl,1
D:\08_Dataset\Internal\mar2020\pickle_files\842da6c8e17b9618eec29ce533818e3b0fcea713.pkl,1
D:\08_Dataset\Internal\mar2020\pickle_files\459cce26bdec04e8ed1b729996cac8425547ca2c.pkl,1
D:\08_Dataset\Internal\mar2020\pickle_files\935eb6839ae6ab41579abd9b936dec67eb2e60ec.pkl,1
D:\08_Dataset\Internal\mar2020\pickle_files\7f63434b0f335550434eaa8182869feba4a8fc09.pkl,1
D:\08_Dataset\Internal\mar2020\pickle_files\d199a9cd1a3d55314f1a9813281dc49de93fba4a.pkl,1
D:\08_Dataset\Internal\mar2020\pickle_files\1ef6cfba1e8a878ed56936b44a7130fb396faa17.pkl,1
D:\08_Dataset\Internal\mar2020\pickle_files\2b6e8e73da8314ac2d95a924527c982440c58574.pkl,1
D:\08_Dataset\Internal\mar2020\pickle_files\ed6f6a519c51055159cadd04db1ae9e18d236a91.pkl,1
D:\08_Dataset\Internal\mar2020\pickle_files\9c08db0f0f24fde99184055e0a6cf4dacc8222cf.pkl,1
D:\08_Dataset\Internal\mar2020\pickle_files\cec18bdc52c2a3e05d9aaf93311df4355b985b6b.pkl,1
D:\08_Dataset\Internal\mar2020\pickle_files\6b3fb5cf0d9c6b32e4aa015c7a26c7af13f7696f.pkl,1
D:\08_Dataset\Internal\mar2020\pickle_files\03866976c38584cee05e579bad2c621410948615.pkl,1
D:\08_Dataset\Internal\mar2020\pickle_files\7f42ddb94acffe33136edd6656c808c055209786.pkl,1
D:\08_Dataset\Internal\mar2020\pickle_files\254dfdc8c370c3826890936114ba96077eb429aa.pkl,1
D:\08_Dataset\Internal\mar2020\pickle_files\e0cd7bafb3c28a3f72a1557ec063803d9c99651c.pkl,1
D:\08_Dataset\Internal\mar2020\pickle_files\010c996ecb20aac19aefe62f187bb35d54345d8e.pkl,1
D:\08_Dataset\Internal\mar2020\pickle_files\658dd894534d592915f84619b5113d258a1e03b5.pkl,1
D:\08_Dataset\Internal\mar2020\pickle_files\5551cda86a240c6940231a2cba53948456016d79.pkl,1
D:\08_Dataset\Internal\mar2020\pickle_files\6f1a7ed454405b8f4e83519d77a647bbe628cb9f.pkl,1
D:\08_Dataset\Internal\mar2020\pickle_files\4bed4a0ea254d3e92bec1a0b472d0342f21aff6e.pkl,1
D:\08_Dataset\Internal\mar2020\pickle_files\8240f83d80c27d946caa837c6db6937dbc550d72.pkl,1
D:\08_Dataset\Internal\mar2020\pickle_files\482572e5a37d916247ed36ff615cbcfaae1e7846.pkl,1
D:\08_Dataset\Internal\mar2020\pickle_files\6b04b148b5813cd76cd027dd874c91270fd299c5.pkl,1
D:\08_Dataset\Internal\mar2020\pickle_files\e33200864ca9da74c65620e19c7b4899751ec56e.pkl,1
D:\08_Dataset\Internal\mar2020\pickle_files\029e0288fa2f38a3dd47de556a0645e9bea8d03f.pkl,1
D:\08_Dataset\Internal\mar2020\pickle_files\906c0913d6b576409bfa86bf79a4f55ab9027c95.pkl,1
D:\08_Dataset\Internal\mar2020\pickle_files\3df1bd767d89ea4343b01e08b00d0fd26396f382.pkl,1
D:\08_Dataset\Internal\mar2020\pickle_files\2290b3eeff58790412bb688e82a14267d8168dcb.pkl,1
D:\08_Dataset\Internal\mar2020\pickle_files\5b5e497bddd22de4243b8cc14c1bf17bce266093.pkl,1
D:\08_Dataset\Internal\mar2020\pickle_files\1bf892df0124e17c1697403287b96a55a11b7c59.pkl,1
D:\08_Dataset\Internal\mar2020\pickle_files\571f805979bfe54a24be7b211f6166d4e028b8f2.pkl,1
D:\08_Dataset\Internal\mar2020\pickle_files\6f8834beef954093e0aedbac5d03cf8ed6809a56.pkl,1
D:\08_Dataset\Internal\mar2020\pickle_files\4b64f9c8675cba1091c19368e2b15bfd5a92df49.pkl,1
D:\08_Dataset\Internal\mar2020\pickle_files\000752cdcaac857d54b0c73eee2e1e4926fb9515.pkl,1
D:\08_Dataset\Internal\mar2020\pickle_files\30b1a897ce6788903613f21da11fbf333506a072.pkl,1
D:\08_Dataset\Internal\mar2020\pickle_files\710fe14adebd264377186db2fea324f965ad066f.pkl,1
D:\08_Dataset\Internal\mar2020\pickle_files\d1f725081310f7730107d0f3f5573403f8a56f8f.pkl,1
D:\08_Dataset\Internal\mar2020\pickle_files\881620668254e5e5ec9571e2b6db907cfd64ad30.pkl,1
D:\08_Dataset\Internal\mar2020\pickle_files\c3a08d6d5709705a31ebff2b77d8ae1bc7e3e154.pkl,1
D:\08_Dataset\Internal\mar2020\pickle_files\100e006ccc04b4e737a2356e8a1d09469beb093e.pkl,1
D:\08_Dataset\Internal\mar2020\pickle_files\8b2bf9b0eb128fb1354ddcf3960544060bd922f5.pkl,1
D:\08_Dataset\Internal\mar2020\pickle_files\823737cd28af52f4ac4839b3f5ca9fd0548ad429.pkl,1
D:\08_Dataset\Internal\mar2020\pickle_files\5382dad4148554aaa46287719b56252f09c4ced1.pkl,1
D:\08_Dataset\Internal\mar2020\pickle_files\c8c9998c427a369fb00721b2ae651acbc71b5299.pkl,1
D:\08_Dataset\Internal\mar2020\pickle_files\d7ecbfd23855998edb815b702738af22e419c74b.pkl,1
D:\08_Dataset\Internal\mar2020\pickle_files\6092b5bbdf203364942bcc14f4de8da3d3fac025.pkl,1
D:\08_Dataset\Internal\mar2020\pickle_files\ff074b017d8a38bfa73d4ecc6f74579ddc7a5d15.pkl,1
D:\08_Dataset\Internal\mar2020\pickle_files\5338ed84cff7ce2938a87a0417cd6605b0dcb15f.pkl,1
D:\08_Dataset\Internal\mar2020\pickle_files\956326b9915d8ddf61b1a7df20d1644a53128967.pkl,1
D:\08_Dataset\Internal\mar2020\pickle_files\1e6f0c0724e521728b160122f2a42c5f13b67329.pkl,1
D:\08_Dataset\Internal\mar2020\pickle_files\606d479a85979ab2b9a23afedd1e89e9c20e129d.pkl,1
D:\08_Dataset\Internal\mar2020\pickle_files\0644d019e4f3e51e296fb529f489882ca13e3cf9.pkl,1
D:\08_Dataset\Internal\mar2020\pickle_files\67d1632f479f87656785f5d588826034324aa58b.pkl,1
D:\08_Dataset\Internal\mar2020\pickle_files\a29dc7db8049bfa638cf598b91f764d22bb61420.pkl,1
D:\08_Dataset\Internal\mar2020\pickle_files\894ee7d61be1d74b574beede158e1b90de79ce97.pkl,1
D:\08_Dataset\Internal\mar2020\pickle_files\1e439d6d5914d6f6107a45b1448e57e593fbc462.pkl,1
D:\08_Dataset\Internal\mar2020\pickle_files\86bce1ec92cc72c275ae673b3869bbfeb4a1f986.pkl,1
D:\08_Dataset\Internal\mar2020\pickle_files\ac810ab9f446756ca589b59271e303b02441dbfa.pkl,1
D:\08_Dataset\Internal\mar2020\pickle_files\1e835cbab2888b58fce307cc2f9bb9bba72ed351.pkl,1
D:\08_Dataset\Internal\mar2020\pickle_files\bdea0886cca4c6e6ae14b3da3d4cc5deda25914a.pkl,1
D:\08_Dataset\Internal\mar2020\pickle_files\c95a340f83daecd51db034caceac2f2716594a18.pkl,1
D:\08_Dataset\Internal\mar2020\pickle_files\6146d77c8a42182108d955217991f9d1b162fb40.pkl,1
D:\08_Dataset\Internal\mar2020\pickle_files\02bbc93d7fbca712c403df085095bec5763bc33c.pkl,1
D:\08_Dataset\Internal\mar2020\pickle_files\f6303d7200ca1b41496fbc5b5a67a0e4ea74c1cc.pkl,1
D:\08_Dataset\Internal\mar2020\pickle_files\9507309f53b5e5a35147d21042a248a70b23bace.pkl,1
D:\08_Dataset\Internal\mar2020\pickle_files\88055d2281829d548d2a4d9a1e70987311d41525.pkl,1
D:\08_Dataset\Internal\mar2020\pickle_files\3b8cf7ef2813171f72a78a490347e4632b8bf9cd.pkl,1
D:\08_Dataset\Internal\mar2020\pickle_files\5e6ab96e6a3b0f4e963a9ec4999e62875c720e12.pkl,1
D:\08_Dataset\Internal\mar2020\pickle_files\734f34915700999e6d3d1a9306808ce41e8aa7ce.pkl,1
D:\08_Dataset\Internal\mar2020\pickle_files\bc882b241ec1ebb40150e0470a1f41dd05a1581d.pkl,1
D:\08_Dataset\Internal\mar2020\pickle_files\6d3d71acb88e926dec41fa3d48e45e626478565d.pkl,1
D:\08_Dataset\Internal\mar2020\pickle_files\328321226bb54b6759500fe400bdf118e5baeaaf.pkl,1
D:\08_Dataset\Internal\mar2020\pickle_files\5144a9aca87c7c3fc677c210e28dfccf882d5f19.pkl,1
D:\08_Dataset\Internal\mar2020\pickle_files\2a476272e208b9469d09e758c27940000f50d6d9.pkl,1
D:\08_Dataset\Internal\mar2020\pickle_files\6bae02d1debef1b614180d4d06f24d337d506b29.pkl,1
D:\08_Dataset\Internal\mar2020\pickle_files\7c6c8021c1a6eaacac3da21fc92313ead0287af0.pkl,1
D:\08_Dataset\Internal\mar2020\pickle_files\0da23f67c2b9a9218433c345acb0a7793716aba9.pkl,1
D:\08_Dataset\Internal\mar2020\pickle_files\1da01713abb36903e82b921c7116503417c62d63.pkl,1
D:\08_Dataset\Internal\mar2020\pickle_files\7aff1c65be1e9046b7de2d66da177bd9edf4f66a.pkl,1
D:\08_Dataset\Internal\mar2020\pickle_files\2a2abf4819ec9c51f3f14e8ec1ccbc620cf16061.pkl,1
D:\08_Dataset\Internal\mar2020\pickle_files\f52684819d6c0bee235bc36eeea21d9ad2f472af.pkl,1
D:\08_Dataset\Internal\mar2020\pickle_files\e74aa1ddb24574a035d773b25fbc7a332ba52998.pkl,1
D:\08_Dataset\Internal\mar2020\pickle_files\e8581f54725e13f35bd1d3534aaa02f13bce3f03.pkl,1
D:\08_Dataset\Internal\mar2020\pickle_files\3eefcfd40a0a10524ec539b649f87260f99ded8f.pkl,1
D:\08_Dataset\Internal\mar2020\pickle_files\c0d7b191209bf1eb45281201fa62668b5f14e937.pkl,1
D:\08_Dataset\Internal\mar2020\pickle_files\bf8310be82da35d60c779878885bb823fa722836.pkl,1
D:\08_Dataset\Internal\mar2020\pickle_files\ae0d227684577289f8f680e353a59600383049c0.pkl,1
D:\08_Dataset\Internal\mar2020\pickle_files\a72b37599236394433264aa6edacc2983e2926fe.pkl,1
D:\08_Dataset\Internal\mar2020\pickle_files\d2fc469ac920041812198a38b26236c7e968e415.pkl,1
D:\08_Dataset\Internal\mar2020\pickle_files\274c74bdf2ee92e6182f1f86e7a819a71230cf7e.pkl,1
D:\08_Dataset\Internal\mar2020\pickle_files\8b87d4bea9a2ec71d3d48ea3e02caa0d86c74ad3.pkl,1
D:\08_Dataset\Internal\mar2020\pickle_files\85b5168fe635e0b73f57d02f7b23f1817f68e65c.pkl,1
D:\08_Dataset\Internal\mar2020\pickle_files\d98e22d33ff29df75e44a0929aff7de144dafc5d.pkl,1
D:\08_Dataset\Internal\mar2020\pickle_files\fd9050a7f2b33adea7234e7f875b8846ef5cdd74.pkl,1
D:\08_Dataset\Internal\mar2020\pickle_files\bfa05794c0a48f9886e378a3635a61fe59711f98.pkl,1
D:\08_Dataset\Internal\mar2020\pickle_files\5a3af5afd388df113e072ac927e9074b4d41354a.pkl,1
D:\08_Dataset\Internal\mar2020\pickle_files\c5b5d37526b3bd89ea21ab254bcabdadf4db89a5.pkl,1
D:\08_Dataset\Internal\mar2020\pickle_files\025f5868ce8b74b8d49718c80c8aeac09916bf68.pkl,1
D:\08_Dataset\Internal\mar2020\pickle_files\0a1541ccd064b859f2989fbc33caf5527119ec89.pkl,1
D:\08_Dataset\Internal\mar2020\pickle_files\2b679f654ba8aa03230c28ba491f6c4b231bd20b.pkl,1
D:\08_Dataset\Internal\mar2020\pickle_files\93b1931411cd47902b8d571a91a9fd3a1188f516.pkl,1
D:\08_Dataset\Internal\mar2020\pickle_files\01d49e47b53c4c878fdf666df88221c0381433d3.pkl,1
D:\08_Dataset\Internal\mar2020\pickle_files\2840880a070a981b4931a5cd1350e4fcec3aecfc.pkl,1
D:\08_Dataset\Internal\mar2020\pickle_files\b25fc1b382a882dc8b95ff29e4992bf03d5dfd09.pkl,1
D:\08_Dataset\Internal\mar2020\pickle_files\51634432d1c2eb6732a803df4c1b18b70994b768.pkl,1
D:\08_Dataset\Internal\mar2020\pickle_files\bb6646c6f6a3c9443ec71fdceacc9c64fc789156.pkl,1
D:\08_Dataset\Internal\mar2020\pickle_files\bc00fff1f3e0ab16f863e1658db6494c02090d99.pkl,1
D:\08_Dataset\Internal\mar2020\pickle_files\8ff1b4aab144c5dc639244db69ee7444a5ae3a64.pkl,1
D:\08_Dataset\Internal\mar2020\pickle_files\d432ad42c597be962e13b674335f7ce747ea2523.pkl,1
D:\08_Dataset\Internal\mar2020\pickle_files\81c2483c9a01a2abc2a712119f795bb79e867539.pkl,1
D:\08_Dataset\Internal\mar2020\pickle_files\221c9c0036e2f266830e5e69d3c70c958be5a1d2.pkl,1
D:\08_Dataset\Internal\mar2020\pickle_files\5332b0d9f4d604d0aa51e3df9932b8a57e93a668.pkl,1
D:\08_Dataset\Internal\mar2020\pickle_files\4b97607e04a92b298577f742e6b88bafe0c67dff.pkl,1
D:\08_Dataset\Internal\mar2020\pickle_files\157cb5587ce1f854000e833227dd3665d559fb05.pkl,1
D:\08_Dataset\Internal\mar2020\pickle_files\7c0d0d63edc1cfede328f131e1b3bd1216707106.pkl,1
D:\08_Dataset\Internal\mar2020\pickle_files\23a6e89f0098325538cf257652d21e21b62957a9.pkl,1
D:\08_Dataset\Internal\mar2020\pickle_files\e0207b0ce5fa449ac410542c7a6ba0753f0f6a88.pkl,1
D:\08_Dataset\Internal\mar2020\pickle_files\1edf2db21145ac34e4698e4a882d3bc8f031fe4c.pkl,1
D:\08_Dataset\Internal\mar2020\pickle_files\7c7f0a6b7de76869f3d8ab08e23b0ef45198d3a5.pkl,1
D:\08_Dataset\Internal\mar2020\pickle_files\42cad6b71ec5fdca797214a1d3114bb6e951bcbc.pkl,1
D:\08_Dataset\Internal\mar2020\pickle_files\52077c9874d00e7a7771864b887f98a90b1f2711.pkl,1
D:\08_Dataset\Internal\mar2020\pickle_files\1cd3de3957059f92110e13958bb0e0dbc8c72b21.pkl,1
D:\08_Dataset\Internal\mar2020\pickle_files\b3b90ce8add271a892e64a908c16d89e74f9646f.pkl,1
D:\08_Dataset\Internal\mar2020\pickle_files\f162dab4903ff6cc0780a6603a16e75c3482d4f6.pkl,1
D:\08_Dataset\Internal\mar2020\pickle_files\83fc48cac90eac3d0f079cc257cd274baa5c2965.pkl,1
D:\08_Dataset\Internal\mar2020\pickle_files\04b7c0640c8582ab426694b150382ec346b25546.pkl,1
D:\08_Dataset\Internal\mar2020\pickle_files\8ff39be050c479e280a21ac161b3f48d6162cf96.pkl,1
D:\08_Dataset\Internal\mar2020\pickle_files\340c8372be1548c53674b7e63d1c649190cb95b6.pkl,1
D:\08_Dataset\Internal\mar2020\pickle_files\9dd2e3af1dd12b107a9d71d6836a0caeb3aa5bdc.pkl,1
D:\08_Dataset\Internal\mar2020\pickle_files\97f45f902f3b66531af3f90ac168b57e4c1a3bf0.pkl,1
D:\08_Dataset\Internal\mar2020\pickle_files\98de26f0779745e988beecebf9f52812d6d8cb12.pkl,1
D:\08_Dataset\Internal\mar2020\pickle_files\cef680c835db39636449a79c44b24b573763dda2.pkl,1
D:\08_Dataset\Internal\mar2020\pickle_files\4fde64e2297b8b9301bfa3df5e849d6d6f8b15c9.pkl,1
D:\08_Dataset\Internal\mar2020\pickle_files\1a1e8195bdc3000514cda8abb8b9d48e3c6c56bd.pkl,1
D:\08_Dataset\Internal\mar2020\pickle_files\087e951c4e3e3497d813abeabbe62027210e70b1.pkl,1
D:\08_Dataset\Internal\mar2020\pickle_files\6bb966784d1f7451845213946204c85c63fd43c2.pkl,1
D:\08_Dataset\Internal\mar2020\pickle_files\a329ab979eb338f5b6129d0ba0de1e0d614e0ad2.pkl,1
D:\08_Dataset\Internal\mar2020\pickle_files\1503c3877bcd8a4ea04824e11dc247fd6debc0cc.pkl,1
D:\08_Dataset\Internal\mar2020\pickle_files\e8c110d5faa5788f87f47c3762572646fe1a898d.pkl,1
D:\08_Dataset\Internal\mar2020\pickle_files\0e0789e902b25f35be933da906b2a48701a38f22.pkl,1
D:\08_Dataset\Internal\mar2020\pickle_files\fa59dcb24eb538abe5f3caf7a68051ed7ebdd060.pkl,1
D:\08_Dataset\Internal\mar2020\pickle_files\8dcf0131ed4329e9bb3a09294418b0e88a84a254.pkl,1
D:\08_Dataset\Internal\mar2020\pickle_files\9ca82ea6bd2765377338143c11089267b3f8b447.pkl,1
D:\08_Dataset\Internal\mar2020\pickle_files\be6341d9bb89466db66deae8d492fb6a6ec926f0.pkl,1
D:\08_Dataset\Internal\mar2020\pickle_files\4c4d6ae31a502b439545bcd9d23800b295400c83.pkl,1
D:\08_Dataset\Internal\mar2020\pickle_files\f8a11b95fe23e35135426cfb07e54974138b76f8.pkl,1
D:\08_Dataset\Internal\mar2020\pickle_files\65ba19b72edf62b0904d548f82bcfd7aab01f7e4.pkl,1
D:\08_Dataset\Internal\mar2020\pickle_files\80583b21fa48f16658b0ff6eb9b38864feb45d8c.pkl,1
D:\08_Dataset\Internal\mar2020\pickle_files\fd55c489a39380c4066560277aa66ac8a67ce1bc.pkl,1
D:\08_Dataset\Internal\mar2020\pickle_files\05318ef9c97715731b3e0ec0ff303de58c14436b.pkl,1
D:\08_Dataset\Internal\mar2020\pickle_files\ab0787a05e046ccc1ef6620334703078d7420beb.pkl,1
D:\08_Dataset\Internal\mar2020\pickle_files\3b5c4536a443349131b14ba2f268e11496022265.pkl,1
D:\08_Dataset\Internal\mar2020\pickle_files\e990939ad9c00f0951973a0fb0b3655120653467.pkl,1
D:\08_Dataset\Internal\mar2020\pickle_files\28f2f42914153e9598cb8a18a6864cb5acb9f19c.pkl,1
D:\08_Dataset\Internal\mar2020\pickle_files\9613734e3d77b053059f69eb3bbb2ef9726c889e.pkl,1
D:\08_Dataset\Internal\mar2020\pickle_files\8e2ce9def8d67f42b493071cf352cb7267c4b77f.pkl,1
D:\08_Dataset\Internal\mar2020\pickle_files\c228f4dafecd307a3e3d9c683c84868aec958791.pkl,1
D:\08_Dataset\Internal\mar2020\pickle_files\2107bb7c7a96b2622f0137605283f538229fe431.pkl,1
D:\08_Dataset\Internal\mar2020\pickle_files\2a3c6d1ba76d9849d62b3c88b09fb61369ea8d19.pkl,1
D:\08_Dataset\Internal\mar2020\pickle_files\8598b26c70a001ae40807bc7451e990245f3a3d8.pkl,1
D:\08_Dataset\Internal\mar2020\pickle_files\e0f355c0a65e0f9fed44eb306f9842cd692c360c.pkl,1
D:\08_Dataset\Internal\mar2020\pickle_files\42a21483a0292e5ab10bab059c33797f6f14ce20.pkl,1
D:\08_Dataset\Internal\mar2020\pickle_files\ca38c984fa2b9f3fb3c8c6b8c32d84042450a872.pkl,1
D:\08_Dataset\Internal\mar2020\pickle_files\cc193decf86f3635b2d4b2c50af8e681f25481a4.pkl,1
D:\08_Dataset\Internal\mar2020\pickle_files\177fa973517bfee8f9909a252f8269e0dd7056b6.pkl,1
D:\08_Dataset\Internal\mar2020\pickle_files\316327bd78a243664e5e60df67b722a3e364f955.pkl,1
D:\08_Dataset\Internal\mar2020\pickle_files\94fc9d6f9a63a8ff81b94b63ff56150fdeb050fc.pkl,1
D:\08_Dataset\Internal\mar2020\pickle_files\60dd10466db1c94eea2789a140e39f9993931220.pkl,1
D:\08_Dataset\Internal\mar2020\pickle_files\658e4aa4364b9e89eb28d89a6ca6732f14590ca3.pkl,1
D:\08_Dataset\Internal\mar2020\pickle_files\34b75198a5a6acea326845eafca62b9a3c13e0b8.pkl,1
D:\08_Dataset\Internal\mar2020\pickle_files\23a3f644f412b8faf17976b4aca16ac35e6476c2.pkl,1
D:\08_Dataset\Internal\mar2020\pickle_files\891b81a0ccf6bec0d0bca25d8977eadbf067f4b3.pkl,1
D:\08_Dataset\Internal\mar2020\pickle_files\02f4384d0c5cf4846bf884536838c758731b242f.pkl,1
D:\08_Dataset\Internal\mar2020\pickle_files\d98513cccc4ea098a4e0e48be89243f45bd93978.pkl,1
D:\08_Dataset\Internal\mar2020\pickle_files\382bd2c06fa7ded83a8c6a41c1431784697085e8.pkl,1
D:\08_Dataset\Internal\mar2020\pickle_files\ad76ac8d88d095c476f58dbae64e78aea467d200.pkl,1
D:\08_Dataset\Internal\mar2020\pickle_files\1452436a10a3d3f8200e49bbee8e31d952a68429.pkl,1
D:\08_Dataset\Internal\mar2020\pickle_files\ae78a9d698c00827786ecb243e0e6b9df59b3eb4.pkl,1
D:\08_Dataset\Internal\mar2020\pickle_files\5c2be1182bb4868a32c8ba0deb6c1d4307548f5f.pkl,1
D:\08_Dataset\Internal\mar2020\pickle_files\c7e89bac6389e6ade39c45b1931581f935d771b2.pkl,1
D:\08_Dataset\Internal\mar2020\pickle_files\0f921a27cfad651da8862943174530b5851c8974.pkl,1
D:\08_Dataset\Internal\mar2020\pickle_files\338e4fbf3837555befce28c642f546082daa210a.pkl,1
D:\08_Dataset\Internal\mar2020\pickle_files\09f380af637cbdf9fd621958bca9e6f19ee2b0ae.pkl,1
D:\08_Dataset\Internal\mar2020\pickle_files\5bf6dfdf3e30acd30a74d323b031f1f0ca9ace0f.pkl,1
D:\08_Dataset\Internal\mar2020\pickle_files\635086fc02596b30d99db807d0c89c4be5f9df67.pkl,1
D:\08_Dataset\Internal\mar2020\pickle_files\773321706e876760be418accb42748c096ca9461.pkl,1
D:\08_Dataset\Internal\mar2020\pickle_files\76aff229ce93b1e5b5373f4655c423ffa6bf6ae2.pkl,1
D:\08_Dataset\Internal\mar2020\pickle_files\c5474a142d2576a10330346450540ec612948ff3.pkl,1
D:\08_Dataset\Internal\mar2020\pickle_files\e36788f8790e94fb872a7ab2e3f82328efb9eab9.pkl,1
D:\08_Dataset\Internal\mar2020\pickle_files\6b594e4519a2898da57b90df1a16c0dcce324f0e.pkl,1
D:\08_Dataset\Internal\mar2020\pickle_files\01d0c0361f5f7eb08250de6eca7b4f9cd061ed5f.pkl,1
D:\08_Dataset\Internal\mar2020\pickle_files\51b7ddbe8c95ed1325d45673604c58c3ac524331.pkl,1
D:\08_Dataset\Internal\mar2020\pickle_files\325a2591ed3e3184b577ee01873ae985817910df.pkl,1
D:\08_Dataset\Internal\mar2020\pickle_files\dfd40b43a3ce6c25f26522df9fede3187e56cf17.pkl,1
D:\08_Dataset\Internal\mar2020\pickle_files\c26a572ad38587d5cc7f8f71736b77a2b905e71f.pkl,1
D:\08_Dataset\Internal\mar2020\pickle_files\a442e37af799d10be054197c7ac9527e0eb4927f.pkl,1
D:\08_Dataset\Internal\mar2020\pickle_files\141c91296e54131b5ff58ba1db0f33eb54d30791.pkl,1
D:\08_Dataset\Internal\mar2020\pickle_files\4fe6cfa60f186acbaf376dcab7854b1a60c22b26.pkl,1
D:\08_Dataset\Internal\mar2020\pickle_files\a822dc3ccb71df42601081a94c3db46570b4528e.pkl,1
D:\08_Dataset\Internal\mar2020\pickle_files\a1d0f60e0f815ad329c29b8880cf7d98802f9941.pkl,1
D:\08_Dataset\Internal\mar2020\pickle_files\d5f9c0e681e16dfa4dceefeccb39857bd6206a69.pkl,1
D:\08_Dataset\Internal\mar2020\pickle_files\72708aeefa77dbadf5d94a9dc7511efc0fd9bb02.pkl,1
D:\08_Dataset\Internal\mar2020\pickle_files\4c8036be20ce9214c0cbc301a808f97eff468694.pkl,1
D:\08_Dataset\Internal\mar2020\pickle_files\46e42fbd0363b01a4169fefb28756c33690eefd0.pkl,1
D:\08_Dataset\Internal\mar2020\pickle_files\d23ff0a9ed3a98b18661d9f2e824a77dabb3ae94.pkl,1
D:\08_Dataset\Internal\mar2020\pickle_files\adab5cfd73750706fd61bfa5bf9d70b391e58b8f.pkl,1
D:\08_Dataset\Internal\mar2020\pickle_files\309aa6b7ada41c71ceb9bee671737d53b1a036f2.pkl,1
D:\08_Dataset\Internal\mar2020\pickle_files\a2d633e3d107ecbe431abd1fa1c18c3c90d3512f.pkl,1
D:\08_Dataset\Internal\mar2020\pickle_files\0c2a110329280f6df65bc8170b13ea5d1b977194.pkl,1
D:\08_Dataset\Internal\mar2020\pickle_files\c081878fdd94e6591d6ee1ef6b13b2556cacd667.pkl,1
D:\08_Dataset\Internal\mar2020\pickle_files\c6bc9b66b91bcd065aa1fa67073177aaa178c7d5.pkl,1
D:\08_Dataset\Internal\mar2020\pickle_files\0dc9f31e58bd15d8c2837211e74206f174e334cf.pkl,1
D:\08_Dataset\Internal\mar2020\pickle_files\cebd63586b72f98853e46615556f6b3747d57d66.pkl,1
D:\08_Dataset\Internal\mar2020\pickle_files\7f2c8f5dadea89b53665de90aaef2f35a3561c5c.pkl,1
D:\08_Dataset\Internal\mar2020\pickle_files\a00b5f622c5d2a38a0f71fb91ac8fe736cc8af14.pkl,1
D:\08_Dataset\Internal\mar2020\pickle_files\657005800ef9d4736b3656e5c32e72c782017b3b.pkl,1
D:\08_Dataset\Internal\mar2020\pickle_files\4b52d078e1f7da777045eb3117769329f8a0b0ec.pkl,1
D:\08_Dataset\Internal\mar2020\pickle_files\e2652cf83d2b8e603e627a135d48d11f0b55bf69.pkl,1
D:\08_Dataset\Internal\mar2020\pickle_files\c17b47aef018d64a38be00410e04a0b220e652f1.pkl,1
D:\08_Dataset\Internal\mar2020\pickle_files\6638ca08c3d920823bcd58275cd888dcf1af2f63.pkl,1
D:\08_Dataset\Internal\mar2020\pickle_files\29f8139f82b69f4bed43d8a2d45e01afa66fb971.pkl,1
D:\08_Dataset\Internal\mar2020\pickle_files\c59579dcd60e4d0d3c55caefc1fd27bd03db3d45.pkl,1
D:\08_Dataset\Internal\mar2020\pickle_files\86651445ebfe09d1fc3d8a6eb2d0d8794b1f7bd1.pkl,1
D:\08_Dataset\Internal\mar2020\pickle_files\110513d0d53f504354c48608a6c2ed534c93c280.pkl,1
D:\08_Dataset\Internal\mar2020\pickle_files\1d9ebcb04f0318f1775e23460a0151fe1620e3e8.pkl,1
D:\08_Dataset\Internal\mar2020\pickle_files\50fde95e288f597e370726df5db8df5fd8247705.pkl,1
D:\08_Dataset\Internal\mar2020\pickle_files\4e5f14251d5e342e4d7e5539c3268ba9bdae6546.pkl,1
D:\08_Dataset\Internal\mar2020\pickle_files\9de10ac2f0553bf946045364c09ff5e061bf13d5.pkl,1
D:\08_Dataset\Internal\mar2020\pickle_files\3fc41e3b609d4cf8e02a8fe714e3d70182476b7f.pkl,1
D:\08_Dataset\Internal\mar2020\pickle_files\fca89acecaec92ceccd78468c9ed11f950f60615.pkl,1
D:\08_Dataset\Internal\mar2020\pickle_files\1967b28012ff8002719e033ebcc54d157104539d.pkl,1
D:\08_Dataset\Internal\mar2020\pickle_files\e9148fa1386a1be2ae0efa45fffcf95cc38b2669.pkl,1
D:\08_Dataset\Internal\mar2020\pickle_files\3d96f5ff67e23dd4f8f887ed2d4f07e9014a7ad9.pkl,1
D:\08_Dataset\Internal\mar2020\pickle_files\339e05d85486da8bc34b2914e15041d78ba6333a.pkl,1
D:\08_Dataset\Internal\mar2020\pickle_files\8f3cf02f913bdd157d4397ea8bdfaaa80c32e4f2.pkl,1
D:\08_Dataset\Internal\mar2020\pickle_files\9bf99ffac36a4614bc4658d8e13cd61397c326bc.pkl,1
D:\08_Dataset\Internal\mar2020\pickle_files\b1b914a04ec257f680941484aefb1ff8a82bc42e.pkl,1
D:\08_Dataset\Internal\mar2020\pickle_files\aa435373669faa1d17698656fabb8e4b9a718a05.pkl,1
D:\08_Dataset\Internal\mar2020\pickle_files\6a42b233cbe35fbec931b5674034208010f72d2e.pkl,1
D:\08_Dataset\Internal\mar2020\pickle_files\1d851137cc561539e8b9aa706ede8cdad7749eff.pkl,1
D:\08_Dataset\Internal\mar2020\pickle_files\74748a7ab74dfef3002338a73174669fb6d7542e.pkl,1
D:\08_Dataset\Internal\mar2020\pickle_files\d84f9a77395823ef58d860f1cd35b8fbafcc2b7b.pkl,1
D:\08_Dataset\Internal\mar2020\pickle_files\ff1355123df4ac654ea21aa4f833ece7043d2861.pkl,1
D:\08_Dataset\Internal\mar2020\pickle_files\5368ec0f3b07338cb2587aa78cc8c17f2ef1f239.pkl,1
D:\08_Dataset\Internal\mar2020\pickle_files\55d8d8629cb436b45f300a21481864d256cde946.pkl,1
D:\08_Dataset\Internal\mar2020\pickle_files\af164b40a18874cf182ca8c4d4bae7870fd6fe39.pkl,1
D:\08_Dataset\Internal\mar2020\pickle_files\eb4b94d35a2a75dba203bda4a346d35a7d02f05e.pkl,1
D:\08_Dataset\Internal\mar2020\pickle_files\836d4665b7d52c70bcc56d94dc6a8aa3a12c5019.pkl,1
D:\08_Dataset\Internal\mar2020\pickle_files\b22aca731c18ad8cbc97178c51b3687e9be9e08f.pkl,1
D:\08_Dataset\Internal\mar2020\pickle_files\88f98a6924bce79a71a4dd3436898315015c5c63.pkl,1
D:\08_Dataset\Internal\mar2020\pickle_files\32708433a7bab8731343247f8db99a5566470294.pkl,1
D:\08_Dataset\Internal\mar2020\pickle_files\39f5ca616e8e0a7c84d7e05bd2d817b60703cfb3.pkl,1
D:\08_Dataset\Internal\mar2020\pickle_files\6fd943b7db328f77ac6c40c27b9bcb90f0de1e1d.pkl,1
D:\08_Dataset\Internal\mar2020\pickle_files\f9395c4a97370bd527f9cdb6674e852af95c2628.pkl,1
D:\08_Dataset\Internal\mar2020\pickle_files\93477562c2596112a755c8d27121ed3352c6c917.pkl,1
D:\08_Dataset\Internal\mar2020\pickle_files\5d70e591fa26a33521519f7d35fbc5ff4eec0316.pkl,1
D:\08_Dataset\Internal\mar2020\pickle_files\c1212042fb838d6b718820dd9287443e3eca48ef.pkl,1
D:\08_Dataset\Internal\mar2020\pickle_files\8985ba23ec194a07f8a22330a25fbe56673696c8.pkl,1
D:\08_Dataset\Internal\mar2020\pickle_files\a209a5cc733ed75342aecba8d1e73fd62616e1a6.pkl,1
D:\08_Dataset\Internal\mar2020\pickle_files\f1c113993bc313f5b500a5af85dd657b5e54fe5a.pkl,1
D:\08_Dataset\Internal\mar2020\pickle_files\0e947547523a2f6317662fad18fe7a7324b5c79a.pkl,1
D:\08_Dataset\Internal\mar2020\pickle_files\f7c07b263b171d5683a3afe5dcc693fd040a28be.pkl,1
D:\08_Dataset\Internal\mar2020\pickle_files\5b9e120cc7cf8923442177fce2c54bd66a17377d.pkl,1
D:\08_Dataset\Internal\mar2020\pickle_files\bad9a4fa09888bd9b09060f5ba0aab908e38d7d0.pkl,1
D:\08_Dataset\Internal\mar2020\pickle_files\d37f46352bc4b9c2af7d612de643c2e0927f214c.pkl,1
D:\08_Dataset\Internal\mar2020\pickle_files\09426ee3749a85a01c676713868b62546ebef4ce.pkl,1
D:\08_Dataset\Internal\mar2020\pickle_files\45deed180e2856935785184c26687e79d4de6070.pkl,1
D:\08_Dataset\Internal\mar2020\pickle_files\90b9fe70811e5d2c2af3ca551dc785f53d4da991.pkl,1
D:\08_Dataset\Internal\mar2020\pickle_files\46b26cff8777f81f4919fcdfa71bacebe6015026.pkl,1
D:\08_Dataset\Internal\mar2020\pickle_files\d299d2d5ac840bda4d962db5f6603bc48794b2ae.pkl,1
D:\08_Dataset\Internal\mar2020\pickle_files\4b69a2f781bb2d2e9fd7a64df6a720bd22b806a1.pkl,1
D:\08_Dataset\Internal\mar2020\pickle_files\6f62a8ef40e942bd6cc3f95e051917c8ec627432.pkl,1
D:\08_Dataset\Internal\mar2020\pickle_files\d658bd98c3c1c12f57ab820a6eefa5accb4c7d65.pkl,1
D:\08_Dataset\Internal\mar2020\pickle_files\4e5404d866a2f18ffc9592ba1ccb8e7ce8e45b4f.pkl,1
D:\08_Dataset\Internal\mar2020\pickle_files\d09bcf211557331308efe40d68c853829de14007.pkl,1
D:\08_Dataset\Internal\mar2020\pickle_files\83db620cae7a69b7e4790496662154a760d447b3.pkl,1
D:\08_Dataset\Internal\mar2020\pickle_files\31017bdb8def07a93c2d7c5f905a0dabdc6080a7.pkl,1
D:\08_Dataset\Internal\mar2020\pickle_files\699d86ff6ef0dc20654723e5386b9c24442ae927.pkl,1
D:\08_Dataset\Internal\mar2020\pickle_files\5511690a0a5d4bffb3ea8c135e564b06894826d7.pkl,1
D:\08_Dataset\Internal\mar2020\pickle_files\653c9fbd945472858fb810492eb025793559cb51.pkl,1
D:\08_Dataset\Internal\mar2020\pickle_files\8fff5fe410927095bd13fa15d84e69df0b0754fe.pkl,1
D:\08_Dataset\Internal\mar2020\pickle_files\1581f65e589b862d720f73da508c786b99566078.pkl,1
D:\08_Dataset\Internal\mar2020\pickle_files\cf148016d5ce56ab5773a9503eebbb0e79202f98.pkl,1
D:\08_Dataset\Internal\mar2020\pickle_files\db4a4d00c0fd405ff9ef3fe1ae27060d22f617c1.pkl,1
D:\08_Dataset\Internal\mar2020\pickle_files\fa6b3d71c6db10565e5932bf2edebc60303cd6cf.pkl,1
D:\08_Dataset\Internal\mar2020\pickle_files\a1734b6e7785177ff6b75053a17ffd3bc2844263.pkl,1
D:\08_Dataset\Internal\mar2020\pickle_files\24d89a07d0042ef18883d9fc77080f11dff7a9ee.pkl,1
D:\08_Dataset\Internal\mar2020\pickle_files\332fdb7850c91eb4d8912d2c565ad0eb3d256fdf.pkl,1
D:\08_Dataset\Internal\mar2020\pickle_files\66a6475add0ee1eb1b4aa48751c41a6c92075b50.pkl,1
D:\08_Dataset\Internal\mar2020\pickle_files\78ea77d8cc8afc60b1f3fa8be0df67f13dd4e190.pkl,1
D:\08_Dataset\Internal\mar2020\pickle_files\326fc82f40d7e4a958833385ee63996cf4170ba9.pkl,1
D:\08_Dataset\Internal\mar2020\pickle_files\731cb6a65c6878b4ff0e3910a4cc4952327c791c.pkl,1
D:\08_Dataset\Internal\mar2020\pickle_files\71eff2abd1a412df128b915810570ccaad7a63c7.pkl,1
D:\08_Dataset\Internal\mar2020\pickle_files\2d56cd10529b948f123f104991cb43c56efb5e1a.pkl,1
D:\08_Dataset\Internal\mar2020\pickle_files\cf90c1ffeb2afd1b59355a3bd7879cacd4fa7c96.pkl,1
D:\08_Dataset\Internal\mar2020\pickle_files\48332706177a2a1811b5745af617425e92d770dd.pkl,1
D:\08_Dataset\Internal\mar2020\pickle_files\5e26cb59c175314179280aeb7beaef249d221f61.pkl,1
D:\08_Dataset\Internal\mar2020\pickle_files\37ee3fb9ff2a272e426f76cf7f62a21ae724d0a6.pkl,1
D:\08_Dataset\Internal\mar2020\pickle_files\cc6739ce99cd669cce8bc1a6646c127efe9a9245.pkl,1
D:\08_Dataset\Internal\mar2020\pickle_files\5c1fc2427c31ddaab203ba402011f6e9c4a9ad30.pkl,1
D:\08_Dataset\Internal\mar2020\pickle_files\8e268428831ad9015ecf55447aa2696cd0f4b397.pkl,1
D:\08_Dataset\Internal\mar2020\pickle_files\4ad74d1d7adb494caa0e6ab170731c3fb661a57d.pkl,1
D:\08_Dataset\Internal\mar2020\pickle_files\48440f37a154ff5eaf20b23b7ff07d5c594bc56f.pkl,1
D:\08_Dataset\Internal\mar2020\pickle_files\8740864bc16c312b0dc6e0b96c9ed696122c3d6f.pkl,1
D:\08_Dataset\Internal\mar2020\pickle_files\4238f99c0aa6930fa1fa01eb4a1430ff3ac34bf9.pkl,1
D:\08_Dataset\Internal\mar2020\pickle_files\7561cf7c3ed9baaaac3463e1816474d3217d6614.pkl,1
D:\08_Dataset\Internal\mar2020\pickle_files\efbb67bc3f6636873422be5c484c9e6df3c08f56.pkl,1
D:\08_Dataset\Internal\mar2020\pickle_files\9d8e99f2b0dd95c0652f19365a5748d36f526fdb.pkl,1
D:\08_Dataset\Internal\mar2020\pickle_files\bb9a7d410dc62ecbfe40cd15532e154d1fc1869b.pkl,1
D:\08_Dataset\Internal\mar2020\pickle_files\ac144b311bc88abd2075fd80a16553489756b5db.pkl,1
D:\08_Dataset\Internal\mar2020\pickle_files\d06baf3febd45d98162e85c0f9815aac51dca1a4.pkl,1
D:\08_Dataset\Internal\mar2020\pickle_files\e450cee18cc74c0261fef85fe883eb42053a4de4.pkl,1
D:\08_Dataset\Internal\mar2020\pickle_files\2783ec0d0ed0e2d13274b82ac7fb859fd0e81730.pkl,1
D:\08_Dataset\Internal\mar2020\pickle_files\02f3f0dfdd2fe45de3e3206f948b43dddd828e03.pkl,1
D:\08_Dataset\Internal\mar2020\pickle_files\6f07557ee28a2b47672556961e58049e4975fb72.pkl,1
D:\08_Dataset\Internal\mar2020\pickle_files\8806531a3f655f6a7e147d59f135e5adce0fbe33.pkl,1
D:\08_Dataset\Internal\mar2020\pickle_files\583cf28cb229ec0583b915241137207962f34a26.pkl,1
D:\08_Dataset\Internal\mar2020\pickle_files\f15753db46b8de29e645fd4f3ef0c9c4c694bd2d.pkl,1
D:\08_Dataset\Internal\mar2020\pickle_files\ad33274e73e4b649fb6ba0cde6a4e3f77e55ad84.pkl,1
D:\08_Dataset\Internal\mar2020\pickle_files\cccbd903ea53e5e05c9dfee3835fbcc59289206c.pkl,1
D:\08_Dataset\Internal\mar2020\pickle_files\90072fb8048d21427e21c42f711c6f84fafc5371.pkl,1
D:\08_Dataset\Internal\mar2020\pickle_files\579453095b50a67a4a24db6b86d8c1a94ed4fc26.pkl,1
D:\08_Dataset\Internal\mar2020\pickle_files\1d2ddbe413f78f7887dd9cf43324b2666b0e1669.pkl,1
D:\08_Dataset\Internal\mar2020\pickle_files\1ea333db4c4b8e571a36ff448ffc6f7084585630.pkl,1
D:\08_Dataset\Internal\mar2020\pickle_files\9b99c5c16be00b2c3adffecc2ce0e33ee234c747.pkl,1
D:\08_Dataset\Internal\mar2020\pickle_files\9122dea7b2389f811e2c1cdede02c2edcc3bcbad.pkl,1
D:\08_Dataset\Internal\mar2020\pickle_files\7596a642f20edd0a1cf1531937ac85843d35ceb7.pkl,1
D:\08_Dataset\Internal\mar2020\pickle_files\ed16e4b2044a5b7211e0273d7cb8833e0f4c11cd.pkl,1
D:\08_Dataset\Internal\mar2020\pickle_files\7bf9a063b453006788ae95bd548322c8e7e509e5.pkl,1
D:\08_Dataset\Internal\mar2020\pickle_files\141ea33501bc1679def075317fba990afbeb362e.pkl,1
D:\08_Dataset\Internal\mar2020\pickle_files\d3526de388cce9d7f0235b55c6abdb778127c81b.pkl,1
D:\08_Dataset\Internal\mar2020\pickle_files\b64fbdc66d0b2abc50dde16ca983a7dcdb63c0a8.pkl,1
D:\08_Dataset\Internal\mar2020\pickle_files\d94e1edd057855d9cdaef25865d19fe19f6c933e.pkl,1
D:\08_Dataset\Internal\mar2020\pickle_files\777680118a9128f5f59b3855ddeb6361b4171722.pkl,1
D:\08_Dataset\Internal\mar2020\pickle_files\1817f3cacf641fda4368a710a33dacd51caca6f8.pkl,1
D:\08_Dataset\Internal\mar2020\pickle_files\820ce3f912df91494f6dc46de9b04e6d9e450ce4.pkl,1
D:\08_Dataset\Internal\mar2020\pickle_files\748dbe9e65e122684e759f811b1017d4c28e1b84.pkl,1
D:\08_Dataset\Internal\mar2020\pickle_files\505bb186d5adab91ea82642511893201543076f9.pkl,1
D:\08_Dataset\Internal\mar2020\pickle_files\9553747252c0bd5c93f45e3262e934c73a8cfe2d.pkl,1
D:\08_Dataset\Internal\mar2020\pickle_files\531018de6c2b2c27a4d7374230bab9ba830b0ed2.pkl,1
D:\08_Dataset\Internal\mar2020\pickle_files\2aa0b713a98597e313712d6915f96ec15cefef2d.pkl,1
D:\08_Dataset\Internal\mar2020\pickle_files\edc7a5212e19f92c29bc89d7f60467c7e70b4116.pkl,1
D:\08_Dataset\Internal\mar2020\pickle_files\fb76dd92f8a61637ec8f55c3aca5097ad017fc55.pkl,1
D:\08_Dataset\Internal\mar2020\pickle_files\820860a30f1e45812504655c5717afd65e218d18.pkl,1
D:\08_Dataset\Internal\mar2020\pickle_files\d8db66f63bf512ae8e085a2cf91f26899c0df15a.pkl,1
D:\08_Dataset\Internal\mar2020\pickle_files\ff96ce1cd396253188a9fc8ea9df314b27c23952.pkl,1
D:\08_Dataset\Internal\mar2020\pickle_files\ac96a987f72057b9554b892cab9621e1a0642eb2.pkl,1
D:\08_Dataset\Internal\mar2020\pickle_files\8e8dc96b935675c5ff39a532a4f9c32f218b0236.pkl,1
D:\08_Dataset\Internal\mar2020\pickle_files\01938ac4761208d05978e594a76f2f706e444527.pkl,1
D:\08_Dataset\Internal\mar2020\pickle_files\344f29bab4378d1322eeaff51f8a125cabe1f2f3.pkl,1
D:\08_Dataset\Internal\mar2020\pickle_files\1a172501f254e8a91f9cf43746825eb1bc99e0f9.pkl,1
D:\08_Dataset\Internal\mar2020\pickle_files\6f4f8791767dee6321649853e2dc848f811e67c9.pkl,1
D:\08_Dataset\Internal\mar2020\pickle_files\07dfe678e576c95240a79426f4096225215f943c.pkl,1
D:\08_Dataset\Internal\mar2020\pickle_files\3e4eb0852b007e40c4aa5182b1cc50cddfebd44a.pkl,1
D:\08_Dataset\Internal\mar2020\pickle_files\dfa802e79d6e585435be0099fed0411af2fc6e33.pkl,1
D:\08_Dataset\Internal\mar2020\pickle_files\d8f98a92a8f0069c92f9b6fb94d3a4614601c256.pkl,1
D:\08_Dataset\Internal\mar2020\pickle_files\138abf390bdf0a0658623e809a012d6cfbc91544.pkl,1
D:\08_Dataset\Internal\mar2020\pickle_files\f5607ab5e97ccf25f6402f9418d909ac35307703.pkl,1
D:\08_Dataset\Internal\mar2020\pickle_files\3e15acbe33b138fd3d977338a63a115fca155680.pkl,1
D:\08_Dataset\Internal\mar2020\pickle_files\78de0cd655a33f3551d214782046fdfe8d7ba70f.pkl,1
D:\08_Dataset\Internal\mar2020\pickle_files\c22eb40db22c3e6d3996a98fc78db1d6dbf78de7.pkl,1
D:\08_Dataset\Internal\mar2020\pickle_files\6bf0fea391f12f3c267e4a2f8cdcf0fab171a41e.pkl,1
D:\08_Dataset\Internal\mar2020\pickle_files\54247f6863913257515566d2c0fe9b275e1f408b.pkl,1
D:\08_Dataset\Internal\mar2020\pickle_files\7c18e2e8a0c81b34f6676c25e42c1baa62aff34d.pkl,1
D:\08_Dataset\Internal\mar2020\pickle_files\0ecbda42d9242e331aba52c0e81d8c5b9e9d675c.pkl,1
D:\08_Dataset\Internal\mar2020\pickle_files\bf8d2f62ba99137a4d4ed8a401e049112b4e0db5.pkl,1
D:\08_Dataset\Internal\mar2020\pickle_files\3b7083ad98bcf04e29d6d051057a6885da26162b.pkl,1
D:\08_Dataset\Internal\mar2020\pickle_files\8922f3eb4b52e723291437a9c0a84ea3418a602f.pkl,1
D:\08_Dataset\Internal\mar2020\pickle_files\1da0f8d6f8ae9982c6707868955e71940a90468e.pkl,1
D:\08_Dataset\Internal\mar2020\pickle_files\a0804d54caecb7c1bbd576e23f294b7ebbf45db5.pkl,1
D:\08_Dataset\Internal\mar2020\pickle_files\246868a8c1e70bb6c63411517140af7e4104aeb4.pkl,1
D:\08_Dataset\Internal\mar2020\pickle_files\77e2cdf10e53223d8789fc9605ebaf2027b0fa28.pkl,1
D:\08_Dataset\Internal\mar2020\pickle_files\42007e36dedeeab36213020b66c4ec9792261dc5.pkl,1
D:\08_Dataset\Internal\mar2020\pickle_files\1889506cbbd2b87034b77fdeca7d9003f3eb49a5.pkl,1
D:\08_Dataset\Internal\mar2020\pickle_files\5c56975bcd01a600f8cf9d9b41028cc191e11df7.pkl,1
D:\08_Dataset\Internal\mar2020\pickle_files\4592fa1617faa04611c0d7bd502b04a6c98e7421.pkl,1
D:\08_Dataset\Internal\mar2020\pickle_files\32644c60fe22795ee1ff748b6cebde9d60099cee.pkl,1
D:\08_Dataset\Internal\mar2020\pickle_files\17330fcd79b140de5fb34f0ca3f773f9aff2e51c.pkl,1
D:\08_Dataset\Internal\mar2020\pickle_files\f05ab072d435db05e5bcbd66fd5c9ae43249cd65.pkl,1
D:\08_Dataset\Internal\mar2020\pickle_files\31687bfc679c041188196a15f7a38c20b62a9879.pkl,1
D:\08_Dataset\Internal\mar2020\pickle_files\9c4de943d162db1b9aebd1441240c3653146b3a8.pkl,1
D:\08_Dataset\Internal\mar2020\pickle_files\dbd81ca9df1bba58a52e0ce7326e76f51fbf33a1.pkl,1
D:\08_Dataset\Internal\mar2020\pickle_files\357d1c4a0658ed014deb783b24e9e5636453e310.pkl,1
D:\08_Dataset\Internal\mar2020\pickle_files\1da696f34d7247f17251ca060be0cd69b108285b.pkl,1
D:\08_Dataset\Internal\mar2020\pickle_files\183154c72aa1e4c828fdcd956d946a46824fb983.pkl,1
D:\08_Dataset\Internal\mar2020\pickle_files\c9319db236edd9e31e10d721fcf52739c8e4765c.pkl,1
D:\08_Dataset\Internal\mar2020\pickle_files\a1d92858bbfb118d9696c2321238bd380b97c9eb.pkl,1
D:\08_Dataset\Internal\mar2020\pickle_files\2a1777ac756e17ff392176c82b1827a64826596c.pkl,1
D:\08_Dataset\Internal\mar2020\pickle_files\1bf12c32ad52478ba1db7668434d190fe124f850.pkl,1
D:\08_Dataset\Internal\mar2020\pickle_files\7ea81a12100073cadcd840a343c352fc0a174582.pkl,1
D:\08_Dataset\Internal\mar2020\pickle_files\2bd817fa6e0e97cf8c7601ef15763c7429cff16f.pkl,1
D:\08_Dataset\Internal\mar2020\pickle_files\c114e379e10be311cca021036b875b2188bb7e59.pkl,1
D:\08_Dataset\Internal\mar2020\pickle_files\070778e0a43191d7088b1bc74e414ba1f39277c6.pkl,1
D:\08_Dataset\Internal\mar2020\pickle_files\448aac8bb38b6996901c7a82dbbd5f175c2bde19.pkl,1
D:\08_Dataset\Internal\mar2020\pickle_files\19323c18c6bd5c9f222d32b87534c81bd386cf03.pkl,1
D:\08_Dataset\Internal\mar2020\pickle_files\220bedef367b3fd62791b2bcac5fc6af9a439f62.pkl,1
D:\08_Dataset\Internal\mar2020\pickle_files\2f8ffa6bf976a81093fd0452d61de07c68b6c0ec.pkl,1
D:\08_Dataset\Internal\mar2020\pickle_files\4276958eeefa24da11377b479c7359ca8b9ade73.pkl,1
D:\08_Dataset\Internal\mar2020\pickle_files\af26eccc480980ccbb101acb80ca458c4ceaa3de.pkl,1
D:\08_Dataset\Internal\mar2020\pickle_files\d2683083b36ab54c2e3dc5436d0b52beef50e184.pkl,1
D:\08_Dataset\Internal\mar2020\pickle_files\a40d1d1c02eb35ac3a6a6d766183be949cfca7e6.pkl,1
D:\08_Dataset\Internal\mar2020\pickle_files\b3ba604f7fad96149975c38e7de00c3090f02ebc.pkl,1
D:\08_Dataset\Internal\mar2020\pickle_files\1e2c11460e4d4f416133fa7d5f08824132212b21.pkl,1
D:\08_Dataset\Internal\mar2020\pickle_files\a654da3bffe6675c7face24c5e0c67009550ca90.pkl,1
D:\08_Dataset\Internal\mar2020\pickle_files\8f36f618447e27e57b6673465efca23c3f4cf16e.pkl,1
D:\08_Dataset\Internal\mar2020\pickle_files\e550516958f3f6c56640e077e2768f73e153756e.pkl,1
D:\08_Dataset\Internal\mar2020\pickle_files\127f45d423b8092a566398538b4b3c1f65446c8f.pkl,1
D:\08_Dataset\Internal\mar2020\pickle_files\62aa8294c115a16c201573fd379498208ad106bf.pkl,1
D:\08_Dataset\Internal\mar2020\pickle_files\a6bfd0bcb7b8c047fa9b2f79092e10092a18dc0b.pkl,1
D:\08_Dataset\Internal\mar2020\pickle_files\7a5474217de902891d2d431b56c120ebdb3d39e3.pkl,1
D:\08_Dataset\Internal\mar2020\pickle_files\0e9c7c4cb139c9a3e2d62bc0710aca4007931c3b.pkl,1
D:\08_Dataset\Internal\mar2020\pickle_files\f57847cf7d76251fec6f2dbfdae8c8ad8e7c032c.pkl,1
D:\08_Dataset\Internal\mar2020\pickle_files\3b2028d88343f12171d11810f3bf13d06ead7729.pkl,1
D:\08_Dataset\Internal\mar2020\pickle_files\1b121b742abb52bb2109fe9e20fe3e425df13323.pkl,1
D:\08_Dataset\Internal\mar2020\pickle_files\341ef8483948a41d9b72c69a3d300ae6f2dda3ff.pkl,1
D:\08_Dataset\Internal\mar2020\pickle_files\da159c6c6b287719fc96a1f07bbdce652a2dadc8.pkl,1
D:\08_Dataset\Internal\mar2020\pickle_files\7543f862975edff0c02fd4f50dca035ca9e7565e.pkl,1
D:\08_Dataset\Internal\mar2020\pickle_files\00745d36e609b5db63d7430571390c9d222e0620.pkl,1
D:\08_Dataset\Internal\mar2020\pickle_files\34b23e79d4ab786380e992e813e7b4262a50c7ce.pkl,1
D:\08_Dataset\Internal\mar2020\pickle_files\0fb5bafa0c2645ad989799370e78764584635675.pkl,1
D:\08_Dataset\Internal\mar2020\pickle_files\23f74e2eda6428e8f0fea2df46999d4401f89b4b.pkl,1
D:\08_Dataset\Internal\mar2020\pickle_files\75d31d671f141057ee8d946f3e8d8434fed2e820.pkl,1
D:\08_Dataset\Internal\mar2020\pickle_files\932b0f499ca9a028e7688a6d7356fda89f7eb28a.pkl,1
D:\08_Dataset\Internal\mar2020\pickle_files\d6195610525b68d0069cfde5ee79e919cfa9513f.pkl,1
D:\08_Dataset\Internal\mar2020\pickle_files\944ec560f65e51df5db7bb9b38467f727491e73e.pkl,1
D:\08_Dataset\Internal\mar2020\pickle_files\f70b323ff3df3fc425e96f7056518752eea54d62.pkl,1
D:\08_Dataset\Internal\mar2020\pickle_files\866b911d19510086cf9cb5565e4ed77ae8445a18.pkl,1
D:\08_Dataset\Internal\mar2020\pickle_files\2332c2d0845050e7f1cf2d3baf32ffe576371751.pkl,1
D:\08_Dataset\Internal\mar2020\pickle_files\80f854c99befd88c8c7c7c29812c1e99e2569cb1.pkl,1
D:\08_Dataset\Internal\mar2020\pickle_files\e20e62c93589ab813d83de441d26a57562498d36.pkl,1
D:\08_Dataset\Internal\mar2020\pickle_files\306fd0751a1a30fbf995c3b8a1fdca3250d1c381.pkl,1
D:\08_Dataset\Internal\mar2020\pickle_files\792a841310373f371e3d6d6e1ec266ec25731c60.pkl,1
D:\08_Dataset\Internal\mar2020\pickle_files\c93adfcb50803ba9eb1278cf64e364a2c9a9677b.pkl,1
D:\08_Dataset\Internal\mar2020\pickle_files\2e8bd007806b6dc7110ff8b0df974a23f0dbe631.pkl,1
D:\08_Dataset\Internal\mar2020\pickle_files\3593385f2a8b9dbc866cc1e5ee772f666ed7d846.pkl,1
D:\08_Dataset\Internal\mar2020\pickle_files\faa1a10f8c8888e40c884fb10fe3736d66610423.pkl,1
D:\08_Dataset\Internal\mar2020\pickle_files\d0bcc03f9feaeef6d6be529aa3ef91dfbc7eaa67.pkl,1
D:\08_Dataset\Internal\mar2020\pickle_files\29935518950ec48e8a83151a7cc390ac0e1936d4.pkl,1
D:\08_Dataset\Internal\mar2020\pickle_files\feef270e132972697671709dc65213af33078d42.pkl,1
D:\08_Dataset\Internal\mar2020\pickle_files\b531c3768e02384fbe02963ab32db4b86e19bcf7.pkl,1
D:\08_Dataset\Internal\mar2020\pickle_files\bcdbc43517dced02b8a09c327a50f016bbeb8579.pkl,1
D:\08_Dataset\Internal\mar2020\pickle_files\5046218fce63433d84e456cf7f20f210008709a1.pkl,1
D:\08_Dataset\Internal\mar2020\pickle_files\c945a0c56d62b4fa065bd94976bd74befcff9907.pkl,1
D:\08_Dataset\Internal\mar2020\pickle_files\d25ea9ca6aacc1f7ea0c07aaaa6b1da3ad2786f6.pkl,1
D:\08_Dataset\Internal\mar2020\pickle_files\3b975dc7ce179402e2a71d9216d34f89841b316a.pkl,1
D:\08_Dataset\Internal\mar2020\pickle_files\cd944956e68b4b9de178d36446cdaa2ded71d367.pkl,1
D:\08_Dataset\Internal\mar2020\pickle_files\5cd5fc5597d67909f638314373d45abe305fa611.pkl,1
D:\08_Dataset\Internal\mar2020\pickle_files\706800314acaa3bdc300c1a0284b19d2913b6c2c.pkl,1
D:\08_Dataset\Internal\mar2020\pickle_files\dbc6d5c63be096249065af37a61966f5b31359cb.pkl,1
D:\08_Dataset\Internal\mar2020\pickle_files\0db62bff60ff8e92cb2783faade0d2fff7b5a55b.pkl,1
D:\08_Dataset\Internal\mar2020\pickle_files\d16bfee3dc4a1d29bd35afb59ba5d483aa56ab85.pkl,1
D:\08_Dataset\Internal\mar2020\pickle_files\d3ea85c65afef9435c1fcea25fbb86ef14a01c77.pkl,1
D:\08_Dataset\Internal\mar2020\pickle_files\bf7cf5fb34e7f488f4957ddf3804db00b4cea170.pkl,1
D:\08_Dataset\Internal\mar2020\pickle_files\09318082ea5606743e15792d136ad52e096280fd.pkl,1
D:\08_Dataset\Internal\mar2020\pickle_files\d6706bd7c7ef86edc0f631c6b554887282aca721.pkl,1
D:\08_Dataset\Internal\mar2020\pickle_files\55adf721274dc004a3073437ee40480e0f972cc8.pkl,1
D:\08_Dataset\Internal\mar2020\pickle_files\abdb7c3ecd3645d63034b33328d2e3831828db31.pkl,1
D:\08_Dataset\Internal\mar2020\pickle_files\6a61d58511f903e0c29a896fcb1289fe884cf92a.pkl,1
D:\08_Dataset\Internal\mar2020\pickle_files\c78869b1cc38bd6700a051f23e105fde32e5a923.pkl,1
D:\08_Dataset\Internal\mar2020\pickle_files\561f4c5bfcb3204c3405735b29303bab5903ff55.pkl,1
D:\08_Dataset\Internal\mar2020\pickle_files\6d445d82e1b98f4d004414f310f16986e89ba820.pkl,1
D:\08_Dataset\Internal\mar2020\pickle_files\70a86c9d89ee116e9fa57d21ce751371e7cc7e79.pkl,1
D:\08_Dataset\Internal\mar2020\pickle_files\b41048f8b2a3e032a6915ea92318670b0a6ccde0.pkl,1
D:\08_Dataset\Internal\mar2020\pickle_files\46715d29edd8fdf93ad19538949a3cfcb4635846.pkl,1
D:\08_Dataset\Internal\mar2020\pickle_files\56ce660fec7c2e4354bf71f6eba90a97b131b031.pkl,1
D:\08_Dataset\Internal\mar2020\pickle_files\595a26222f10fde066326e08656686c2b78cfb1b.pkl,1
D:\08_Dataset\Internal\mar2020\pickle_files\ccea977b5c2597eb033f733a706b8439ca02bd21.pkl,1
D:\08_Dataset\Internal\mar2020\pickle_files\17e1df6127ee3084ef7477d05c841b39c85642ae.pkl,1
D:\08_Dataset\Internal\mar2020\pickle_files\cbcd35872e82d5440d16c3ce8b310506ef5b638c.pkl,1
D:\08_Dataset\Internal\mar2020\pickle_files\da001c2ff8336cacca4650c0aa9c6248cfe12ade.pkl,1
D:\08_Dataset\Internal\mar2020\pickle_files\38071984ed43ece2c50429061dd5e6a4cf7f9600.pkl,1
D:\08_Dataset\Internal\mar2020\pickle_files\05280c88226129fe4fafbec1a5006659a2bc0798.pkl,1
D:\08_Dataset\Internal\mar2020\pickle_files\971dd976d6b06b370811f6e5b55e57ee15cf98dc.pkl,1
D:\08_Dataset\Internal\mar2020\pickle_files\f47e0291e809c6f782cc1b24980f46443a28af05.pkl,1
D:\08_Dataset\Internal\mar2020\pickle_files\b348f8c971cd3dc855fc6bf19845b7d93d70705b.pkl,1
D:\08_Dataset\Internal\mar2020\pickle_files\c3cd66a01e9a583e3ff4fb4e957309b71f250c72.pkl,1
D:\08_Dataset\Internal\mar2020\pickle_files\2bd2b48ff6aa54a7bb3f21ba2c096e9d182c26f8.pkl,1
D:\08_Dataset\Internal\mar2020\pickle_files\526a620ac047632a0fbaa0e95d6f6051340ea107.pkl,1
D:\08_Dataset\Internal\mar2020\pickle_files\66d7e12f10ddc8d8f5067658cee9aab241d61db3.pkl,1
D:\08_Dataset\Internal\mar2020\pickle_files\aa82ff40d39798338fb5f8928dfffdbf6ffd4ec3.pkl,1
D:\08_Dataset\Internal\mar2020\pickle_files\41074d66f10b22e31cc3c5d7eb56da2151945bb6.pkl,1
D:\08_Dataset\Internal\mar2020\pickle_files\08a51ccd87d6eecffb9a46a9418168cbbb0da1ff.pkl,1
D:\08_Dataset\Internal\mar2020\pickle_files\e19897323f4f04430c0ec3b57cf76755bb7741e9.pkl,1
D:\08_Dataset\Internal\mar2020\pickle_files\42fb8515e9c59511c1e82f683a92f9a59a93e28f.pkl,1
D:\08_Dataset\Internal\mar2020\pickle_files\25071b8a8473022b5a49e7ec6fff55a23bfdfd38.pkl,1
D:\08_Dataset\Internal\mar2020\pickle_files\f40998136b49cbd6be18fd2c5c8bc83e0a820a8c.pkl,1
D:\08_Dataset\Internal\mar2020\pickle_files\955b1aa792e9ad07d7ec2018065c04830ca7bca0.pkl,1
D:\08_Dataset\Internal\mar2020\pickle_files\ef59fb75817e13eb0760c6bbc218a3dc36b7f0d1.pkl,1
D:\08_Dataset\Internal\mar2020\pickle_files\6856fd105f9bea73df88706c5abc40c3b3f9a4db.pkl,1
D:\08_Dataset\Internal\mar2020\pickle_files\34e6127c0cd12cef487d937f61342105738939af.pkl,1
D:\08_Dataset\Internal\mar2020\pickle_files\10d8d79f35f26215e8f94d291fbc0c2fc0c8b343.pkl,1
D:\08_Dataset\Internal\mar2020\pickle_files\942adeac95477c73ccaf2d0e27fe1aee35bdd9aa.pkl,1
D:\08_Dataset\Internal\mar2020\pickle_files\29eab40526c1ea4d2dc927c4da8aac93c5d92281.pkl,1
D:\08_Dataset\Internal\mar2020\pickle_files\55213803123753f8b6609cdc263ea99b7a671fd8.pkl,1
D:\08_Dataset\Internal\mar2020\pickle_files\a283840e9c5c00c9488c29cee3e1fddc8ed3179a.pkl,1
D:\08_Dataset\Internal\mar2020\pickle_files\0eeb09397f13b2927a1ca1694eece2eb4faaf10a.pkl,1
D:\08_Dataset\Internal\mar2020\pickle_files\07d0bbf9ec6a5b10352291b69c4e42b2bd7a8298.pkl,1
D:\08_Dataset\Internal\mar2020\pickle_files\ff560777098d35dc65ec8b9afd6c4537e745a690.pkl,1
D:\08_Dataset\Internal\mar2020\pickle_files\676ca1a09fa6f5072128f51330fee20e1ee750a0.pkl,1
D:\08_Dataset\Internal\mar2020\pickle_files\af8266442cfadb58b728e4e8274ab74293fc5ad1.pkl,1
D:\08_Dataset\Internal\mar2020\pickle_files\be99dfaf1765d2a7dd5df14015234c550138bd74.pkl,1
D:\08_Dataset\Internal\mar2020\pickle_files\98135896b91fd49b4022ae95a5251a9af9ed0812.pkl,1
D:\08_Dataset\Internal\mar2020\pickle_files\883b739fc46cfc864b614b671b9d3a0807f4dda3.pkl,1
D:\08_Dataset\Internal\mar2020\pickle_files\f23f561139513b076fc46437da4659830047a7f3.pkl,1
D:\08_Dataset\Internal\mar2020\pickle_files\5dc95f5ea2ae0801e2b1630096e8d2ef9e2c49bb.pkl,1
D:\08_Dataset\Internal\mar2020\pickle_files\9bd16acbb5d1393d9a5d8eae71b487fd254e40e5.pkl,1
D:\08_Dataset\Internal\mar2020\pickle_files\8cb68296f9149ecd105133f3ffd306152951fb00.pkl,1
D:\08_Dataset\Internal\mar2020\pickle_files\9951933f45c3042e6c286eca135dae88a273ba81.pkl,1
D:\08_Dataset\Internal\mar2020\pickle_files\c2b64163ec8deb185c5b3403b2ab53f1204c63c7.pkl,1
D:\08_Dataset\Internal\mar2020\pickle_files\e6d2a47680c3a8b8c0abe37eaee914fc8bfd73b5.pkl,1
D:\08_Dataset\Internal\mar2020\pickle_files\d5f8cc71f663d157f74a04f596f6169dfd7c7bc4.pkl,1
D:\08_Dataset\Internal\mar2020\pickle_files\712ca1118f24dda8bef22c176e38eed574da87e5.pkl,1
D:\08_Dataset\Internal\mar2020\pickle_files\5c5a577b8ca7b9aa38a05eca00795f8171acf489.pkl,1
D:\08_Dataset\Internal\mar2020\pickle_files\0963a94d65b1b9e4c09ec4c9466771ae9df5c98c.pkl,1
D:\08_Dataset\Internal\mar2020\pickle_files\d03cf8f94086436a9867c8942431d929e1cf4bc4.pkl,1
D:\08_Dataset\Internal\mar2020\pickle_files\3045804808a6c5936e0e84f0da3abafc148f5773.pkl,1
D:\08_Dataset\Internal\mar2020\pickle_files\01834aee0478c4d5ea209057e2e61e938add633b.pkl,1
D:\08_Dataset\Internal\mar2020\pickle_files\02f0d3919638d285df7204eb43dd615befb4b47b.pkl,1
D:\08_Dataset\Internal\mar2020\pickle_files\6886430ed029c947cf6d8ec8db9849ecef70aa43.pkl,1
D:\08_Dataset\Internal\mar2020\pickle_files\c70b6017a1a9c34fc9859713b6fa8c4db92246bd.pkl,1
D:\08_Dataset\Internal\mar2020\pickle_files\f0d8814025357571fe09ddfd00e44e785f7f1a61.pkl,1
D:\08_Dataset\Internal\mar2020\pickle_files\012b042c97d472b031e6723e2f173aedfe5aba8c.pkl,1
D:\08_Dataset\Internal\mar2020\pickle_files\4b84a609fd21eaea7ef7316d902b1bba28de3c4c.pkl,1
D:\08_Dataset\Internal\mar2020\pickle_files\65d96aff9b40ca732c85b893a26230a63bbd4009.pkl,1
D:\08_Dataset\Internal\mar2020\pickle_files\a8c9d2b188c55a5e5b87e3ec94eac43bf054a822.pkl,1
D:\08_Dataset\Internal\mar2020\pickle_files\736fb2e07681a1678255c8320c6e86bf8c94bb2e.pkl,1
D:\08_Dataset\Internal\mar2020\pickle_files\a87fd624ae24dadbf14db0344eea4b5b3bb18947.pkl,1
D:\08_Dataset\Internal\mar2020\pickle_files\ec8d612e511d5aa3f5b512ef0b7732d50e117b09.pkl,1
D:\08_Dataset\Internal\mar2020\pickle_files\6b1c964bded45017e6d99d537462044901a459ba.pkl,1
D:\08_Dataset\Internal\mar2020\pickle_files\09acf6bd03a102bd9592935c18f57b8a7c4ec866.pkl,1
D:\08_Dataset\Internal\mar2020\pickle_files\44d53e66c8bd6a720c5b6e1b14a9f15a9d2dc925.pkl,1
D:\08_Dataset\Internal\mar2020\pickle_files\6f819e4ee3e331bd6ba7278d9fb9a2972318aaf6.pkl,1
D:\08_Dataset\Internal\mar2020\pickle_files\364e37cb2e3aadda868f15ede288a89be9633d51.pkl,1
D:\08_Dataset\Internal\mar2020\pickle_files\1a374a2debada74882066021fce5211d5617bbb0.pkl,1
D:\08_Dataset\Internal\mar2020\pickle_files\0ea85444ee552253857833c0bf73ad641de3e74e.pkl,1
D:\08_Dataset\Internal\mar2020\pickle_files\2a523da9a31e76310e52580178e22047dcdbfb6d.pkl,1
D:\08_Dataset\Internal\mar2020\pickle_files\6ed667c59490fbf37e7429df95403a04a3a1748b.pkl,1
D:\08_Dataset\Internal\mar2020\pickle_files\70a9f23cbb1886b1e54d9101b311eb2dfd860024.pkl,1
D:\08_Dataset\Internal\mar2020\pickle_files\89a0d9624afd953d9ad182ce5279ed1fa7c85b18.pkl,1
D:\08_Dataset\Internal\mar2020\pickle_files\30c588dce59bb0ea3d07acd9ecbaa9d99a2ff8bb.pkl,1
D:\08_Dataset\Internal\mar2020\pickle_files\b075ff3fe0f97b5ea6fc688a1af3b4d2c6222f2d.pkl,1
D:\08_Dataset\Internal\mar2020\pickle_files\3933b0baed54b1136b0d649eabbbf073ee24735b.pkl,1
D:\08_Dataset\Internal\mar2020\pickle_files\dfc12e490b0a00fac4bfbecb16e964e36de907ca.pkl,1
D:\08_Dataset\Internal\mar2020\pickle_files\1d068b6ae7b7703f97be4fde6935949d2dec0d76.pkl,1
D:\08_Dataset\Internal\mar2020\pickle_files\755c94d50eb8bfe51c9280a5e7f82410a5c35a42.pkl,1
D:\08_Dataset\Internal\mar2020\pickle_files\a1c661e9a36342a7b0c4ff57221d10a1a45b1c19.pkl,1
D:\08_Dataset\Internal\mar2020\pickle_files\68981d1ef28859a86564bfdcc5476f4e6efa406b.pkl,1
D:\08_Dataset\Internal\mar2020\pickle_files\e6c2d0ef1d176b51fdce4907399136470891fb15.pkl,1
D:\08_Dataset\Internal\mar2020\pickle_files\dfb81e68b63c258914307befeab47f23f2f347e7.pkl,1
D:\08_Dataset\Internal\mar2020\pickle_files\5148f56486436af4833accc882eb469fe30d53f3.pkl,1
D:\08_Dataset\Internal\mar2020\pickle_files\3e17350f43f65d11e7fe3b038c61906211256591.pkl,1
D:\08_Dataset\Internal\mar2020\pickle_files\19118a4bf2c07a14f5d6c89fe9e56616366717d5.pkl,1
D:\08_Dataset\Internal\mar2020\pickle_files\ce4ed7e33717afa2362eba73eb2bef729d8b5b22.pkl,1
D:\08_Dataset\Internal\mar2020\pickle_files\a4ab4a80a2d978f457ef18eba8cff8340fa5c3f7.pkl,1
D:\08_Dataset\Internal\mar2020\pickle_files\8cbff1b00e525cfeddd4764f1b9acf2173dcd70c.pkl,1
D:\08_Dataset\Internal\mar2020\pickle_files\073541781de81be1302387c1332f0eb0158e1907.pkl,1
D:\08_Dataset\Internal\mar2020\pickle_files\e9eb8f2bcacba221ae4d3f88493f9dc1e0afeaa8.pkl,1
D:\08_Dataset\Internal\mar2020\pickle_files\1fc805dafc68fda58b9204d9e428899b2d6c23ae.pkl,1
D:\08_Dataset\Internal\mar2020\pickle_files\5b47da7d6c41f55efd534c3623a820e25e5e64da.pkl,1
D:\08_Dataset\Internal\mar2020\pickle_files\f42edff01a9d7488422bac7595aa9690b8c5e410.pkl,1
D:\08_Dataset\Internal\mar2020\pickle_files\0614be88eed21f2371a0542348edeae391e16398.pkl,1
D:\08_Dataset\Internal\mar2020\pickle_files\3bc576b28e24fea88d17efce32a1f3435e1fe5f7.pkl,1
D:\08_Dataset\Internal\mar2020\pickle_files\b90d008c534d99f3aad8671fd667989295836d7d.pkl,1
D:\08_Dataset\Internal\mar2020\pickle_files\27202b4662cd730e62219c96ea36a793d987ad2c.pkl,1
D:\08_Dataset\Internal\mar2020\pickle_files\0e480ba6bb46b23829f58fdfebf743afbb5bfd94.pkl,1
D:\08_Dataset\Internal\mar2020\pickle_files\32893daf348b8896fefa2e1aafbad7a89032af3d.pkl,1
D:\08_Dataset\Internal\mar2020\pickle_files\d71e0a563d2cb93b85df496b9c2a52702ef778d1.pkl,1
D:\08_Dataset\Internal\mar2020\pickle_files\d1538d6e2e81536a1434c312e34489115a782668.pkl,1
D:\08_Dataset\Internal\mar2020\pickle_files\5e65a3f73224dcd4706e0040e9831ff6118b1de6.pkl,1
D:\08_Dataset\Internal\mar2020\pickle_files\b601472cc91af05275226d49d50aa9daab5b0952.pkl,1
D:\08_Dataset\Internal\mar2020\pickle_files\3817e631a18a51290a1cc9eee4053a50b808d00b.pkl,1
D:\08_Dataset\Internal\mar2020\pickle_files\d4d2e5d53e1a159128c8f49cf89a5fb91b00321a.pkl,1
D:\08_Dataset\Internal\mar2020\pickle_files\9c2f9ade7127bb80983a3e0a404ff46e2d80bbf3.pkl,1
D:\08_Dataset\Internal\mar2020\pickle_files\d38844e809335fb509bfb0c581f1a12c7e4d4454.pkl,1
D:\08_Dataset\Internal\mar2020\pickle_files\e73efa1a1101a746c1824476225777fe9459a1f2.pkl,1
D:\08_Dataset\Internal\mar2020\pickle_files\e4b3288472a5ffeec0f85269b5331f580e6a560b.pkl,1
D:\08_Dataset\Internal\mar2020\pickle_files\b4a0a42da3b1b891be7bdaa50dda252d648e21b7.pkl,1
D:\08_Dataset\Internal\mar2020\pickle_files\5c017a9f6ec7a60fe6d857030fd3d76a24d80d26.pkl,1
D:\08_Dataset\Internal\mar2020\pickle_files\93ecb1f205e3c9d3b73bf9246fd738ff56f8f8e5.pkl,1
D:\08_Dataset\Internal\mar2020\pickle_files\c196c00d40c57db04f0064f666395ff114aaf120.pkl,1
D:\08_Dataset\Internal\mar2020\pickle_files\0b4d625316c2d7b6607f2541eb616c8321d85912.pkl,1
D:\08_Dataset\Internal\mar2020\pickle_files\84a112fdc4c9f4596d24b99c1481e2e0613c40c7.pkl,1
D:\08_Dataset\Internal\mar2020\pickle_files\0c213aead59200c8852ba53055f738ae38015216.pkl,1
D:\08_Dataset\Internal\mar2020\pickle_files\158b503ba05f60aa9a33331917477f63392718c9.pkl,1
D:\08_Dataset\Internal\mar2020\pickle_files\601edb611f959cb80cacb17569d6e2268d187ac8.pkl,1
D:\08_Dataset\Internal\mar2020\pickle_files\e39745e020fdd69ea96cdd345ad13e9be223fdcd.pkl,1
D:\08_Dataset\Internal\mar2020\pickle_files\6fdcf9aab949448266cf7fa660bdf67f902e524d.pkl,1
D:\08_Dataset\Internal\mar2020\pickle_files\48033af91776af5f5271676c438536fddd5d8cd0.pkl,1
D:\08_Dataset\Internal\mar2020\pickle_files\a0e7454369138db6701341a4769a0eb066704767.pkl,1
D:\08_Dataset\Internal\mar2020\pickle_files\fabfb9661d3dade4539feea8dcf8c661ce4c54d0.pkl,1
D:\08_Dataset\Internal\mar2020\pickle_files\56b8f0dd9b1cef0ab177fcf033be3c7bf97afdbb.pkl,1
D:\08_Dataset\Internal\mar2020\pickle_files\f77db5a5a0c7814001a483d9848cba628cba63c1.pkl,1
D:\08_Dataset\Internal\mar2020\pickle_files\d6ae9ae93a40cbb36cd92208d20f949642d51a83.pkl,1
D:\08_Dataset\Internal\mar2020\pickle_files\e533f1756c560804f81d363421e9ea5a2ac95de7.pkl,1
D:\08_Dataset\Internal\mar2020\pickle_files\8c473e4b0be5ba202735ad78aab86bd704437117.pkl,1
D:\08_Dataset\Internal\mar2020\pickle_files\54bf50e7deb71022029a99e9d39044fb07d537e4.pkl,1
D:\08_Dataset\Internal\mar2020\pickle_files\021c615a6f6eba2eabc7818e3b97b1bb141a977a.pkl,1
D:\08_Dataset\Internal\mar2020\pickle_files\1b155d4e678e687129c6e117ff9083ba22e4e27a.pkl,1
D:\08_Dataset\Internal\mar2020\pickle_files\779b338e4cf49e3eabaf56bdebc6f1fcdb0ad9c9.pkl,1
D:\08_Dataset\Internal\mar2020\pickle_files\5d91ec2bd86f44d4139889d7485353ab31dc036a.pkl,1
D:\08_Dataset\Internal\mar2020\pickle_files\109a8cd372aaf89555b5b60695efa7f261bffa35.pkl,1
D:\08_Dataset\Internal\mar2020\pickle_files\2ee5af8f84a7caf88de9f10cf7129042a408c811.pkl,1
D:\08_Dataset\Internal\mar2020\pickle_files\4690855befd4ba23dea8e81e7d56f317ebeec457.pkl,1
D:\08_Dataset\Internal\mar2020\pickle_files\dcfbf2bd68b9be43adf6fe99565220103d38e336.pkl,1
D:\08_Dataset\Internal\mar2020\pickle_files\f688d12c3877353343dbd5b20a3790fadc3f5c72.pkl,1
D:\08_Dataset\Internal\mar2020\pickle_files\ef7274256b588bb85cdf1b442717745e4c26c7d4.pkl,1
D:\08_Dataset\Internal\mar2020\pickle_files\33b4c63742b48190b20134ef6b54d8c98ea397d7.pkl,1
D:\08_Dataset\Internal\mar2020\pickle_files\e43cefc2a7eb3271c87611bc6391eecd51d9c6b5.pkl,1
D:\08_Dataset\Internal\mar2020\pickle_files\1d685d68c28f12d4c4ed08e034df35c1104de771.pkl,1
D:\08_Dataset\Internal\mar2020\pickle_files\925e599f3e16786b9f4007ccbb30a017b6269703.pkl,1
D:\08_Dataset\Internal\mar2020\pickle_files\3ed27ce08e1dd5b288e504021593868bae54b57c.pkl,1
D:\08_Dataset\Internal\mar2020\pickle_files\fff9de21f9338f0a37da38a239488bf39fc8edf0.pkl,1
D:\08_Dataset\Internal\mar2020\pickle_files\a82de0fef9f921efeab354b0aaa31a7f3fcb27d7.pkl,1
D:\08_Dataset\Internal\mar2020\pickle_files\d9e9e633682cd27bdfa019edba09bdba03057868.pkl,1
D:\08_Dataset\Internal\mar2020\pickle_files\56258f9eb8d66902b61bf711f3c6c08c946d9deb.pkl,1
D:\08_Dataset\Internal\mar2020\pickle_files\eaffeb1e95d26e318f3ea15180fd1038bce80635.pkl,1
D:\08_Dataset\Internal\mar2020\pickle_files\567db5d5075e95709ba386471075ec02aa2be7e9.pkl,1
D:\08_Dataset\Internal\mar2020\pickle_files\187391e9ba9e1258bb252b69882f0b80da4c01f7.pkl,1
D:\08_Dataset\Internal\mar2020\pickle_files\c2ca1df67659e90281fd405160d8f66bef852e3c.pkl,1
D:\08_Dataset\Internal\mar2020\pickle_files\5480065262253eb5e92b22a87cad8fea9715169b.pkl,1
D:\08_Dataset\Internal\mar2020\pickle_files\218478207a3f5545292891cf69b014faadcedb8e.pkl,1
D:\08_Dataset\Internal\mar2020\pickle_files\b09ae64a433c42677e9cebd7253050182b03ed8e.pkl,1
D:\08_Dataset\Internal\mar2020\pickle_files\6cb7938fb4c6bb1aa5335c6509647dcd7622eb01.pkl,1
D:\08_Dataset\Internal\mar2020\pickle_files\acfb4a5806ebf0f931521c7212080a9a861c9e3b.pkl,1
D:\08_Dataset\Internal\mar2020\pickle_files\288ea291e3f5c4421dc8538d3b911ac87906ebc9.pkl,1
D:\08_Dataset\Internal\mar2020\pickle_files\ede0df8673a5119409a42ec9060adc353f8e3ac8.pkl,1
D:\08_Dataset\Internal\mar2020\pickle_files\6e7ede21331b70d4f1032283fd21e2b523b55289.pkl,1
D:\08_Dataset\Internal\mar2020\pickle_files\8601ccae5b4daefdb522363f94106a227efdea24.pkl,1
D:\08_Dataset\Internal\mar2020\pickle_files\daf0a132b2fef9bc08deaabffacf7e9df48ba79c.pkl,1
D:\08_Dataset\Internal\mar2020\pickle_files\99c06281b77731d2fb75d9c14addfeae9ffc4a2e.pkl,1
D:\08_Dataset\Internal\mar2020\pickle_files\c261065428ba6037f99a4f97454a8a5eeffd407e.pkl,1
D:\08_Dataset\Internal\mar2020\pickle_files\656e451aa219f5a96676bc075a02811e5e03b366.pkl,1
D:\08_Dataset\Internal\mar2020\pickle_files\a82e06bb93f64c7e4b1249e26ea86e6a0281d9dc.pkl,1
D:\08_Dataset\Internal\mar2020\pickle_files\6770683ce1e854ec2ed5f056fdaf3786b59f3e29.pkl,1
D:\08_Dataset\Internal\mar2020\pickle_files\c18248b75d4af1f5f9e5ef27d67c4e30774823d6.pkl,1
D:\08_Dataset\Internal\mar2020\pickle_files\a478af7fa06d6bd519f7aae65fec7940b6bc8159.pkl,1
D:\08_Dataset\Internal\mar2020\pickle_files\6cb2ce288a5d09bfc93cb2b1b1fd8fa5248308b4.pkl,1
D:\08_Dataset\Internal\mar2020\pickle_files\8d48239f1f33db74a43769d70f14412d4f7a2eef.pkl,1
D:\08_Dataset\Internal\mar2020\pickle_files\d15c275aff0a925c586b68104c50a3fbabca7be5.pkl,1
D:\08_Dataset\Internal\mar2020\pickle_files\4e93a54c86a07ee692936b64684c69286453b302.pkl,1
D:\08_Dataset\Internal\mar2020\pickle_files\478b5efb74ecd9e7941a9ecd9da385442ba08d8c.pkl,1
D:\08_Dataset\Internal\mar2020\pickle_files\b595602c11c60258b1903c6a70d9fa72350fc94c.pkl,1
D:\08_Dataset\Internal\mar2020\pickle_files\27e02ad6c3860ae6e9cf51ea0fa7b2e7cf2928de.pkl,1
D:\08_Dataset\Internal\mar2020\pickle_files\de3fb37630b08fe07fd417b5013d7c9e4e9daefa.pkl,1
D:\08_Dataset\Internal\mar2020\pickle_files\9c5af6b775ba1e4dc4d8ac3ca3e9ef52939f341c.pkl,1
D:\08_Dataset\Internal\mar2020\pickle_files\24c9eb65ac1f968bd56077200a35136e18fc81fd.pkl,1
D:\08_Dataset\Internal\mar2020\pickle_files\861e2c39049210a3469a156732dd59b2ca0ce1ce.pkl,1
D:\08_Dataset\Internal\mar2020\pickle_files\6883c6d0247bd8679ae6413e63936461e072fba6.pkl,1
D:\08_Dataset\Internal\mar2020\pickle_files\b1690bbdfae409fcc7420acb2756c648dce6eb2d.pkl,1
D:\08_Dataset\Internal\mar2020\pickle_files\04ffe9ccda1257331fa7c7e611624a7866929f52.pkl,1
D:\08_Dataset\Internal\mar2020\pickle_files\31038acd1600fc9019f9ff51ce895f7c95a73140.pkl,1
D:\08_Dataset\Internal\mar2020\pickle_files\7b804ee801014931d759a7355b17a5f7118d5767.pkl,1
D:\08_Dataset\Internal\mar2020\pickle_files\db6c40c8c73e8447205d4b62a12db2fb2afd55a9.pkl,1
D:\08_Dataset\Internal\mar2020\pickle_files\57e9bd3194ae98e80f35909d44b116afdcda8fdd.pkl,1
D:\08_Dataset\Internal\mar2020\pickle_files\76fd45a952e58a169f758b05057b86d415488114.pkl,1
D:\08_Dataset\Internal\mar2020\pickle_files\7a5c76bf11020d1bc957e8aefa17dba96cd53a84.pkl,1
D:\08_Dataset\Internal\mar2020\pickle_files\b5364e4d66382005621fbbcfc44e22e4d7cb4422.pkl,1
D:\08_Dataset\Internal\mar2020\pickle_files\df0ea71733e353fd962e553f2f53bc1a2ed13933.pkl,1
D:\08_Dataset\Internal\mar2020\pickle_files\d480658c4cf5e06a2edd1769c9b5a9553e7e9b93.pkl,1
D:\08_Dataset\Internal\mar2020\pickle_files\bb1d08295d434356dc1590ef2dbf0f09c621d1c7.pkl,1
D:\08_Dataset\Internal\mar2020\pickle_files\85526ab063dc68216a88cc740b4d4fa2c497c78f.pkl,1
D:\08_Dataset\Internal\mar2020\pickle_files\5245e63a8c358e011fe0e9ecaa1699a5df2265f2.pkl,1
D:\08_Dataset\Internal\mar2020\pickle_files\969c954d096b5cef67f10b3d01e983432fb1978b.pkl,1
D:\08_Dataset\Internal\mar2020\pickle_files\303655e1af0eabb8aa2b1be22892aa8346dd1b6d.pkl,1
D:\08_Dataset\Internal\mar2020\pickle_files\e4078d9f74dd70e91814befc1d116e18ecb127ab.pkl,1
D:\08_Dataset\Internal\mar2020\pickle_files\e4846d221587e3f987d5628cd7d35b1ec4fec620.pkl,1
D:\08_Dataset\Internal\mar2020\pickle_files\9b81217837247be6fae90ca688bc30bb4e1d2174.pkl,1
D:\08_Dataset\Internal\mar2020\pickle_files\2d8ed9d2947c2f1c4ed8b873bb64764ea3a9b3ef.pkl,1
D:\08_Dataset\Internal\mar2020\pickle_files\4ea74be41ec54aa52c34a8cdbc40c7d545dfa3c8.pkl,1
D:\08_Dataset\Internal\mar2020\pickle_files\8903d63999d01fcb3f9ea42493324af669ae6a04.pkl,1
D:\08_Dataset\Internal\mar2020\pickle_files\7bb30bc2aab1b1f96582d1b37e83b77696707f64.pkl,1
D:\08_Dataset\Internal\mar2020\pickle_files\d8594bfcabeac8a9fc7496852218ee6dfa49269d.pkl,1
D:\08_Dataset\Internal\mar2020\pickle_files\f233932f87d8471b16be15c4f31f82c643599df2.pkl,1
D:\08_Dataset\Internal\mar2020\pickle_files\af16b49c497de19fbef7e7ed97d3dadb0e9d0887.pkl,1
D:\08_Dataset\Internal\mar2020\pickle_files\4d37af82c29caed2c9940f2d23020732ee45887f.pkl,1
D:\08_Dataset\Internal\mar2020\pickle_files\b8f7ff14f9fa67669a7a0b661c406581d69a4812.pkl,1
D:\08_Dataset\Internal\mar2020\pickle_files\ca77d679f5af5dfb6b7c13b79060592a196fb044.pkl,1
D:\08_Dataset\Internal\mar2020\pickle_files\da3e439dc7f4a0a2264da5aa3c0bb68e3b69cde7.pkl,1
D:\08_Dataset\Internal\mar2020\pickle_files\1526aabe2b466fa254867f629e2b7bc0beb4a384.pkl,1
D:\08_Dataset\Internal\mar2020\pickle_files\4b1e299ba69bc79cb560fb9ce175bb438331ffd3.pkl,1
D:\08_Dataset\Internal\mar2020\pickle_files\91139537ed0235d4bf2a22851cbbdd0974d58736.pkl,1
D:\08_Dataset\Internal\mar2020\pickle_files\bc5f5c61a781d585bd4fc87caf400cd2ea79e690.pkl,1
D:\08_Dataset\Internal\mar2020\pickle_files\ec7a17256cc4a643969260b369a1fd53e753b8a4.pkl,1
D:\08_Dataset\Internal\mar2020\pickle_files\946504dcc9656d59231e2cd3a2de8db1dee5f753.pkl,1
D:\08_Dataset\Internal\mar2020\pickle_files\ffd7f601e03bb4e724eeeb039a5e97d97195cbe2.pkl,1
D:\08_Dataset\Internal\mar2020\pickle_files\3453656ced2cd893dd045d4275892b63555e7f05.pkl,1
D:\08_Dataset\Internal\mar2020\pickle_files\0b82ec013bbada5341ed21cb77ca2d41b1a18790.pkl,1
D:\08_Dataset\Internal\mar2020\pickle_files\40127d7a46d743b7699e200fdcf8f9f3ca3b7835.pkl,1
D:\08_Dataset\Internal\mar2020\pickle_files\51bed04d8c051842b4134b197c7bf92dd2ff89ee.pkl,1
D:\08_Dataset\Internal\mar2020\pickle_files\796d60baf022767e710e3d1d49da44a4c69c8097.pkl,1
D:\08_Dataset\Internal\mar2020\pickle_files\6262d9ee7fe219ec6d87458345c2e4ec69c26303.pkl,1
D:\08_Dataset\Internal\mar2020\pickle_files\2907d5b422aca4a805e96cb4e1c471cc972a4590.pkl,1
D:\08_Dataset\Internal\mar2020\pickle_files\3b3bd9c6dc82778f1005f201a287bd293a37e860.pkl,1
D:\08_Dataset\Internal\mar2020\pickle_files\3085729b52070e1da63b3a093342c460a675127d.pkl,1
D:\08_Dataset\Internal\mar2020\pickle_files\687efcd6e79e5f1ade7c9e64b8b93dfdfda150b4.pkl,1
D:\08_Dataset\Internal\mar2020\pickle_files\bc4413cfdaee5a9a61d7482ecd0dac2c0a5b5681.pkl,1
D:\08_Dataset\Internal\mar2020\pickle_files\4b379e2dbd8e12d77abc2b38bd2a505dee1ae90d.pkl,1
D:\08_Dataset\Internal\mar2020\pickle_files\9c2671a2f0e2bcbaa47c89c29266a4ec95f8c6c6.pkl,1
D:\08_Dataset\Internal\mar2020\pickle_files\707241516926296c1d59c3d9a278c651591dcf7c.pkl,1
D:\08_Dataset\Internal\mar2020\pickle_files\739f9f0e3c4f50a2f96dc1c157d8b4c658f52cef.pkl,1
D:\08_Dataset\Internal\mar2020\pickle_files\0be38a3ace39a6e0b1894e963f040e7e21c0a6e0.pkl,1
D:\08_Dataset\Internal\mar2020\pickle_files\5b45272161fc7fc5ee42324234992427ad92a96f.pkl,1
D:\08_Dataset\Internal\mar2020\pickle_files\bc1afb1110d7384011e24b5d4093448d588c7512.pkl,1
D:\08_Dataset\Internal\mar2020\pickle_files\dac75ab04ffd38d638c541a28e25cecb05728956.pkl,1
D:\08_Dataset\Internal\mar2020\pickle_files\67faeb41cb5c523fb13bc3d7a95122c2ed73e38f.pkl,1
D:\08_Dataset\Internal\mar2020\pickle_files\8121a2f01d14e79e1856b5455adf2cea8329d09e.pkl,1
D:\08_Dataset\Internal\mar2020\pickle_files\80b1e325e5a2d3d3aca68a05175ec48be3af5b94.pkl,1
D:\08_Dataset\Internal\mar2020\pickle_files\76e447d4bd7adf8e266f9bbcf64081f9c1c3ecf4.pkl,1
D:\08_Dataset\Internal\mar2020\pickle_files\4c64620a88ad923bad204e4a906cee51ead25877.pkl,1
D:\08_Dataset\Internal\mar2020\pickle_files\6518de92b26738b47c766bca62c6c6c8c258ce0e.pkl,1
D:\08_Dataset\Internal\mar2020\pickle_files\b30d8a4f47740777820d54db2370b52b165e34b2.pkl,1
D:\08_Dataset\Internal\mar2020\pickle_files\35321b513db62fd21805b3881293dc274bbf97f9.pkl,1
D:\08_Dataset\Internal\mar2020\pickle_files\a3d966cb21a1d42aed9afea875a367b5269e2257.pkl,1
D:\08_Dataset\Internal\mar2020\pickle_files\19256c9271cadc7e71896c521acf5aeeac6a28e8.pkl,1
D:\08_Dataset\Internal\mar2020\pickle_files\fee51abe7e60a41643e0f48ed3c57c375fb6cb36.pkl,1
D:\08_Dataset\Internal\mar2020\pickle_files\440ce6b28e92607b050719141554d5ae7e8cb1ab.pkl,1
D:\08_Dataset\Internal\mar2020\pickle_files\b8e205632be765698955cdc8cce7d616e808ed17.pkl,1
D:\08_Dataset\Internal\mar2020\pickle_files\9201e432f6e3d338375b5ab3314dc16893502e57.pkl,1
D:\08_Dataset\Internal\mar2020\pickle_files\3a72f0bdbeb67b53204a7b524b9366abe5d6bfa7.pkl,1
D:\08_Dataset\Internal\mar2020\pickle_files\ed1f9bb82a0ce7680a68b659536b94cb128339d9.pkl,1
D:\08_Dataset\Internal\mar2020\pickle_files\848ae66afaeb0add2917590796c62883878c1959.pkl,1
D:\08_Dataset\Internal\mar2020\pickle_files\81aa63a3e498b236ebfe04f4bbb1c8fefa362c90.pkl,1
D:\08_Dataset\Internal\mar2020\pickle_files\7732cb601c5a67252327bd50740ebfb2842f11a0.pkl,1
D:\08_Dataset\Internal\mar2020\pickle_files\9371eead6881868ffa1dd3c1213f89c46a46772c.pkl,1
D:\08_Dataset\Internal\mar2020\pickle_files\c191e5c88299b7965619d00cc5d450cfb2beebf9.pkl,1
D:\08_Dataset\Internal\mar2020\pickle_files\21aeb9aeed752d0c491f618f356da4e930f4dd73.pkl,1
D:\08_Dataset\Internal\mar2020\pickle_files\06e2834af918ff6f2631057c0b9d177edfc0c258.pkl,1
D:\08_Dataset\Internal\mar2020\pickle_files\1fbb6c240ab73d38b5a9de012b5ba5c282c6d82d.pkl,1
D:\08_Dataset\Internal\mar2020\pickle_files\9c667d468946a1efc28ea7bcbc00eef24a569248.pkl,1
D:\08_Dataset\Internal\mar2020\pickle_files\4d48e777b8cd655ad5d0f003db7f5e12ac9fab29.pkl,1
D:\08_Dataset\Internal\mar2020\pickle_files\9f62f6b01d5f2c1e56ab4906bc467114e5f1b74c.pkl,1
D:\08_Dataset\Internal\mar2020\pickle_files\905437b975c1b21a81d17d991c6bf6dcf3cc1a8d.pkl,1
D:\08_Dataset\Internal\mar2020\pickle_files\27bfcb42343732a2827bec4f1d98e53cdd607872.pkl,1
D:\08_Dataset\Internal\mar2020\pickle_files\793a3237698eaa643fc0777c8fd5148883870f17.pkl,1
D:\08_Dataset\Internal\mar2020\pickle_files\2dd2c4ca9c83d540c33a943660d27b63609e239c.pkl,1
D:\08_Dataset\Internal\mar2020\pickle_files\725f97b8d8314364fcea71eb1d35ecf31f2f211f.pkl,1
D:\08_Dataset\Internal\mar2020\pickle_files\076abc352aca15d5e531627c49a8440e4d571cf4.pkl,1
D:\08_Dataset\Internal\mar2020\pickle_files\781d558cdf8a6ff3df92d69cb4c37b6d2acf5d7c.pkl,1
D:\08_Dataset\Internal\mar2020\pickle_files\27d584d929e8656e3ac56574799f50974399c932.pkl,1
D:\08_Dataset\Internal\mar2020\pickle_files\0e9cc37ceaa63f11cde8ebed9d1700ba04e2c72a.pkl,1
D:\08_Dataset\Internal\mar2020\pickle_files\49b65510909c84549c74805856df6dc499206b73.pkl,1
D:\08_Dataset\Internal\mar2020\pickle_files\fc8fad2566256243f261c20e5930485d11b0b214.pkl,1
D:\08_Dataset\Internal\mar2020\pickle_files\4497732eea39d65f3d3b47c9bba8038635f97e1e.pkl,1
D:\08_Dataset\Internal\mar2020\pickle_files\c1ef80682a729b95a8763ebb70aa6938ef2ca5e3.pkl,1
D:\08_Dataset\Internal\mar2020\pickle_files\6885d120b2aada1084fbacb8f7ee8cdafa7ce8da.pkl,1
D:\08_Dataset\Internal\mar2020\pickle_files\3254a9194d97384dc5afabf3f0a0a6082ec6dbb2.pkl,1
D:\08_Dataset\Internal\mar2020\pickle_files\6c69fa1da4defa4457f04d669557cd1cb12ef833.pkl,1
D:\08_Dataset\Internal\mar2020\pickle_files\5433ce0661b9bbaf735fb45bf950cd9964ad3a2b.pkl,1
D:\08_Dataset\Internal\mar2020\pickle_files\d11c28b76b704871736999e0b1e89f9ae7664fc7.pkl,1
D:\08_Dataset\Internal\mar2020\pickle_files\35b0a0d5a95caed87a85d060e09256afc840d18b.pkl,1
D:\08_Dataset\Internal\mar2020\pickle_files\61d86116c3a369409547e69bf232d348faa1cf29.pkl,1
D:\08_Dataset\Internal\mar2020\pickle_files\0c7896078b7560b0cd12dc077fdf7281f760a7ab.pkl,1
D:\08_Dataset\Internal\mar2020\pickle_files\a96c7eb567cb06b0fe87ac9aa67adef91ced291f.pkl,1
D:\08_Dataset\Internal\mar2020\pickle_files\62dc4a01b924a79970bf366809255cfcff839725.pkl,1
D:\08_Dataset\Internal\mar2020\pickle_files\d532d9d290239490609bc13736ce1326bbdb0193.pkl,1
D:\08_Dataset\Internal\mar2020\pickle_files\2c5cbf4c26c4ffade273e99ad5506145d83649ec.pkl,1
D:\08_Dataset\Internal\mar2020\pickle_files\38559986498454a5f22483f5e89e474070a015ce.pkl,1
D:\08_Dataset\Internal\mar2020\pickle_files\b408012423f43a4c07c07e57fa31610d6c5b158d.pkl,1
D:\08_Dataset\Internal\mar2020\pickle_files\ef3e8cc9e0c178fc14fd1ff0e5a48378f2924e86.pkl,1
D:\08_Dataset\Internal\mar2020\pickle_files\c43b45429e08bbd2f1f7cf1641fb0ea1799e8663.pkl,1
D:\08_Dataset\Internal\mar2020\pickle_files\ab595ee613b5152e1a2b64e4c6d460ff51e6ee9b.pkl,1
D:\08_Dataset\Internal\mar2020\pickle_files\89ced8c3a52ad1cd995f72c9ff8e309e765539bb.pkl,1
D:\08_Dataset\Internal\mar2020\pickle_files\e178b0d4100d6308b1f319737e55ff1aafa0d961.pkl,1
D:\08_Dataset\Internal\mar2020\pickle_files\25e342e8a9960ec7245ad6fa8c73ab0da11e66ad.pkl,1
D:\08_Dataset\Internal\mar2020\pickle_files\92c169be49f137286374ba4ccaa9af15eb1adc7e.pkl,1
D:\08_Dataset\Internal\mar2020\pickle_files\970a5c17b3a4425ca6833a9d11fdae6a4df3a5d2.pkl,1
D:\08_Dataset\Internal\mar2020\pickle_files\0070f46154817194de0904def13d75d1e43b8471.pkl,1
D:\08_Dataset\Internal\mar2020\pickle_files\7202d2955a8af98dd61ba1d3f22716ad4a988dd2.pkl,1
D:\08_Dataset\Internal\mar2020\pickle_files\cc48a15aaa51c315302b49002e5830cc85a94c26.pkl,1
D:\08_Dataset\Internal\mar2020\pickle_files\e680de12a371640ccf43168300ccc62f69c7bbb5.pkl,1
D:\08_Dataset\Internal\mar2020\pickle_files\776958928d120a6682afe2b5bb673bb0738943fc.pkl,1
D:\08_Dataset\Internal\mar2020\pickle_files\8a395677a77e8f23a84bbd6e793755d78796e69f.pkl,1
D:\08_Dataset\Internal\mar2020\pickle_files\d76f91f215fe5f76d3a6668bde22946a4bb910e9.pkl,1
D:\08_Dataset\Internal\mar2020\pickle_files\5b8667b5dd5f12f4fc9d8b9d4f36fe233be6d18e.pkl,1
D:\08_Dataset\Internal\mar2020\pickle_files\c8c747147645cec9f95812f42765e59b86883284.pkl,1
D:\08_Dataset\Internal\mar2020\pickle_files\3203cb02caf9796e93e31e4dfa392d3f78264a9f.pkl,1
D:\08_Dataset\Internal\mar2020\pickle_files\87674ab627f35760c9d59b56f3c2b69c19014941.pkl,1
D:\08_Dataset\Internal\mar2020\pickle_files\bb309f2a353d62d6479e26fd57b88d0ef2adcb7c.pkl,1
D:\08_Dataset\Internal\mar2020\pickle_files\1c51ead2a4c59346ce7609b7a6aa299c04d3a9c4.pkl,1
D:\08_Dataset\Internal\mar2020\pickle_files\514c68cbedc458459e1e9d10fd0ed793ddd0040a.pkl,1
D:\08_Dataset\Internal\mar2020\pickle_files\9550e67226f311675d4a05260990431c5893f7ce.pkl,1
D:\08_Dataset\Internal\mar2020\pickle_files\6a00a1dc5802361b60497b06b9b124592d0af976.pkl,1
D:\08_Dataset\Internal\mar2020\pickle_files\346684d9ebf440d01595da367ba834db8982483b.pkl,1
D:\08_Dataset\Internal\mar2020\pickle_files\c4091d5af8a8374472ab739fd6ec6158846ff292.pkl,1
D:\08_Dataset\Internal\mar2020\pickle_files\971757a518385ebc7550a442b806fa640513d6d9.pkl,1
D:\08_Dataset\Internal\mar2020\pickle_files\b420b314009dfbbcf95bcd3c08867eb6bec26089.pkl,1
D:\08_Dataset\Internal\mar2020\pickle_files\ca63d0892b65f40b990bee7b9fda586d2c780e25.pkl,1
D:\08_Dataset\Internal\mar2020\pickle_files\b3e06604d1428ba266097dc56734c4fed2c3e762.pkl,1
D:\08_Dataset\Internal\mar2020\pickle_files\2b5681bb434782b22f358fc367175c577e1377ac.pkl,1
D:\08_Dataset\Internal\mar2020\pickle_files\b8bd250e0f3b67bb1f20a7954ba186c1829cd9a7.pkl,1
D:\08_Dataset\Internal\mar2020\pickle_files\5d03752047558d684d1af58d4bac14fe605ef1b1.pkl,1
D:\08_Dataset\Internal\mar2020\pickle_files\29777b64670d2a1373594b693c21cf4bf96817ed.pkl,1
D:\08_Dataset\Internal\mar2020\pickle_files\9aa4301c1cf8932d6a3c581e96813194b90582bd.pkl,1
D:\08_Dataset\Internal\mar2020\pickle_files\afed95e891e718936ce3d23f929917e26f40fc26.pkl,1
D:\08_Dataset\Internal\mar2020\pickle_files\1a8514b9ef778823b202f13f69723dca039879bb.pkl,1
D:\08_Dataset\Internal\mar2020\pickle_files\8410bd267503955b22a272d460b753916474f98d.pkl,1
D:\08_Dataset\Internal\mar2020\pickle_files\d59f7713f82cab514bcba2340f9113d08b352287.pkl,1
D:\08_Dataset\Internal\mar2020\pickle_files\8feea50b4a2fc17ff346e20b600d7f0ce97683dd.pkl,1
D:\08_Dataset\Internal\mar2020\pickle_files\0b26c5e6457afdcc39bf10a10da477764097a14a.pkl,1
D:\08_Dataset\Internal\mar2020\pickle_files\be0b186a5a80ac7260879074105afa54c2ef8c59.pkl,1
D:\08_Dataset\Internal\mar2020\pickle_files\614c591bdc0f568543c1b9afac18699ae2791d30.pkl,1
D:\08_Dataset\Internal\mar2020\pickle_files\69a4e9368859e0c4b613cfed29cdc22169a59970.pkl,1
D:\08_Dataset\Internal\mar2020\pickle_files\8b14bcda9065cbce4a27816e2c8ff92f3e5bed78.pkl,1
D:\08_Dataset\Internal\mar2020\pickle_files\6012b18378a1f98e14719353813160304db9a472.pkl,1
D:\08_Dataset\Internal\mar2020\pickle_files\fe74a824c36b8e11245d10be744cbe05fdbb90db.pkl,1
D:\08_Dataset\Internal\mar2020\pickle_files\a9b6416c096fc6168b4f99f781fccd5140e7896a.pkl,1
D:\08_Dataset\Internal\mar2020\pickle_files\535eb76e9bbc4f8e5e0ce2fd1cdc71d602aff513.pkl,1
D:\08_Dataset\Internal\mar2020\pickle_files\d11e067cdb828cda3e96d51b34b67860d36b044f.pkl,1
D:\08_Dataset\Internal\mar2020\pickle_files\f7254ab2513b09119268bd06d01bcf9801b715a6.pkl,1
D:\08_Dataset\Internal\mar2020\pickle_files\8e7c39784c36c0d1de6fcb177f03623f49dce3b6.pkl,1
D:\08_Dataset\Internal\mar2020\pickle_files\e563701e2b7b42c5c53f9e799be37faa534f221e.pkl,1
D:\08_Dataset\Internal\mar2020\pickle_files\4b55c10001e2b5fae428dd0298695e0ce44f7064.pkl,1
D:\08_Dataset\Internal\mar2020\pickle_files\e43d697bb20801c6795b3e65d736f1ff6029273b.pkl,1
D:\08_Dataset\Internal\mar2020\pickle_files\6eaabc2dac63a53d7f072d0799103de98f146904.pkl,1
D:\08_Dataset\Internal\mar2020\pickle_files\b1737412b15147d29d5233fbd34757147186d058.pkl,1
D:\08_Dataset\Internal\mar2020\pickle_files\650ab2f6a0fa322aa84ab9883aef938e38c84753.pkl,1
D:\08_Dataset\Internal\mar2020\pickle_files\3571f8b719c70d7e8e6cbe4177efd93ba8e34065.pkl,1
D:\08_Dataset\Internal\mar2020\pickle_files\209cf1c402bab732a8ea76ece93bdb69cbe06f2b.pkl,1
D:\08_Dataset\Internal\mar2020\pickle_files\6fc65901d2d585cbebe41c3706d1209fadc97f05.pkl,1
D:\08_Dataset\Internal\mar2020\pickle_files\fed5d2f7ba46171d01bb9bf1d4b1e301cb2db0f3.pkl,1
D:\08_Dataset\Internal\mar2020\pickle_files\b9b3f26fa98241d5b6c36bc1092d12df81222b99.pkl,1
D:\08_Dataset\Internal\mar2020\pickle_files\d7755fcc656dcf2bc0bf65ac2075870887f67a78.pkl,1
D:\08_Dataset\Internal\mar2020\pickle_files\506b0108432b2fb3eb1745045e32a7543e87b7eb.pkl,1
D:\08_Dataset\Internal\mar2020\pickle_files\5aa8114368967b6db430a85e72c6ca122153105f.pkl,1
D:\08_Dataset\Internal\mar2020\pickle_files\38e06dabbfd3576c71bd3cb6f4158301ad5334e6.pkl,1
D:\08_Dataset\Internal\mar2020\pickle_files\553601063ee75e92d0883a5da51b8222ae69b934.pkl,1
D:\08_Dataset\Internal\mar2020\pickle_files\e4eed736485dbe52e4fafdbf0e61da66073dc0f7.pkl,1
D:\08_Dataset\Internal\mar2020\pickle_files\fd94d1f1b487b8be9edaca2d3f6e483ab2974a9f.pkl,1
D:\08_Dataset\Internal\mar2020\pickle_files\c7dff6ca8909f1ed7a55af719d477264cc044c04.pkl,1
D:\08_Dataset\Internal\mar2020\pickle_files\38d4af92d4b4977f59892b8e1ef51624ebad7c4c.pkl,1
D:\08_Dataset\Internal\mar2020\pickle_files\e46931a195ea8349d1716979e559d85dbbc63f25.pkl,1
D:\08_Dataset\Internal\mar2020\pickle_files\e5893835db95d7cfbb96cc664d138b0f74bc15bb.pkl,1
D:\08_Dataset\Internal\mar2020\pickle_files\d29f31b7b99ca0c88e1174a73c3bbeb0593b2853.pkl,1
D:\08_Dataset\Internal\mar2020\pickle_files\9fc1f5cd7bee613d2edafcb9be82069db1ace953.pkl,1
D:\08_Dataset\Internal\mar2020\pickle_files\fa6a0cecc9ed0d3bd27450f0984a7dd916599eb6.pkl,1
D:\08_Dataset\Internal\mar2020\pickle_files\309b0f8917b52ffac36c66cdc3d4d85e6c2848fc.pkl,1
D:\08_Dataset\Internal\mar2020\pickle_files\4340bfdab78aa4d22f2215e54f68b1e1e2bd5f0e.pkl,1
D:\08_Dataset\Internal\mar2020\pickle_files\98fcc6064eaa0f7c1a2bc2b2f52f27981e824423.pkl,1
D:\08_Dataset\Internal\mar2020\pickle_files\f4965cbe420705400612e75dfba5a04237413c40.pkl,1
D:\08_Dataset\Internal\mar2020\pickle_files\184dfd73830db12944ee5fb0f07d69d131a74ebe.pkl,1
D:\08_Dataset\Internal\mar2020\pickle_files\863fc8af2535a443bf6f8c3bfdc03abd3bf24965.pkl,1
D:\08_Dataset\Internal\mar2020\pickle_files\298eda32bf5f3227e2a850995f78c09f63cc7800.pkl,1
D:\08_Dataset\Internal\mar2020\pickle_files\03b6ee6dc0d699045e16ea80ef6321339baac07f.pkl,1
D:\08_Dataset\Internal\mar2020\pickle_files\7d186fbd3b3f9a6816d81b52ddd691e5e053c350.pkl,1
D:\08_Dataset\Internal\mar2020\pickle_files\940d2fab50fbfc1710f25fe2d7deb3191d57db2b.pkl,1
D:\08_Dataset\Internal\mar2020\pickle_files\b1fd878883d9b7289cfdabba08d27727baf5cb05.pkl,1
D:\08_Dataset\Internal\mar2020\pickle_files\3e36127a502a9dbdd9ff86b4b031210c649c566d.pkl,1
D:\08_Dataset\Internal\mar2020\pickle_files\ddc6b45916925e97b95a6c1952123d9be36f6836.pkl,1
D:\08_Dataset\Internal\mar2020\pickle_files\e14fa9ffbc01d9f9bad10701c0c15e0160a08562.pkl,1
D:\08_Dataset\Internal\mar2020\pickle_files\3eafb1b38bd848d4a4481bc703746d61adb3a37b.pkl,1
D:\08_Dataset\Internal\mar2020\pickle_files\e3b39e5bb7e09411722201eebb202dd74401def0.pkl,1
D:\08_Dataset\Internal\mar2020\pickle_files\2a5e8f4fb8e20a53a7be6c7e6fbb9b463b11fd34.pkl,1
D:\08_Dataset\Internal\mar2020\pickle_files\6bdead37f625ea108a26f3522e534e2e0b322bf4.pkl,1
D:\08_Dataset\Internal\mar2020\pickle_files\22c2276ac1a542446613e565780cf964306cc86e.pkl,1
D:\08_Dataset\Internal\mar2020\pickle_files\3ffbd7d404a79a22edb8040ea79eb4a679ca965a.pkl,1
D:\08_Dataset\Internal\mar2020\pickle_files\da5f24d0eea5633d54fc7c1f9fbc7a2657489966.pkl,1
D:\08_Dataset\Internal\mar2020\pickle_files\3d603f04559e781d6040d5274fe5a22a55d09048.pkl,1
D:\08_Dataset\Internal\mar2020\pickle_files\abf6831802a10e1582b5458436a3046ed2ea8c79.pkl,1
D:\08_Dataset\Internal\mar2020\pickle_files\8e53f2168afadcedf7a95f15d7d236707e0ff313.pkl,1
D:\08_Dataset\Internal\mar2020\pickle_files\ee0367bf9f005cde0aca0f47d20233643d46ae69.pkl,1
D:\08_Dataset\Internal\mar2020\pickle_files\94e5dc34fc3048a2b241145207f6d04c8762679f.pkl,1
D:\08_Dataset\Internal\mar2020\pickle_files\39a3d04a3df16be7f0b6bd08e75c47d4c57d083c.pkl,1
D:\08_Dataset\Internal\mar2020\pickle_files\5236a336abcea1e43430981ec87c832c1783dc63.pkl,1
D:\08_Dataset\Internal\mar2020\pickle_files\294cc188ae31ee34ef364b4aeeb0a182aba1d843.pkl,1
D:\08_Dataset\Internal\mar2020\pickle_files\9a21d2412d739680e0d2f9774b065c07f7cc0f65.pkl,1
D:\08_Dataset\Internal\mar2020\pickle_files\ed29852c1da479e104fdfd8187bed2c1ab180c48.pkl,1
D:\08_Dataset\Internal\mar2020\pickle_files\b4453ea57bd1cbfbc6051cafd158216c8f6a702d.pkl,1
D:\08_Dataset\Internal\mar2020\pickle_files\c851cab1b626221b765b3739d2bf3e8694f56319.pkl,1
D:\08_Dataset\Internal\mar2020\pickle_files\876a7acba7cabf7f88904e60f81a0927130029f1.pkl,1
D:\08_Dataset\Internal\mar2020\pickle_files\713c6df14a866c49b1aa8dc0fc3f1aafb491afe4.pkl,1
D:\08_Dataset\Internal\mar2020\pickle_files\c7aa9520de35e0371711834202ddeea171e53ef0.pkl,1
D:\08_Dataset\Internal\mar2020\pickle_files\173ee291e07184eebbb6115a35bfc5a6ab811350.pkl,1
D:\08_Dataset\Internal\mar2020\pickle_files\66286f767265f793ef1bb05a8d281f44640b3040.pkl,1
D:\08_Dataset\Internal\mar2020\pickle_files\688935fbd64f87c18b58c1b07878a48dadbe0d14.pkl,1
D:\08_Dataset\Internal\mar2020\pickle_files\4fedb1043a0dcde7802e2be04a8c7d92fd69f23d.pkl,1
D:\08_Dataset\Internal\mar2020\pickle_files\53ec1171fda63af0eae7e440bc6aa0d7bf3094b5.pkl,1
D:\08_Dataset\Internal\mar2020\pickle_files\d769f76dc9616afbd3d44448ec6a3da807b9324c.pkl,1
D:\08_Dataset\Internal\mar2020\pickle_files\5d7fbe76318710d894bbac331afd532ba1da5cf8.pkl,1
D:\08_Dataset\Internal\mar2020\pickle_files\0118447a17b87ee3617967efe73389a466531ce6.pkl,1
D:\08_Dataset\Internal\mar2020\pickle_files\2a480f2166eecfa0118a482b6de48970f5644835.pkl,1
D:\08_Dataset\Internal\mar2020\pickle_files\c9f0aedbdd77835a5dd14617b1f4d7bdc7bae2bc.pkl,1
D:\08_Dataset\Internal\mar2020\pickle_files\93c1a22a95d0a1290ee6baff84d0fd71e14e5474.pkl,1
D:\08_Dataset\Internal\mar2020\pickle_files\d928d900f9b8b2f855056fcdbfc75c430335f8df.pkl,1
D:\08_Dataset\Internal\mar2020\pickle_files\ae1d63e78101845c755701fbbb9b5d75043d0b14.pkl,1
D:\08_Dataset\Internal\mar2020\pickle_files\bd572fb438391f1a6a3f9877b0d50135e6203926.pkl,1
D:\08_Dataset\Internal\mar2020\pickle_files\dae062cc05d51952ee9ca12c27fdc998e1a2d241.pkl,1
D:\08_Dataset\Internal\mar2020\pickle_files\43b2856012769e77b510e5f4761c6cc592a8d987.pkl,1
D:\08_Dataset\Internal\mar2020\pickle_files\3bcacd3a969cf976d30972a940f0aebfcaf4039f.pkl,1
D:\08_Dataset\Internal\mar2020\pickle_files\423d709e84ba9b9d40936be8b3dd64e496620ee7.pkl,1
D:\08_Dataset\Internal\mar2020\pickle_files\dce5ad07eb58383313080ce3dd85c8ecd9b732d6.pkl,1
D:\08_Dataset\Internal\mar2020\pickle_files\aa02867eea9c53fdb5b74da928d0a711ee396ad7.pkl,1
D:\08_Dataset\Internal\mar2020\pickle_files\22eb4a945f624bfb7570214a4131beab05187bcb.pkl,1
D:\08_Dataset\Internal\mar2020\pickle_files\7f915bf244329c2e63bd9d174683d411b7f418c4.pkl,1
D:\08_Dataset\Internal\mar2020\pickle_files\5bd195209bb72c579016c64ce996634170aef44f.pkl,1
D:\08_Dataset\Internal\mar2020\pickle_files\33a799939fbf579fdae192b1b7f3f7cea3c066be.pkl,1
D:\08_Dataset\Internal\mar2020\pickle_files\e7e1ba1c63fdb5528e1a87f4de7a32243ba9bad2.pkl,1
D:\08_Dataset\Internal\mar2020\pickle_files\97bf4f8db2e729b56297ec19cbbc8a5400b5486c.pkl,1
D:\08_Dataset\Internal\mar2020\pickle_files\870f1a77c80185c9937ab854ab9f609856fd8bb6.pkl,1
D:\08_Dataset\Internal\mar2020\pickle_files\cf6144b1150fe95892176e9b8a7661ab66a16014.pkl,1
D:\08_Dataset\Internal\mar2020\pickle_files\14ac53b65e6f9c3b3739a8c66cad222ccfe319f7.pkl,1
D:\08_Dataset\Internal\mar2020\pickle_files\189b11c3a4cd46d872e01db2364bee41b4e396e1.pkl,1
D:\08_Dataset\Internal\mar2020\pickle_files\99d8ee836da66a723de1d403de7648b907f6bfb6.pkl,1
D:\08_Dataset\Internal\mar2020\pickle_files\9935cea0471acfe25c244e22edc724b52a8daf9e.pkl,1
D:\08_Dataset\Internal\mar2020\pickle_files\2c2153d13569c630a2f420a00bf35eb6f5a8ab17.pkl,1
D:\08_Dataset\Internal\mar2020\pickle_files\77003ff4cedb2b0b2b255a24fbd1b90a25192261.pkl,1
D:\08_Dataset\Internal\mar2020\pickle_files\36dcf9d8dd72dadc448829b9d170bb2077884edf.pkl,1
D:\08_Dataset\Internal\mar2020\pickle_files\6cf9c335b7d0798e8e3522a6678f66fac440c137.pkl,1
D:\08_Dataset\Internal\mar2020\pickle_files\64133d6a39d2e1ce030fb017a4781ed6b2f9a650.pkl,1
D:\08_Dataset\Internal\mar2020\pickle_files\cd42b3395aa69071e9b60bd6760c356ec91478ee.pkl,1
D:\08_Dataset\Internal\mar2020\pickle_files\661e0f874449d0f4383dfda282fc4f00053e0d6d.pkl,1
D:\08_Dataset\Internal\mar2020\pickle_files\0e013e52d1d00763c0df02f6f4ac6966e8b1cbed.pkl,1
D:\08_Dataset\Internal\mar2020\pickle_files\fa0fb1823458496ad9c83283a6f09ff72bebdcf4.pkl,1
D:\08_Dataset\Internal\mar2020\pickle_files\4b306161f12a48828dd01f7f2bf6d25e6495c709.pkl,1
D:\08_Dataset\Internal\mar2020\pickle_files\faf06cd11721012a132807b91a92af2eebbc63c6.pkl,1
D:\08_Dataset\Internal\mar2020\pickle_files\923de6f89d22eef7b07d78cdb41707cf2d3d8336.pkl,1
D:\08_Dataset\Internal\mar2020\pickle_files\4c1604900996022f0e77fe876fe7ba9e3e2792ee.pkl,1
D:\08_Dataset\Internal\mar2020\pickle_files\e4d53a76990eaecc40d7a0e4cca548b5c7c1e8c2.pkl,1
D:\08_Dataset\Internal\mar2020\pickle_files\4f1e04b3b92b0c6b2f7c8c496155eb1d04f03542.pkl,1
D:\08_Dataset\Internal\mar2020\pickle_files\5c924ef90d6fef3da38aaee576c777a373924b4c.pkl,1
D:\08_Dataset\Internal\mar2020\pickle_files\c4cac13fe56a3d91e2ba9ed5c856b4b15098d96e.pkl,1
D:\08_Dataset\Internal\mar2020\pickle_files\c5ee316877063e4aff49279bf2345e2298a0ed6c.pkl,1
D:\08_Dataset\Internal\mar2020\pickle_files\690575525fc1fae3f3482c0ccaac0ab4f7651ed9.pkl,1
D:\08_Dataset\Internal\mar2020\pickle_files\2adca17d3e03f5e6bb6fed0792ee59ddb2a0aa24.pkl,1
D:\08_Dataset\Internal\mar2020\pickle_files\5d1986305521c3039171bd56f7979261bb5fb1de.pkl,1
D:\08_Dataset\Internal\mar2020\pickle_files\32f6bb704a6a6659c140d56f7d6b9c9a59d45695.pkl,1
D:\08_Dataset\Internal\mar2020\pickle_files\8ae6f9939a25dd6c8a55ecfd013c61aee8274b40.pkl,1
D:\08_Dataset\Internal\mar2020\pickle_files\4fe1c731c66b152f1a9176396d1303a2fa90d886.pkl,1
D:\08_Dataset\Internal\mar2020\pickle_files\f1e0e292d19c13dd6518336834d28ce64fff80d0.pkl,1
D:\08_Dataset\Internal\mar2020\pickle_files\40905fa3adedad167836c13de90c563e3cc9aef4.pkl,1
D:\08_Dataset\Internal\mar2020\pickle_files\a0f74e62b5cdfed445ea6044f3bec0eb089843e2.pkl,1
D:\08_Dataset\Internal\mar2020\pickle_files\3d6f889f05a7974521933d419687f3f2a7f5bdb5.pkl,1
D:\08_Dataset\Internal\mar2020\pickle_files\22d32a1c4c767b8a8fac8c77d645991ffce248cc.pkl,1
D:\08_Dataset\Internal\mar2020\pickle_files\c71ad83ae38c9facce3dca3ebb84b1a2b08903e0.pkl,1
D:\08_Dataset\Internal\mar2020\pickle_files\62185009986d7cb03cc93932f0c69d4b312067c4.pkl,1
D:\08_Dataset\Internal\mar2020\pickle_files\aa3c74f09598af5cc189337cfb79cd09b1bc7de6.pkl,1
D:\08_Dataset\Internal\mar2020\pickle_files\56508d83f64e2f6a0b4e29281b15b2b02fe067f2.pkl,1
D:\08_Dataset\Internal\mar2020\pickle_files\3216be3738dbdf66bb8a93a6cc433af9f0799ae6.pkl,1
D:\08_Dataset\Internal\mar2020\pickle_files\22605a1d4cb103ea388b185af11222cbee9e92f5.pkl,1
D:\08_Dataset\Internal\mar2020\pickle_files\01aadb89ebe9867a42fda52b63235ff1f8d129bf.pkl,1
D:\08_Dataset\Internal\mar2020\pickle_files\ff00ae66a62aacc4f277a1a5f64b5430d15ba912.pkl,1
D:\08_Dataset\Internal\mar2020\pickle_files\9ffb111dbb994afcde641dacb60a340326033dd1.pkl,1
D:\08_Dataset\Internal\mar2020\pickle_files\312f880344a3e5dd60e287ce26c781e527092524.pkl,1
D:\08_Dataset\Internal\mar2020\pickle_files\f7fda948d798e0bc741ffbe49161b19c44c29eed.pkl,1
D:\08_Dataset\Internal\mar2020\pickle_files\77cfc0961440e43d1c2692ab994590c582b5e28e.pkl,1
D:\08_Dataset\Internal\mar2020\pickle_files\fb8aa2ab45bbbbd1c1d2f127fbfb3566c8935e0b.pkl,1
D:\08_Dataset\Internal\mar2020\pickle_files\807a9e39470319aeaccd608e7e4648a2260b031e.pkl,1
D:\08_Dataset\Internal\mar2020\pickle_files\2d8d46c2081753e999f407ce05cdcc5177289060.pkl,1
D:\08_Dataset\Internal\mar2020\pickle_files\06a75378fa147da0f5a205d3011eb1f5b1bbc5d4.pkl,1
D:\08_Dataset\Internal\mar2020\pickle_files\d1de7625dcfe103a685dac8943b41f1950d0cc2b.pkl,1
D:\08_Dataset\Internal\mar2020\pickle_files\9628a13f60ffdc06485d60b0be3e008e4564e861.pkl,1
D:\08_Dataset\Internal\mar2020\pickle_files\0d99929fad8815cb1c298d7cf05a8beb62bacbca.pkl,1
D:\08_Dataset\Internal\mar2020\pickle_files\769c786ed1a70b42efadaae443ca5d47f4329dd8.pkl,1
D:\08_Dataset\Internal\mar2020\pickle_files\901896c0cfc7f102163c4974e931b4ce87744577.pkl,1
D:\08_Dataset\Internal\mar2020\pickle_files\7a0494956b687e1534273960542d26888a71e0b0.pkl,1
D:\08_Dataset\Internal\mar2020\pickle_files\a9fd7050f05fcdd7507aeba93c14f73236c3eac1.pkl,1
D:\08_Dataset\Internal\mar2020\pickle_files\4b0c5167348450061b773410cdefbe1ac00d60f6.pkl,1
D:\08_Dataset\Internal\mar2020\pickle_files\21ee32b6649e091782febaabb6fb3231a82158ba.pkl,1
D:\08_Dataset\Internal\mar2020\pickle_files\01ac4e06024f2bf7429d59348c78d836c5959650.pkl,1
D:\08_Dataset\Internal\mar2020\pickle_files\500bdf6b3d692085c46b5cbffff1a774009ee0ac.pkl,1
D:\08_Dataset\Internal\mar2020\pickle_files\e4004f1746e821bb3f1f17becfac2acf1ce72e9c.pkl,1
D:\08_Dataset\Internal\mar2020\pickle_files\a97316b76bd64ddca57a6bde29f02885dd7dd693.pkl,1
D:\08_Dataset\Internal\mar2020\pickle_files\d73f3091d4e0f8242bf1b801593a43b367f61a1b.pkl,1
D:\08_Dataset\Internal\mar2020\pickle_files\13bbda101d03a2ad90442d9d05f0aac7e8b6499a.pkl,1
D:\08_Dataset\Internal\mar2020\pickle_files\64d7879ed67610d4a4866577429648f468287649.pkl,1
D:\08_Dataset\Internal\mar2020\pickle_files\f9b13b79ef3b7cff5eda4d55c957a9f1045ff087.pkl,1
D:\08_Dataset\Internal\mar2020\pickle_files\3c76a513582c83e22618e04215e427c7d9256af7.pkl,1
D:\08_Dataset\Internal\mar2020\pickle_files\b889a28a9171534bef2802ed3b8cd2fa42f30759.pkl,1
D:\08_Dataset\Internal\mar2020\pickle_files\1aefacfa4542515a826b973f567fb95149575e92.pkl,1
D:\08_Dataset\Internal\mar2020\pickle_files\16919cd181994565563de731d8f0eacc3a688122.pkl,1
D:\08_Dataset\Internal\mar2020\pickle_files\4ce7e6c3b72c1e39bd337572acc40997766910a3.pkl,1
D:\08_Dataset\Internal\mar2020\pickle_files\f6784acddc50fd73d21408c1f69346d2dccbd65f.pkl,1
D:\08_Dataset\Internal\mar2020\pickle_files\69511239bb530d1051f95f229c182390b4dc51b8.pkl,1
D:\08_Dataset\Internal\mar2020\pickle_files\6dba7ec302abcc6d9f2964913b00cc452dbe107e.pkl,1
D:\08_Dataset\Internal\mar2020\pickle_files\d4e81bb3d2f8f8ea40eae0eca23b7fe5f247d3a2.pkl,1
D:\08_Dataset\Internal\mar2020\pickle_files\0280c96b19a4db7d1cec1d8ffadcc77e24e961e6.pkl,1
D:\08_Dataset\Internal\mar2020\pickle_files\bda6b30e905508c9f858aca9402d5d82008a0f11.pkl,1
D:\08_Dataset\Internal\mar2020\pickle_files\de7267e6abcd2a149306b3233504ce3a9df11831.pkl,1
D:\08_Dataset\Internal\mar2020\pickle_files\bedcbf84cbff17445c0e0ef877436123f4c3c530.pkl,1
D:\08_Dataset\Internal\mar2020\pickle_files\9e0e3a41a99ba1c078aa17858192b0fa9d37d3dc.pkl,1
D:\08_Dataset\Internal\mar2020\pickle_files\b0df630446149d2430b7111fc7ddc0c371a92be6.pkl,1
D:\08_Dataset\Internal\mar2020\pickle_files\2b6db141614585a376e4cbf61c9ea96a69be8b32.pkl,1
D:\08_Dataset\Internal\mar2020\pickle_files\f6008b37247511e951f1feb2e1817265e7a83581.pkl,1
D:\08_Dataset\Internal\mar2020\pickle_files\01ef3d6ab1f4372657eb7b0643e135c38cdebf46.pkl,1
D:\08_Dataset\Internal\mar2020\pickle_files\6417bd74bde4093e7f454aab48e3b855fe29bb5c.pkl,1
D:\08_Dataset\Internal\mar2020\pickle_files\2de60c4a6874c72e2e8ae9285ec0fd6fe637ec5b.pkl,1
D:\08_Dataset\Internal\mar2020\pickle_files\ba051e2efd5abd8baf4bd6c22fbfa9fd052f9253.pkl,1
D:\08_Dataset\Internal\mar2020\pickle_files\c680f5cf3f2905466781e57b1e22f7107fb0a7d6.pkl,1
D:\08_Dataset\Internal\mar2020\pickle_files\8f80ada1ad260c5f8ca516d50b6ea5aa5a77cbf1.pkl,1
D:\08_Dataset\Internal\mar2020\pickle_files\4f1b6765d2033e11ac426f45189fdddf6354aeea.pkl,1
D:\08_Dataset\Internal\mar2020\pickle_files\5313be6e39acfd7b9868bd7636f9de2e555a5bae.pkl,1
D:\08_Dataset\Internal\mar2020\pickle_files\af49b21723d163aba45391784d0b04cf2cbe7252.pkl,1
D:\08_Dataset\Internal\mar2020\pickle_files\e70ee8eea1234e797107fdbd7d2e549f8a6d6a69.pkl,1
D:\08_Dataset\Internal\mar2020\pickle_files\cb176817d63c31290049c8efd1c09f760e4e8fe6.pkl,1
D:\08_Dataset\Internal\mar2020\pickle_files\46a2338114a20090b0de184847ae09b1df2a8e96.pkl,1
D:\08_Dataset\Internal\mar2020\pickle_files\9db58ff2eede81344849aea2e6e6d62e376005d6.pkl,1
D:\08_Dataset\Internal\mar2020\pickle_files\9cb78711764c5f9bcb9b5f6e993637435d516d1d.pkl,1
D:\08_Dataset\Internal\mar2020\pickle_files\e58f57e6c36f7f57b6868e188d0d77cba5fdf5f8.pkl,1
D:\08_Dataset\Internal\mar2020\pickle_files\aa42a02797c65cdb018d98896ca1e7034c61d95a.pkl,1
D:\08_Dataset\Internal\mar2020\pickle_files\42a315877b5f1ba407e3e467b1a3525adcb45663.pkl,1
D:\08_Dataset\Internal\mar2020\pickle_files\2e4e92a57f6128ac2549092b8d0088093fdadfa6.pkl,1
D:\08_Dataset\Internal\mar2020\pickle_files\0677c23ccac7bd5e5731add87bad056e56610be9.pkl,1
D:\08_Dataset\Internal\mar2020\pickle_files\e5b43905e769c36acd26536f87257c0c00ab1e30.pkl,1
D:\08_Dataset\Internal\mar2020\pickle_files\b52f2c0a59e175758f42ce003c3290e086ba3682.pkl,1
D:\08_Dataset\Internal\mar2020\pickle_files\b35e5624f7c2a0cc9cf2679cd33f0b88baaedcb2.pkl,1
D:\08_Dataset\Internal\mar2020\pickle_files\306739739a351a66a9efc0c7e5237a934b75ed13.pkl,1
D:\08_Dataset\Internal\mar2020\pickle_files\09edd9ae86a05c8730d233eb388f3af077c833a8.pkl,1
D:\08_Dataset\Internal\mar2020\pickle_files\a65db68adf6356c546151ad77dc50e7ccf66fde3.pkl,1
D:\08_Dataset\Internal\mar2020\pickle_files\5ec72dc80c404f22feffb0660d0b8620ab528222.pkl,1
D:\08_Dataset\Internal\mar2020\pickle_files\f8bc2b57d5ddabfab90da0096a40e6063cda4c64.pkl,1
D:\08_Dataset\Internal\mar2020\pickle_files\41237f7317f3892f1fed86ccaaf484971b9f7407.pkl,1
D:\08_Dataset\Internal\mar2020\pickle_files\df482cec6f54ae099e763269a00ab22609cf1a0d.pkl,1
D:\08_Dataset\Internal\mar2020\pickle_files\3b52282cac7ef4328479721d1d35f35f21a581c2.pkl,1
D:\08_Dataset\Internal\mar2020\pickle_files\cf02fb62c647a14b7c3b16bcaaaf03495754d62b.pkl,1
D:\08_Dataset\Internal\mar2020\pickle_files\c11756459e2f2d7536c135cca4443ddee2823184.pkl,1
D:\08_Dataset\Internal\mar2020\pickle_files\52f603623e17a875339042407a56d895a51f6ebe.pkl,1
D:\08_Dataset\Internal\mar2020\pickle_files\6205a39224d85f1700a5756577f995500d7cc03a.pkl,1
D:\08_Dataset\Internal\mar2020\pickle_files\88107c55256f30a13305b98600ed50345efb9bc6.pkl,1
D:\08_Dataset\Internal\mar2020\pickle_files\d7ccd95741b76a89fbaa8a2bce93667f08a09a17.pkl,1
D:\08_Dataset\Internal\mar2020\pickle_files\dfb464e769b96a839b4c812c31dfed6f71d8085c.pkl,1
D:\08_Dataset\Internal\mar2020\pickle_files\0cfbab818f4404401822db4d75e71abab7d6559e.pkl,1
D:\08_Dataset\Internal\mar2020\pickle_files\691347279809043ffe8eb07242ae590cfe6281b1.pkl,1
D:\08_Dataset\Internal\mar2020\pickle_files\a64ff055de512e5cec09dfc321615b6dcfd980ec.pkl,1
D:\08_Dataset\Internal\mar2020\pickle_files\556796f57a3ce82ac289b7dc61714ab20f028915.pkl,1
D:\08_Dataset\Internal\mar2020\pickle_files\1960a30ec70fdfefe8f2668b7e71b39138c68ffd.pkl,1
D:\08_Dataset\Internal\mar2020\pickle_files\d51b169872770c46fd9180d2b2be36199eaa35a4.pkl,1
D:\08_Dataset\Internal\mar2020\pickle_files\b23bfdafa4928ad3543b5752322cd539fedb3f15.pkl,1
D:\08_Dataset\Internal\mar2020\pickle_files\09fe3f0ea16b00fc5b6d01eb0477a5cf1844b8b0.pkl,1
D:\08_Dataset\Internal\mar2020\pickle_files\1b748594010db031152c9c87bba102953925eba1.pkl,1
D:\08_Dataset\Internal\mar2020\pickle_files\7becfd2c2c73a78e9b6d59048369e18c44713daa.pkl,1
D:\08_Dataset\Internal\mar2020\pickle_files\c774db748e3500ad1c608b20dfa88f5dfbbbf218.pkl,1
D:\08_Dataset\Internal\mar2020\pickle_files\a186f99ee5e0c625a4fee4f432cc260ef921377c.pkl,1
D:\08_Dataset\Internal\mar2020\pickle_files\2d81eac472e4374c4bfbfe7973ecae76c256a460.pkl,1
D:\08_Dataset\Internal\mar2020\pickle_files\c719f77ae50a0961fabbe65190e3067164c5309a.pkl,1
D:\08_Dataset\Internal\mar2020\pickle_files\8d15f1d9e512864173ff9deefeab1837cb32c8b3.pkl,1
D:\08_Dataset\Internal\mar2020\pickle_files\bea42c226ff29f7dc984e3644ca06ef9851a5d22.pkl,1
D:\08_Dataset\Internal\mar2020\pickle_files\528350c626dcb1bcdda159759b6308ebeb11fbe8.pkl,1
D:\08_Dataset\Internal\mar2020\pickle_files\a67a49a9188de28b6e454c0ba9ee63ace69918a4.pkl,1
D:\08_Dataset\Internal\mar2020\pickle_files\c3cb23d28528b60c85f03b8ef1d1dac1b127798e.pkl,1
D:\08_Dataset\Internal\mar2020\pickle_files\2036a42840d1c982b3b81d5310f0150e4cdf26e1.pkl,1
D:\08_Dataset\Internal\mar2020\pickle_files\6df59de4fef5e7c62bec996c04e602ab6983bfec.pkl,1
D:\08_Dataset\Internal\mar2020\pickle_files\2253955ebf86247d7098ac42ae51393a64b036d5.pkl,1
D:\08_Dataset\Internal\mar2020\pickle_files\d6adf15f2097efa89a7a186b78273a132abeb58f.pkl,1
D:\08_Dataset\Internal\mar2020\pickle_files\c30d40e813209bdefc53af4247b1cecd377c2e60.pkl,1
D:\08_Dataset\Internal\mar2020\pickle_files\efa72af2cfd803d3dd52e60a9af8f3058eacea17.pkl,1
D:\08_Dataset\Internal\mar2020\pickle_files\b86ca855ccceeeaa159c8eb88438a93304dd9ec4.pkl,1
D:\08_Dataset\Internal\mar2020\pickle_files\5de16f8a77e6652675277c23682399a6f4bb5f97.pkl,1
D:\08_Dataset\Internal\mar2020\pickle_files\49c6c9d2736fa56e4c37d0d1c0248a833044fc36.pkl,1
D:\08_Dataset\Internal\mar2020\pickle_files\4e68af47b36fa4f88d31c1d1363b894d77a0b598.pkl,1
D:\08_Dataset\Internal\mar2020\pickle_files\542776ae670e1612dc0f6fd623cf1e8dc15d0dd8.pkl,1
D:\08_Dataset\Internal\mar2020\pickle_files\d7b0241ddedc6d9dd26e287aaeffb7a61c79f848.pkl,1
D:\08_Dataset\Internal\mar2020\pickle_files\3c651254ac28f6b2c734a7a284e0a451182979ef.pkl,1
D:\08_Dataset\Internal\mar2020\pickle_files\2fbcee9e76904a2bdf71c5a130b72a93e62305f0.pkl,1
D:\08_Dataset\Internal\mar2020\pickle_files\eaeeb3be6ec5113a72e743288279600f41a45790.pkl,1
D:\08_Dataset\Internal\mar2020\pickle_files\8a87028aa5e88877f9dd2fac3cc49c03a7d8aeaf.pkl,1
D:\08_Dataset\Internal\mar2020\pickle_files\ba53ccfa98d9527c2ea5cff43d4ce7d1d0f9e2d3.pkl,1
D:\08_Dataset\Internal\mar2020\pickle_files\279599c8b1958647fa2ba1f19f4690f55261d030.pkl,1
D:\08_Dataset\Internal\mar2020\pickle_files\0c27d7265e290d717607ffa998e6dff0074e9394.pkl,1
D:\08_Dataset\Internal\mar2020\pickle_files\128d3735045e900b581b9680979e418db8be6f78.pkl,1
D:\08_Dataset\Internal\mar2020\pickle_files\91af5cb0da39a2a17fc8eeba5756649f54e72b61.pkl,1
D:\08_Dataset\Internal\mar2020\pickle_files\b8283788590c35ed6a32a3bd60d03636994293ed.pkl,1
D:\08_Dataset\Internal\mar2020\pickle_files\2218172b34278cfa40652440a6f4f3117af4b0f9.pkl,1
D:\08_Dataset\Internal\mar2020\pickle_files\c9efffcc29db11dff5c38ff8289bc434332a3085.pkl,1
D:\08_Dataset\Internal\mar2020\pickle_files\3c2c2869a4823d705218b0e08167ece4b30b46d9.pkl,1
D:\08_Dataset\Internal\mar2020\pickle_files\b54a0d717485c741684ad5a844250f8ead43115a.pkl,1
D:\08_Dataset\Internal\mar2020\pickle_files\b8f4e2708a29de92373e62b8ac92fbe2f0672a6b.pkl,1
D:\08_Dataset\Internal\mar2020\pickle_files\2085bd11643162809f37808a31b35ff4de53b71d.pkl,1
D:\08_Dataset\Internal\mar2020\pickle_files\0d1dea5baa1390f3d08cea331f25c5b650c11cc1.pkl,1
D:\08_Dataset\Internal\mar2020\pickle_files\0727e376ab21999236d6044369f9789d7dda1982.pkl,1
D:\08_Dataset\Internal\mar2020\pickle_files\ca32599287f0a384c80b246897c60df5cb062e8f.pkl,1
D:\08_Dataset\Internal\mar2020\pickle_files\d4a090c96654c144678451aab39275c267cdb5cc.pkl,1
D:\08_Dataset\Internal\mar2020\pickle_files\9ec20c78c1afcd125e8f0ca773c3972cac502def.pkl,1
D:\08_Dataset\Internal\mar2020\pickle_files\851478c212fc6cda03bf9adcfb310eb565737700.pkl,1
D:\08_Dataset\Internal\mar2020\pickle_files\9f49b10ed987b70f4555408ed805dd3282128bea.pkl,1
D:\08_Dataset\Internal\mar2020\pickle_files\690e7a99b80824775226bb26d3671ee243a99bd8.pkl,1
D:\08_Dataset\Internal\mar2020\pickle_files\48a8b8d60057717bf7c77e72420992932dbde958.pkl,1
D:\08_Dataset\Internal\mar2020\pickle_files\90ced92d62e798a7da5e135ac5fabb529182f7d4.pkl,1
D:\08_Dataset\Internal\mar2020\pickle_files\134bffb72986f798541b619df124a251219a1d2a.pkl,1
D:\08_Dataset\Internal\mar2020\pickle_files\dfa4c6c4967e35e92c1d3a68fec0c96542dc099d.pkl,1
D:\08_Dataset\Internal\mar2020\pickle_files\4cb75a05294769189f5d2b9d9f7caa299f259519.pkl,1
D:\08_Dataset\Internal\mar2020\pickle_files\05b16e25683428c348d01e24b913dd3e16b59794.pkl,1
D:\08_Dataset\Internal\mar2020\pickle_files\a6f02a71d1f7d967c7b12d662242ea8cfdfb9680.pkl,1
D:\08_Dataset\Internal\mar2020\pickle_files\e3f2a346c4940b8c727b344caa4b84b5a0ad07f3.pkl,1
D:\08_Dataset\Internal\mar2020\pickle_files\6721fe470bc7db637b560dcdfcd5b76c0b6ca0fc.pkl,1
D:\08_Dataset\Internal\mar2020\pickle_files\39e1e127427c3c1dd38a04c7d4caee42e018aa3e.pkl,1
D:\08_Dataset\Internal\mar2020\pickle_files\4e0005a82416adb4a8da1fa6e7e77a3140a1eb6d.pkl,1
D:\08_Dataset\Internal\mar2020\pickle_files\fa7009f724f1f24873a1c9efe1d5b7dda6af056c.pkl,1
D:\08_Dataset\Internal\mar2020\pickle_files\3b313df806b4e26e7818f6877f600f535c5f8025.pkl,1
D:\08_Dataset\Internal\mar2020\pickle_files\f998f0bf66fc4d497cea2f84a27ec4a126c9c14a.pkl,1
D:\08_Dataset\Internal\mar2020\pickle_files\0d56d9ec3921f0d0a851cef18ecb7f3b24068867.pkl,1
D:\08_Dataset\Internal\mar2020\pickle_files\548e28ddc489c1711de853ff997901271441d8dd.pkl,1
D:\08_Dataset\Internal\mar2020\pickle_files\d5d09db0935e43d4b381014f4f21ce79d55d09b1.pkl,1
D:\08_Dataset\Internal\mar2020\pickle_files\612d6d7a40229e45152dbd8a3563b2b28c809565.pkl,1
D:\08_Dataset\Internal\mar2020\pickle_files\687ec93baf992b11e5a1ce4c97f03fbee5803591.pkl,1
D:\08_Dataset\Internal\mar2020\pickle_files\905f4b7e9dac85a375281e46a194620af439522f.pkl,1
D:\08_Dataset\Internal\mar2020\pickle_files\d0295ec8d7ef72f7d25b2e66da2c3671b3ddc4f9.pkl,1
D:\08_Dataset\Internal\mar2020\pickle_files\784d36b41643f8ec4bd9e5d5754c8178b5b57470.pkl,1
D:\08_Dataset\Internal\mar2020\pickle_files\6c5e780607fde91708f9e4f5272dd48ab34425a7.pkl,1
D:\08_Dataset\Internal\mar2020\pickle_files\f8a03a3603e9e29b627c860a2bc24cf963aa5dd5.pkl,1
D:\08_Dataset\Internal\mar2020\pickle_files\1fe1636c384df8dd39cc19df1cb176a89785f1b6.pkl,1
D:\08_Dataset\Internal\mar2020\pickle_files\4764ccdcb77b054ff1e55535660a41f8337d288c.pkl,1
D:\08_Dataset\Internal\mar2020\pickle_files\c183dac3e7991963271bdf39f97af5163447b051.pkl,1
D:\08_Dataset\Internal\mar2020\pickle_files\f26fa1911e73ed533eb4ce032e6e3ef2f17392c9.pkl,1
D:\08_Dataset\Internal\mar2020\pickle_files\a9c0e855c3ae138073ed453b9c5da69837f63130.pkl,1
D:\08_Dataset\Internal\mar2020\pickle_files\bba9c045d74d4ce6c237dcac115d442580207d42.pkl,1
D:\08_Dataset\Internal\mar2020\pickle_files\dcd4e5893e4e195899056718191de794032ad864.pkl,1
D:\08_Dataset\Internal\mar2020\pickle_files\c814f73f26565b93eccdf6af054324b800cb0a89.pkl,1
D:\08_Dataset\Internal\mar2020\pickle_files\c15f48ae3571aede68397cad3383e0236067a34f.pkl,1
D:\08_Dataset\Internal\mar2020\pickle_files\5ab61e58a14833a187d209ef506696447f5a14ef.pkl,1
D:\08_Dataset\Internal\mar2020\pickle_files\3c63e3d23272b3bea9b587f362530c52a1700474.pkl,1
D:\08_Dataset\Internal\mar2020\pickle_files\63c99761310b0512eea8ba8dd8a492e8e70f0caa.pkl,1
D:\08_Dataset\Internal\mar2020\pickle_files\2daafb929663a212e41ff89e1aec46541752e20d.pkl,1
D:\08_Dataset\Internal\mar2020\pickle_files\bb0408d461ec1cd37f0476892ac8f4b0bef08e1c.pkl,1
D:\08_Dataset\Internal\mar2020\pickle_files\5f498a9841dd6a30be3bcea3902b314c4bb29ae2.pkl,1
D:\08_Dataset\Internal\mar2020\pickle_files\e4ef65ef943dd07e17eb958acfcd3ee6323ef8ec.pkl,1
D:\08_Dataset\Internal\mar2020\pickle_files\862dedcd88c2b674607683ecd95847bbd4cb01c3.pkl,1
D:\08_Dataset\Internal\mar2020\pickle_files\c58433f98de49ef347ee2dc579721ec878b4701e.pkl,1
D:\08_Dataset\Internal\mar2020\pickle_files\535361363e2247dac6f09fe5f48718657cdd643c.pkl,1
D:\08_Dataset\Internal\mar2020\pickle_files\2cea685049bab9f88841918d49f67fb628955c48.pkl,1
D:\08_Dataset\Internal\mar2020\pickle_files\4a1ff811cc8ed754f2bf7312dbd2d0866f34211f.pkl,1
D:\08_Dataset\Internal\mar2020\pickle_files\daba230872d3970029aa3d9585fa464b93d89a1d.pkl,1
D:\08_Dataset\Internal\mar2020\pickle_files\9719495e24b91bc5676f29d0c158fe5448fac6f6.pkl,1
D:\08_Dataset\Internal\mar2020\pickle_files\4f764dbd820d0aaa48e5429c68e9749f1413d7ad.pkl,1
D:\08_Dataset\Internal\mar2020\pickle_files\6d116f7895adc026470760bf9677f2fc5e83d682.pkl,1
D:\08_Dataset\Internal\mar2020\pickle_files\b9e9609e19c7344c7e781222279b18ced98a8184.pkl,1
D:\08_Dataset\Internal\mar2020\pickle_files\332c4f4b0b3055383c2178afeaedc609c229cd35.pkl,1
D:\08_Dataset\Internal\mar2020\pickle_files\1f2e01fe6834c12f49d4a65dd21d030703fa78fc.pkl,1
D:\08_Dataset\Internal\mar2020\pickle_files\397769f80a5606b2aabec5fd4176b9da65a72c57.pkl,1
D:\08_Dataset\Internal\mar2020\pickle_files\4927d432df491dd7ba9c1d9e9732fbd5132e7ad8.pkl,1
D:\08_Dataset\Internal\mar2020\pickle_files\274410f973da1b6a3cef1fdd43000566c0674f70.pkl,1
D:\08_Dataset\Internal\mar2020\pickle_files\8886d710ec176080843d88b968f5d3c806fea90e.pkl,1
D:\08_Dataset\Internal\mar2020\pickle_files\6d482f75e19d2cf5fa525c3cd3af77e8d2aeab32.pkl,1
D:\08_Dataset\Internal\mar2020\pickle_files\e9c835eec417eeac5f47e969f02d5273bd56663a.pkl,1
D:\08_Dataset\Internal\mar2020\pickle_files\07ae1fc563e7180a79cb84d94f360ccec691fa91.pkl,1
D:\08_Dataset\Internal\mar2020\pickle_files\75398f3abcf834731d305130dd28ce2d54032889.pkl,1
D:\08_Dataset\Internal\mar2020\pickle_files\0f996a9e7d059545a36243efdf1a1ddc88b4d339.pkl,1
D:\08_Dataset\Internal\mar2020\pickle_files\f3294392b8d948faaac963e1a444932f181084a8.pkl,1
D:\08_Dataset\Internal\mar2020\pickle_files\6ed113d19cbd147af16aab5fca7f7924e20cc0c0.pkl,1
D:\08_Dataset\Internal\mar2020\pickle_files\cba855bcc543539e33e37fa102d6178ef0bb57f1.pkl,1
D:\08_Dataset\Internal\mar2020\pickle_files\05ed69a5331d0eb738061a8af44832ad79a6b077.pkl,1
D:\08_Dataset\Internal\mar2020\pickle_files\c3554b6975aa59cd3077b67dbe3e0b33f4258799.pkl,1
D:\08_Dataset\Internal\mar2020\pickle_files\a9a4d2333c992d2c61bbfb07fa3b4d36902e64e1.pkl,1
D:\08_Dataset\Internal\mar2020\pickle_files\bb25245456949c5ae38d8f7860538cf4fd75ea26.pkl,1
D:\08_Dataset\Internal\mar2020\pickle_files\ed522e616666b9a03ea75802ca9e1f7fc2d3ad37.pkl,1
D:\08_Dataset\Internal\mar2020\pickle_files\d388791c59d004af22f9972f3abb4ac2255ad9dc.pkl,1
D:\08_Dataset\Internal\mar2020\pickle_files\91ae4f4bb6c570858f4131fb8b4719658e2fbf0c.pkl,1
D:\08_Dataset\Internal\mar2020\pickle_files\774f75cf62d1cb6170222ac54f2c2c72fb62c08f.pkl,1
D:\08_Dataset\Internal\mar2020\pickle_files\573f8f5994d5865b083956893062616e80b6f8d8.pkl,1
D:\08_Dataset\Internal\mar2020\pickle_files\c94c45d08153981dbdf6db6f1db91e86c2f04d00.pkl,1
D:\08_Dataset\Internal\mar2020\pickle_files\66f21b4ed37f2125875f7750bf07d29efb0b5ddc.pkl,1
D:\08_Dataset\Internal\mar2020\pickle_files\384bb229617225cd291f7cf76926b38b00882e7f.pkl,1
D:\08_Dataset\Internal\mar2020\pickle_files\3a5e528183746effcf2561ebdffc635dfe9192cf.pkl,1
D:\08_Dataset\Internal\mar2020\pickle_files\fdca0fadb750effda638c9f7dcde7bf0f3cf5bf3.pkl,1
D:\08_Dataset\Internal\mar2020\pickle_files\2b50457de3d92c8369dc8af6e0ed62ff7e4857a9.pkl,1
D:\08_Dataset\Internal\mar2020\pickle_files\49d54599ff13a9d227d74897ba99b7f486271b88.pkl,1
D:\08_Dataset\Internal\mar2020\pickle_files\fc59fc540d72f44db965a58b7b20486bbe30baf3.pkl,1
D:\08_Dataset\Internal\mar2020\pickle_files\237d18de2bc072b8a1b275d8840c959ade652286.pkl,1
D:\08_Dataset\Internal\mar2020\pickle_files\d421f085ca2d0741c47b70412e8dee31a63a2739.pkl,1
D:\08_Dataset\Internal\mar2020\pickle_files\0140ba82d911da31b01bd8dc0c1ec809efea9587.pkl,1
D:\08_Dataset\Internal\mar2020\pickle_files\34b085ab7bd2e365b0827f5eff88e0cdd9d92753.pkl,1
D:\08_Dataset\Internal\mar2020\pickle_files\333d1f4980daa7d984e21ad5b311eacecd24faf9.pkl,1
D:\08_Dataset\Internal\mar2020\pickle_files\d080d832b4e025708493cead36cb9ae31b7dda31.pkl,1
D:\08_Dataset\Internal\mar2020\pickle_files\2bb4d2330ea90c05516151907d4369da567752c4.pkl,1
D:\08_Dataset\Internal\mar2020\pickle_files\cab6520e31c08e5d86c90e3ca3bcb06de4dcd05f.pkl,1
D:\08_Dataset\Internal\mar2020\pickle_files\d2e9179518761978c387e4e51bb21e0ebc9dc805.pkl,1
D:\08_Dataset\Internal\mar2020\pickle_files\77d809216c5609e89e5860dfbd86902b9997b0de.pkl,1
D:\08_Dataset\Internal\mar2020\pickle_files\478b59ebebbc9023007dc1de2c104c2feeffd337.pkl,1
D:\08_Dataset\Internal\mar2020\pickle_files\1d19c5e0774d1d88ab40a09d52e8fb242b2f62ff.pkl,1
D:\08_Dataset\Internal\mar2020\pickle_files\045afa033ef678b8a2d446e38b3093d0e7c8f00f.pkl,1
D:\08_Dataset\Internal\mar2020\pickle_files\a9bfe72a088281da74f338b6f7ee4eafee824903.pkl,1
D:\08_Dataset\Internal\mar2020\pickle_files\74c90b8513a17fbe6faa9cb2b7ab13f63b67cf1e.pkl,1
D:\08_Dataset\Internal\mar2020\pickle_files\e8a6ba649859cb9046c703cac9eb38ef7e0f3c7c.pkl,1
D:\08_Dataset\Internal\mar2020\pickle_files\c5d5e8d2cd98050542394ba9eb243e33875f4ffe.pkl,1
D:\08_Dataset\Internal\mar2020\pickle_files\4ef026a8e62c22432b2aa5f780f91d048b32f8df.pkl,1
D:\08_Dataset\Internal\mar2020\pickle_files\631aa77d8f57c58c1f7494c44435e6cd74304e98.pkl,1
D:\08_Dataset\Internal\mar2020\pickle_files\0e9912a946c825d0de64bc221a18ca98fcf0d8b1.pkl,1
D:\08_Dataset\Internal\mar2020\pickle_files\854a2188ed753ddd1363aaab5570d46d74089bcb.pkl,1
D:\08_Dataset\Internal\mar2020\pickle_files\4c15d9d70577de59ba4b7df65d4c27ca38a89029.pkl,1
D:\08_Dataset\Internal\mar2020\pickle_files\d5cf066c1ef67f24f7c048d447eefb44e6c8adeb.pkl,1
D:\08_Dataset\Internal\mar2020\pickle_files\ef6b2e4e3ff1580233ac7c12b0e353e3f91d34ee.pkl,1
D:\08_Dataset\Internal\mar2020\pickle_files\e81095af715556a3bc203ffb716e2a159e986550.pkl,1
D:\08_Dataset\Internal\mar2020\pickle_files\8b688fb14ff66d60b655177268e0e94698df8b8d.pkl,1
D:\08_Dataset\Internal\mar2020\pickle_files\0825c60ca06c128efd332b9ac395043301465c6e.pkl,1
D:\08_Dataset\Internal\mar2020\pickle_files\fc1044442bf899eb2bd9a8ad8e8a7e8c82669893.pkl,1
D:\08_Dataset\Internal\mar2020\pickle_files\967f8c6c4f4c0bf144822fe74eb25dd002b3b5df.pkl,1
D:\08_Dataset\Internal\mar2020\pickle_files\b684f80dc86a7d8fdd35808df4a7cc8586559d9d.pkl,1
D:\08_Dataset\Internal\mar2020\pickle_files\e3900089df7ea72dc3ba2e7693efc251d370f783.pkl,1
D:\08_Dataset\Internal\mar2020\pickle_files\8401309299be70e5ed3818903c183da04c8d2f3b.pkl,1
D:\08_Dataset\Internal\mar2020\pickle_files\9b9760e75a5ef2a856255ca6a78ec3ddbfddc9f0.pkl,1
D:\08_Dataset\Internal\mar2020\pickle_files\f85a289615af73e764602d50c4c2543a57a5e79a.pkl,1
D:\08_Dataset\Internal\mar2020\pickle_files\98a0b0dd35d30a2c9fece66db946a1cdeb808318.pkl,1
D:\08_Dataset\Internal\mar2020\pickle_files\215ea9d23f36bea351c997eaeac0f514b8843e44.pkl,1
D:\08_Dataset\Internal\mar2020\pickle_files\74f2e9cfbdd8f743150ea108f7c1fe71fbb34ceb.pkl,1
D:\08_Dataset\Internal\mar2020\pickle_files\8af05fe6b17ab1f55800512150476743b205a8b4.pkl,1
D:\08_Dataset\Internal\mar2020\pickle_files\c056a7dc70f5046a76d49cc8de00ed6b349442a1.pkl,1
D:\08_Dataset\Internal\mar2020\pickle_files\45f330b08278339dbbf56165d2a738812257dc82.pkl,1
D:\08_Dataset\Internal\mar2020\pickle_files\c593ce587530063547d0125162ce140150f5abf4.pkl,1
D:\08_Dataset\Internal\mar2020\pickle_files\b09abd4cca35a9761041596c691ce2a167187527.pkl,1
D:\08_Dataset\Internal\mar2020\pickle_files\403a9af85f249ccd178a1c6a18812f18e64b1a2b.pkl,1
D:\08_Dataset\Internal\mar2020\pickle_files\68c2c3f33e1a78dd69cfd3d968f2d8e135775312.pkl,1
D:\08_Dataset\Internal\mar2020\pickle_files\4897d63a7378d57d95bea48b72fa581d3f695456.pkl,1
D:\08_Dataset\Internal\mar2020\pickle_files\2a95451b983de5ea195887b6ff49c16d61cd091f.pkl,1
D:\08_Dataset\Internal\mar2020\pickle_files\f94cd6f006506a3397a3c5b9ab5e6e1688613d79.pkl,1
D:\08_Dataset\Internal\mar2020\pickle_files\ca5f2370a53742fb4ce87e08f09d2aa019adf9c2.pkl,1
D:\08_Dataset\Internal\mar2020\pickle_files\792e42181879cbec2a5b1b9b51b6c9f33c51d5de.pkl,1
D:\08_Dataset\Internal\mar2020\pickle_files\028a9c612a1906765254ac0f4ff836bd5ff07a79.pkl,1
D:\08_Dataset\Internal\mar2020\pickle_files\f8c0c87550a5178e23d0c63aa88a6c98e378ad7d.pkl,1
D:\08_Dataset\Internal\mar2020\pickle_files\1fd56233024ca621d9f8d6cbfeac870752cce796.pkl,1
D:\08_Dataset\Internal\mar2020\pickle_files\68c09c53487862f39e853241d13dec23969e8b4e.pkl,1
D:\08_Dataset\Internal\mar2020\pickle_files\bb115c3670c6f67465a86f16ea978f6fadf5de2f.pkl,1
D:\08_Dataset\Internal\mar2020\pickle_files\ca9408740eca71947dc935ed60a4883441fbe83a.pkl,1
D:\08_Dataset\Internal\mar2020\pickle_files\ab7b8f2459ca662b9f92dd97e99efeef69a84ef0.pkl,1
D:\08_Dataset\Internal\mar2020\pickle_files\4dd7248a3cee6e4b5c25703e94354ba31a320b80.pkl,1
D:\08_Dataset\Internal\mar2020\pickle_files\4700a9a81d136915d5411deb1f07ab9fc4668199.pkl,1
D:\08_Dataset\Internal\mar2020\pickle_files\510c08cc18f32e57e0f108f0c7a4b7dc5c114365.pkl,1
D:\08_Dataset\Internal\mar2020\pickle_files\9a7620b2f68f808896af1a8ff0590748a49d6780.pkl,1
D:\08_Dataset\Internal\mar2020\pickle_files\3b0cc5897f7d3df6c243cc88fec5da6d8720ab35.pkl,1
D:\08_Dataset\Internal\mar2020\pickle_files\d71f97c245ffd9547004c06e3ff1822d414136f8.pkl,1
D:\08_Dataset\Internal\mar2020\pickle_files\6f4dd877ea38eea3325f305881621a5912693ce4.pkl,1
D:\08_Dataset\Internal\mar2020\pickle_files\301ccc6b4fc0e710af475df5e56dc4a840f4aa04.pkl,1
D:\08_Dataset\Internal\mar2020\pickle_files\8f7e8eefcc50d422c2f138fa13f39f30fccf6652.pkl,1
D:\08_Dataset\Internal\mar2020\pickle_files\4d7be0b7b84803ba8af0cc32b5862a04195c89df.pkl,1
D:\08_Dataset\Internal\mar2020\pickle_files\cdb2410e3ead92a4943826bc01301254adff0fe9.pkl,1
D:\08_Dataset\Internal\mar2020\pickle_files\369a3f974c1d819723de554d684cd3c512514394.pkl,1
D:\08_Dataset\Internal\mar2020\pickle_files\e4e38a99eb9cd80223eece9eca4cdfd96b234d51.pkl,1
D:\08_Dataset\Internal\mar2020\pickle_files\724175477a495960025c8868e0ffe32e1ddacf3d.pkl,1
D:\08_Dataset\Internal\mar2020\pickle_files\f3e7d77cb1a34fe513bb4dd60c48aa4ee17c342b.pkl,1
D:\08_Dataset\Internal\mar2020\pickle_files\6d0b130037d89712dc6f2d802eb7dc52def3c684.pkl,1
D:\08_Dataset\Internal\mar2020\pickle_files\aa1a51dc50e0c1b7e8639e8da8fa50b488f2b741.pkl,1
D:\08_Dataset\Internal\mar2020\pickle_files\b5e01bb98f8bcf18ac6a5e31a02aba2b034883af.pkl,1
D:\08_Dataset\Internal\mar2020\pickle_files\d2eb2316d7cc9bcfcec3e14ebe400f7140802453.pkl,1
D:\08_Dataset\Internal\mar2020\pickle_files\05e6a28fb133ebdff27210be1c8ec2c39e03d907.pkl,1
D:\08_Dataset\Internal\mar2020\pickle_files\3e35f79d6650fecc4f96ca6e32578739a1b03c02.pkl,1
D:\08_Dataset\Internal\mar2020\pickle_files\9e4b893297345b9d7e0acd514b23f2e67a06408b.pkl,1
D:\08_Dataset\Internal\mar2020\pickle_files\dbd947e4fabde826ad3a855c8fd60a13e11e40a7.pkl,1
D:\08_Dataset\Internal\mar2020\pickle_files\c3b33fe6fab9fd929c0f3ec45e101ce7415caa88.pkl,1
D:\08_Dataset\Internal\mar2020\pickle_files\b0194644a388c44fcfbede716160640568bb2804.pkl,1
D:\08_Dataset\Internal\mar2020\pickle_files\bdf06f241aada3632e9b39cadd5ba4eed0c13c82.pkl,1
D:\08_Dataset\Internal\mar2020\pickle_files\c6cc884031145f16af4e5efca7811d3e3d342695.pkl,1
D:\08_Dataset\Internal\mar2020\pickle_files\82b7771de6681e8ef8408b59114b287385da6311.pkl,1
D:\08_Dataset\Internal\mar2020\pickle_files\7f8f8188e004717fb1b97cce6fc2b60f3441d0ee.pkl,1
D:\08_Dataset\Internal\mar2020\pickle_files\6084a40319a7a751642aa240c6ba55056ac5e4f4.pkl,1
D:\08_Dataset\Internal\mar2020\pickle_files\dfb7213fbcc985e0c98fec850a0da7d559d2a89d.pkl,1
D:\08_Dataset\Internal\mar2020\pickle_files\dd083d86c48662cfcd385aedcf5b3b7b8e585ae3.pkl,1
D:\08_Dataset\Internal\mar2020\pickle_files\bd0ce664512bf5281bdc00c23248f040bab45e0a.pkl,1
D:\08_Dataset\Internal\mar2020\pickle_files\79b3ab9a0ee158f8e9987a6debc0272ee510d143.pkl,1
D:\08_Dataset\Internal\mar2020\pickle_files\710fa49f3bd98b7aa87d6f08b6bb18914f33fe4b.pkl,1
D:\08_Dataset\Internal\mar2020\pickle_files\b26200f6ae1a483e8b33254ffc231df5379e0e9d.pkl,1
D:\08_Dataset\Internal\mar2020\pickle_files\9cdc19c75e9bbb6f0ad7aa5d5668f663b9c542c7.pkl,1
D:\08_Dataset\Internal\mar2020\pickle_files\faf90837abff3cfc66a5689c14d30d8d05ac66e7.pkl,1
D:\08_Dataset\Internal\mar2020\pickle_files\89f4a407dd40f135f63c982874a280039fdd9b1b.pkl,1
D:\08_Dataset\Internal\mar2020\pickle_files\c38968fc991c7d406cc4308b639fd4492b40b5ba.pkl,1
D:\08_Dataset\Internal\mar2020\pickle_files\4d7de6fd30b2eec71bd506ddbeefeee44dac52e6.pkl,1
D:\08_Dataset\Internal\mar2020\pickle_files\0fa007e96a6efe77d071a65cccff3dd5d22249c4.pkl,1
D:\08_Dataset\Internal\mar2020\pickle_files\ad86f57482a263198881eddd3e34efc8d77c87d0.pkl,1
D:\08_Dataset\Internal\mar2020\pickle_files\bea472c4effa49d115d0162ada8af5faa265148b.pkl,1
D:\08_Dataset\Internal\mar2020\pickle_files\35e7ac417c218215e97338d8fe6c0c3afe81a783.pkl,1
D:\08_Dataset\Internal\mar2020\pickle_files\078fe7650341e3c5ba58beaf1ce777caa88067d6.pkl,1
D:\08_Dataset\Internal\mar2020\pickle_files\f759a24d6dddecf47af019d5f2972be366ea1ed4.pkl,1
D:\08_Dataset\Internal\mar2020\pickle_files\730da74e178d7b114e5d4c0f1dcc956accd4942d.pkl,1
D:\08_Dataset\Internal\mar2020\pickle_files\6424faa908c20770364fed22529fb32c044737ec.pkl,1
D:\08_Dataset\Internal\mar2020\pickle_files\48eefacec2028012a005a3e85f9c465e1501b40a.pkl,1
D:\08_Dataset\Internal\mar2020\pickle_files\fd7e52745acebd9db2e0ea3cb1b5f9e2db1da3c7.pkl,1
D:\08_Dataset\Internal\mar2020\pickle_files\13344f3030cb7852909f49d48258d4d63ebef9cf.pkl,1
D:\08_Dataset\Internal\mar2020\pickle_files\d5872153415cc923d2181e773da52a401fc26185.pkl,1
D:\08_Dataset\Internal\mar2020\pickle_files\e4a6f9b80fe7a3fe669b43658f964f102b06da7d.pkl,1
D:\08_Dataset\Internal\mar2020\pickle_files\3a2320ba03208919f7589b41d327159376ebc7aa.pkl,1
D:\08_Dataset\Internal\mar2020\pickle_files\5ee611ab286ea97837d02eefa808c3f1690273b1.pkl,1
D:\08_Dataset\Internal\mar2020\pickle_files\3e447ffb953598be948f2e962bb7250dfeedd7c8.pkl,1
D:\08_Dataset\Internal\mar2020\pickle_files\5555a0e2aa5c14eb8119e7d06b51f611e6ffbbd6.pkl,1
D:\08_Dataset\Internal\mar2020\pickle_files\206a424e470728ce84da0576aa1ce7cb811cfa10.pkl,1
D:\08_Dataset\Internal\mar2020\pickle_files\f029b6991eabb0891050b987bd0940b6df2113c8.pkl,1
D:\08_Dataset\Internal\mar2020\pickle_files\3c2dbac7e914bb6ba2e17588547cf8ba9eba2078.pkl,1
D:\08_Dataset\Internal\mar2020\pickle_files\1acef0598799870ee5574f4271137bd7fdd7f748.pkl,1
D:\08_Dataset\Internal\mar2020\pickle_files\51fca7a2429fa438b948df40bc20dad9953a4237.pkl,1
D:\08_Dataset\Internal\mar2020\pickle_files\b23c2632d3d2e7568aae2926f7d3ec9affda6f37.pkl,1
D:\08_Dataset\Internal\mar2020\pickle_files\6d9464b04b82e78169b12f4756b00fe65619b6a1.pkl,1
D:\08_Dataset\Internal\mar2020\pickle_files\5ef3ced04d14c8062f11bb3f6dd2dc2f90fadcda.pkl,1
D:\08_Dataset\Internal\mar2020\pickle_files\a5306f37b06a9b22e0cfe0231d9991237b16b04c.pkl,1
D:\08_Dataset\Internal\mar2020\pickle_files\afa2e7053e4b2d0bb782820ea9471b373b980284.pkl,1
D:\08_Dataset\Internal\mar2020\pickle_files\bc453bbe1aff68540b01bc48c3f9857cb0379cd1.pkl,1
D:\08_Dataset\Internal\mar2020\pickle_files\b0b1dff00edf3bc8ab13a308d834fa4b7cae1d48.pkl,1
D:\08_Dataset\Internal\mar2020\pickle_files\86f845812fe01245fb6d3b6b9d5adbdf9bcfd9ec.pkl,1
D:\08_Dataset\Internal\mar2020\pickle_files\391511b5996ea1c758cf90ff36c4553dbbc4a126.pkl,1
D:\08_Dataset\Internal\mar2020\pickle_files\d526c8cb7604d7c597172bded826a5b9e6cd2dae.pkl,1
D:\08_Dataset\Internal\mar2020\pickle_files\02be7855fd686a42c7c112424535e7ce6942fe45.pkl,1
D:\08_Dataset\Internal\mar2020\pickle_files\7febcf59def516e3414d1929c62266bb1b07d963.pkl,1
D:\08_Dataset\Internal\mar2020\pickle_files\185606fd19fd3cd9f401a5c709d5ba6d80a13a99.pkl,1
D:\08_Dataset\Internal\mar2020\pickle_files\e30ed339630e341c4d3968de59d65450caf9c177.pkl,1
D:\08_Dataset\Internal\mar2020\pickle_files\3bc61f431965c70f33944da546c2664d333bd2ca.pkl,1
D:\08_Dataset\Internal\mar2020\pickle_files\65213dc858390c87abd8d0b5bd75e143e0eca340.pkl,1
D:\08_Dataset\Internal\mar2020\pickle_files\1c6851b0fea3687e4f6d5c10ec39ebece28b5d24.pkl,1
D:\08_Dataset\Internal\mar2020\pickle_files\10b7f7bb114cf571840517110df97926c682c001.pkl,1
D:\08_Dataset\Internal\mar2020\pickle_files\6a63b61e4117986fb221c2e1a4f4c46841c1ce7d.pkl,1
D:\08_Dataset\Internal\mar2020\pickle_files\3f0d49fbff3d13ce5da1dde4a54b88758439d69d.pkl,1
D:\08_Dataset\Internal\mar2020\pickle_files\24fb1c32cd2fed08cdc82401cba1aad66083a543.pkl,1
D:\08_Dataset\Internal\mar2020\pickle_files\c6d71a6150228cd207ff291a9632bafe78d1678d.pkl,1
D:\08_Dataset\Internal\mar2020\pickle_files\b4e6b91c47e4a327039bc39439fbe2e2a4aa3fda.pkl,1
D:\08_Dataset\Internal\mar2020\pickle_files\acc54edd4b43ca31db98daa205355e46322ba19b.pkl,1
D:\08_Dataset\Internal\mar2020\pickle_files\6dacebbdcfe887106fd6b733c538caf5181edc1e.pkl,1
D:\08_Dataset\Internal\mar2020\pickle_files\d905645caa2570747de393af19f395a008e154d1.pkl,1
D:\08_Dataset\Internal\mar2020\pickle_files\31d732559ed9841954022e1485c2580446aad250.pkl,1
D:\08_Dataset\Internal\mar2020\pickle_files\1054197c1f8387b3c85270927274f477115a615e.pkl,1
D:\08_Dataset\Internal\mar2020\pickle_files\aa67f65e77aa0a2b37f788b6dfbe6f3ae152e8ed.pkl,1
D:\08_Dataset\Internal\mar2020\pickle_files\d7bf7f0853e1b6d8403a04b37e62c4517927de93.pkl,1
D:\08_Dataset\Internal\mar2020\pickle_files\a53ef6193d15b6c967f1b0a45e1a618f579a904d.pkl,1
D:\08_Dataset\Internal\mar2020\pickle_files\4dbd205268b68fe46e64110120f723d733c77e18.pkl,1
D:\08_Dataset\Internal\mar2020\pickle_files\aad0eb0f12dd37cc6854068ab2d4fd5124203b92.pkl,1
D:\08_Dataset\Internal\mar2020\pickle_files\d7ddad0e7de06c1b6a5cb12579aa16f293f9cc71.pkl,1
D:\08_Dataset\Internal\mar2020\pickle_files\5966920483a23cb6f44b165852c06077f1d28853.pkl,1
D:\08_Dataset\Internal\mar2020\pickle_files\b617525e7705ff967f32f3150d6d19be0de19af3.pkl,1
D:\08_Dataset\Internal\mar2020\pickle_files\2441e456daa7985eff9bed9524b5289ad713d9e2.pkl,1
D:\08_Dataset\Internal\mar2020\pickle_files\f632b1b6d151cfc01641f1b3f7c800cc1ee181f5.pkl,1
D:\08_Dataset\Internal\mar2020\pickle_files\5d3d3040629e188131910c2aa65ae5d5e06bf386.pkl,1
D:\08_Dataset\Internal\mar2020\pickle_files\1459f7a564b2e7820a050aebfcbdc32c5dc986dc.pkl,1
D:\08_Dataset\Internal\mar2020\pickle_files\08a8cc4da0b50ef3e7dc9a1fe7b7988d0eda7005.pkl,1
D:\08_Dataset\Internal\mar2020\pickle_files\f89267b0818eb944887fb5c068b0e72c6aab5dc5.pkl,1
D:\08_Dataset\Internal\mar2020\pickle_files\87df9b4e18420fc831da3341f46ec243bda598c5.pkl,1
D:\08_Dataset\Internal\mar2020\pickle_files\f767d43570963c6994f8efe9f1a31e232267dcf0.pkl,1
D:\08_Dataset\Internal\mar2020\pickle_files\be377e7db7c9692ffea71c995c06142ee9dd9c05.pkl,1
D:\08_Dataset\Internal\mar2020\pickle_files\1777561d3b1ce3217fd1cf578595a68732f69263.pkl,1
D:\08_Dataset\Internal\mar2020\pickle_files\fcd399b0d87225510a98984d3a95e843cc804a8a.pkl,1
D:\08_Dataset\Internal\mar2020\pickle_files\8a353a82a4d1b1d586da4e826d8d52a3a77fde9f.pkl,1
D:\08_Dataset\Internal\mar2020\pickle_files\3810a8d1591ad81227eac183e5b46639edd9e6cc.pkl,1
D:\08_Dataset\Internal\mar2020\pickle_files\92462a0a628465705ce331ebf72fe730b2f93e15.pkl,1
D:\08_Dataset\Internal\mar2020\pickle_files\b3e251a914d2cc799252a79e81dbeea3875a5b66.pkl,1
D:\08_Dataset\Internal\mar2020\pickle_files\b89c19d577e427803c4fbc1708830f2da8d7adde.pkl,1
D:\08_Dataset\Internal\mar2020\pickle_files\8cf5bf7ee529072dc7532303b870b24172910e74.pkl,1
D:\08_Dataset\Internal\mar2020\pickle_files\58cc1475950b7153038378e56e3f8d1d436cdc98.pkl,1
D:\08_Dataset\Internal\mar2020\pickle_files\bec7d99c20cf0b88ed6d0ad92e63902471fd82bb.pkl,1
D:\08_Dataset\Internal\mar2020\pickle_files\89241fe1d2f6811731d240cc3b52d59d41e2e920.pkl,1
D:\08_Dataset\Internal\mar2020\pickle_files\af224907a4da67e697326fcae5a93350580553e7.pkl,1
D:\08_Dataset\Internal\mar2020\pickle_files\ee240dd0e225de6811168ae6b1e46d5c6bbbaf84.pkl,1
D:\08_Dataset\Internal\mar2020\pickle_files\ef7b356c1ded656a9fd49b3899496bc1ac0c2a5c.pkl,1
D:\08_Dataset\Internal\mar2020\pickle_files\e282de231667158a64bf9a3f5dc0e9f98f497d08.pkl,1
D:\08_Dataset\Internal\mar2020\pickle_files\e25255e19cea6597a1129fab8498e65e6f954952.pkl,1
D:\08_Dataset\Internal\mar2020\pickle_files\f1ce98d4cb9382f1a16c42b0c420fc341d623b69.pkl,1
D:\08_Dataset\Internal\mar2020\pickle_files\66f9b13cd56f23cf9cec1c4bda480182e1438625.pkl,1
D:\08_Dataset\Internal\mar2020\pickle_files\85e8733fe37192d9a97bb804fcb59b2f96e70c6a.pkl,1
D:\08_Dataset\Internal\mar2020\pickle_files\579e4aa4db82c5fb1bfaeb924c9ed41538ecf8f5.pkl,1
D:\08_Dataset\Internal\mar2020\pickle_files\03107391bb9e841c46f577a5b8cee2d5c3eefa37.pkl,1
D:\08_Dataset\Internal\mar2020\pickle_files\c02a27a581e8749604522b45f31a1b3c2ae08dfe.pkl,1
D:\08_Dataset\Internal\mar2020\pickle_files\592cd4ce5e22e2927de95cc93465ade47e0374e0.pkl,1
D:\08_Dataset\Internal\mar2020\pickle_files\f64c1b3cc3c872f6d53a0663dceb000b758e4a67.pkl,1
D:\08_Dataset\Internal\mar2020\pickle_files\85d2a607377095dcdc29e05c9503182e7178ac24.pkl,1
D:\08_Dataset\Internal\mar2020\pickle_files\6241b9a6eb19ed550d576617e69c7e432d8de4a9.pkl,1
D:\08_Dataset\Internal\mar2020\pickle_files\43ce7e7ee69d647d95b5d612e243ce7c2d961b6c.pkl,1
D:\08_Dataset\Internal\mar2020\pickle_files\43dcfe5e3c6d8b92f8260b623997fdb29880d29a.pkl,1
D:\08_Dataset\Internal\mar2020\pickle_files\7ba16f1520c6aaf6c15c7a41c73aa59331bfe70b.pkl,1
D:\08_Dataset\Internal\mar2020\pickle_files\03ed625f22767b4e6afb21ccb952abad15cfb0a2.pkl,1
D:\08_Dataset\Internal\mar2020\pickle_files\9d3bce41148915718cea792c3e0d884b97fc91eb.pkl,1
D:\08_Dataset\Internal\mar2020\pickle_files\4382d3d372231bd08944599eafe97a0277ea7e47.pkl,1
D:\08_Dataset\Internal\mar2020\pickle_files\de7f1e5c5890205455e40aadd595630aaa51e74a.pkl,1
D:\08_Dataset\Internal\mar2020\pickle_files\071773e9eb5940e37a40e9cb96679430df0f842b.pkl,1
D:\08_Dataset\Internal\mar2020\pickle_files\724e90bf60f42f9095c61aea3637c35ef697021d.pkl,1
D:\08_Dataset\Internal\mar2020\pickle_files\6eb9a23064ebe97b5e1b2aea57e0501b1011afcd.pkl,1
D:\08_Dataset\Internal\mar2020\pickle_files\87f8c65e5c634e1a366ee18ee69d34a3b8f3aa5f.pkl,1
D:\08_Dataset\Internal\mar2020\pickle_files\f4954c9c1379a4e3011f814be9873db965f9fd53.pkl,1
D:\08_Dataset\Internal\mar2020\pickle_files\d15bdf25e29871359179bba2894e7725ec63461e.pkl,1
D:\08_Dataset\Internal\mar2020\pickle_files\4920916dc50851ee28f1bd6605a5adce76b6a270.pkl,1
D:\08_Dataset\Internal\mar2020\pickle_files\f4e9b6fbfa11c263d25ca8a35a6983ef3686be4d.pkl,1
D:\08_Dataset\Internal\mar2020\pickle_files\8e9b3fc73a697e1b602cff44912521c84946a986.pkl,1
D:\08_Dataset\Internal\mar2020\pickle_files\95691c4b660aeb7e717c3c9e6bca0dbe4bd87185.pkl,1
D:\08_Dataset\Internal\mar2020\pickle_files\c67803c61c8c2006d840d9c0cd7922ed4b2aa104.pkl,1
D:\08_Dataset\Internal\mar2020\pickle_files\c3a4e2bdf937b1edf3fa6938799a040a56af3d06.pkl,1
D:\08_Dataset\Internal\mar2020\pickle_files\ea7fa16677a4758a04c0ce79cb596bc65167d14d.pkl,1
D:\08_Dataset\Internal\mar2020\pickle_files\0d30e5482e636182610cfb06262a9c7a767f9696.pkl,1
D:\08_Dataset\Internal\mar2020\pickle_files\cb814f6a4b7c0a7686de4f54001b772eef3f66eb.pkl,1
D:\08_Dataset\Internal\mar2020\pickle_files\be3ef03f571fe52e0984083446c1f464318fc3cf.pkl,1
D:\08_Dataset\Internal\mar2020\pickle_files\ac2f608b6f6c644c865e28b90558f70e5b3e4bf5.pkl,1
D:\08_Dataset\Internal\mar2020\pickle_files\d57ba30521f67b103690f1cafcdb68d836def131.pkl,1
D:\08_Dataset\Internal\mar2020\pickle_files\7af5e56e13508adb9d2acfc8c2d2325c240393d8.pkl,1
D:\08_Dataset\Internal\mar2020\pickle_files\3468189387af64e2471f33d74fda736d3ecc8234.pkl,1
D:\08_Dataset\Internal\mar2020\pickle_files\8d9ad11780a3eceeb921db7fa40a56b9f45fefaf.pkl,1
D:\08_Dataset\Internal\mar2020\pickle_files\d446b5f121038f2b9dcd3f4ce72ec35a5ddc2bcd.pkl,1
D:\08_Dataset\Internal\mar2020\pickle_files\9e0c50f872da77137fcfc3a81852fe035c800e1f.pkl,1
D:\08_Dataset\Internal\mar2020\pickle_files\74fd8d97276773814c326082c5794a85f57cd38b.pkl,1
D:\08_Dataset\Internal\mar2020\pickle_files\0797d601a434a7294e61f465ff289ac643833572.pkl,1
D:\08_Dataset\Internal\mar2020\pickle_files\9756c84f870ca2856d44bc5dcdeb8501ed25a8f2.pkl,1
D:\08_Dataset\Internal\mar2020\pickle_files\257f6d2a349d7ed7cc5427acf9852060d9ca3a69.pkl,1
D:\08_Dataset\Internal\mar2020\pickle_files\9e6d35358cba4db9475511c27c534c81963269c9.pkl,1
D:\08_Dataset\Internal\mar2020\pickle_files\a48f09a8f27a9fc6ef451d43b80cdc5fd08ef155.pkl,1
D:\08_Dataset\Internal\mar2020\pickle_files\8e28a2da2532fc3e0fde2601198aadc700b5b837.pkl,1
D:\08_Dataset\Internal\mar2020\pickle_files\8d52d626f8ebc6b492c70f204fde918e82bbc0a6.pkl,1
D:\08_Dataset\Internal\mar2020\pickle_files\10b09a021dba4005e462324faf1fe373b5e067e0.pkl,1
D:\08_Dataset\Internal\mar2020\pickle_files\b3a05bda7a5205ecac515b05456b630172b045e5.pkl,1
D:\08_Dataset\Internal\mar2020\pickle_files\6229c04d1d1b474a0cc61032654126573bed0229.pkl,1
D:\08_Dataset\Internal\mar2020\pickle_files\c33129005c87f4b33e7f9f1f7ddb6dc8e0d61e04.pkl,1
D:\08_Dataset\Internal\mar2020\pickle_files\78bf533769723aab9363ba2e785c2729ff8ed550.pkl,1
D:\08_Dataset\Internal\mar2020\pickle_files\39499083276761374ac912ad270c40503cab717b.pkl,1
D:\08_Dataset\Internal\mar2020\pickle_files\d6372cadc779ea0047206d9d7e2dc33bacf29b8a.pkl,1
D:\08_Dataset\Internal\mar2020\pickle_files\c736b61b35eb6315936affdb42d21c2e9a7f889a.pkl,1
D:\08_Dataset\Internal\mar2020\pickle_files\dfd1cd5d92db2e4778ca58c1f0880630947e4317.pkl,1
D:\08_Dataset\Internal\mar2020\pickle_files\b12e05e7e18a75369057df520da296d473309e75.pkl,1
D:\08_Dataset\Internal\mar2020\pickle_files\250bc76bcbc880ff273d7d459097a5c1bba40838.pkl,1
D:\08_Dataset\Internal\mar2020\pickle_files\e678654934fc164ce5e97d19269156a90a8bfebc.pkl,1
D:\08_Dataset\Internal\mar2020\pickle_files\9bd093fbca0178f0ca224cfd86044bd877fe7d57.pkl,1
D:\08_Dataset\Internal\mar2020\pickle_files\2160bac1fd180f4907fdc240effc4f44db18ce47.pkl,1
D:\08_Dataset\Internal\mar2020\pickle_files\0834db58b8ca08fe36dd24ee4e12843946c7ee8d.pkl,1
D:\08_Dataset\Internal\mar2020\pickle_files\240ee9dd9f88461cfd05544c3476f4e8c0ff85bb.pkl,1
D:\08_Dataset\Internal\mar2020\pickle_files\523fb53bc8854cf38dd415a61a2267b3af0771f9.pkl,1
D:\08_Dataset\Internal\mar2020\pickle_files\b117878790a0a10797b84766ce446b3412885b8d.pkl,1
D:\08_Dataset\Internal\mar2020\pickle_files\406d5ecb965975fa160b4e27eeb455f5a3961558.pkl,1
D:\08_Dataset\Internal\mar2020\pickle_files\1f7ad64389f688a14a6f018878d5e4628df08206.pkl,1
D:\08_Dataset\Internal\mar2020\pickle_files\7cf24fd0418abfc0d436abb32f0205b9431d4130.pkl,1
D:\08_Dataset\Internal\mar2020\pickle_files\8c3469d71f031dcd32e07b7cf927d77931be2796.pkl,1
D:\08_Dataset\Internal\mar2020\pickle_files\a008827f241b100d60d28640d666e8f2976ce40f.pkl,1
D:\08_Dataset\Internal\mar2020\pickle_files\02159da4969941447972599a4737bfc2b3113f31.pkl,1
D:\08_Dataset\Internal\mar2020\pickle_files\b602a92781c126f6575b879a76bd5cfaf951d227.pkl,1
D:\08_Dataset\Internal\mar2020\pickle_files\15379fdcde9e486c5dbae1e010461bdf86181058.pkl,1
D:\08_Dataset\Internal\mar2020\pickle_files\6be3605882e6a1b32dff72672bb3ca2b6836cafb.pkl,1
D:\08_Dataset\Internal\mar2020\pickle_files\03a1f4bbdf79de8acf4a4a970fd3888cd7497a68.pkl,1
D:\08_Dataset\Internal\mar2020\pickle_files\a0f01a8e7b427dc8bc6627442f3e3891e19c8569.pkl,1
D:\08_Dataset\Internal\mar2020\pickle_files\e254598441dc29e0b1274f0a92ee81b96206e404.pkl,1
D:\08_Dataset\Internal\mar2020\pickle_files\c4d28b6a70d51860ee9e590275ac03e8dc82f030.pkl,1
D:\08_Dataset\Internal\mar2020\pickle_files\08ba187471a0e01a7bbb39efa8c3a2210c6bc870.pkl,1
D:\08_Dataset\Internal\mar2020\pickle_files\427425b176c8fc8bcd61ed6635a6ecf104377fa7.pkl,1
D:\08_Dataset\Internal\mar2020\pickle_files\9e0433fbc44f564b4a91a2326904ecd80d37ec17.pkl,1
D:\08_Dataset\Internal\mar2020\pickle_files\21b630777463bba26c7eb0b1c0b2acb7877fb698.pkl,1
D:\08_Dataset\Internal\mar2020\pickle_files\fc35bce7b213cac476b534b8f731182aa247b4a4.pkl,1
D:\08_Dataset\Internal\mar2020\pickle_files\b0f28109ec46215a086bc2b1696f00950e142613.pkl,1
D:\08_Dataset\Internal\mar2020\pickle_files\8741bcc1574014b127d160cbb2eb497060b3433e.pkl,1
D:\08_Dataset\Internal\mar2020\pickle_files\acd2ee4b31073eb23c84aea337956aa7ff672fd1.pkl,1
D:\08_Dataset\Internal\mar2020\pickle_files\e1b4329f3ffd7622ba05691154b884ae081d21f9.pkl,1
D:\08_Dataset\Internal\mar2020\pickle_files\5953cc5a2ade1fb580902c44d37488bcc065801d.pkl,1
D:\08_Dataset\Internal\mar2020\pickle_files\ee1021deb9a7eb32d52ea553d8e74a8606f0f427.pkl,1
D:\08_Dataset\Internal\mar2020\pickle_files\214ca5874b442e69c47a85201275aee614ced3c4.pkl,1
D:\08_Dataset\Internal\mar2020\pickle_files\3a45dd3a5d5cefee1a3e3063de2fd74805df61f0.pkl,1
D:\08_Dataset\Internal\mar2020\pickle_files\47d2885c355228dad2d21674e290216718a71b60.pkl,1
D:\08_Dataset\Internal\mar2020\pickle_files\6771e57aea9377530fb45cf6945399d5e4ae8207.pkl,1
D:\08_Dataset\Internal\mar2020\pickle_files\fe1f5fd8f599e410bffa3ac875639dd9eff80778.pkl,1
D:\08_Dataset\Internal\mar2020\pickle_files\d62d69f572372b43ea2ffc89aed38103a7b637b4.pkl,1
D:\08_Dataset\Internal\mar2020\pickle_files\6ab00517d49a47da3c900d13d15710a2f5c8a71b.pkl,1
D:\08_Dataset\Internal\mar2020\pickle_files\45f461d8438d17430694cf0ff41e76af8bd42866.pkl,1
D:\08_Dataset\Internal\mar2020\pickle_files\41117849b950dc49432350c480a07709dfb45c9e.pkl,1
D:\08_Dataset\Internal\mar2020\pickle_files\8393b108a81cced16e0072087924be0be9e2e2f6.pkl,1
D:\08_Dataset\Internal\mar2020\pickle_files\7bc6cdba7f5fc960388c61df0656028e5a58c35b.pkl,1
D:\08_Dataset\Internal\mar2020\pickle_files\6b8d392a7bf091feb79eab19e1c50b28102f8592.pkl,1
D:\08_Dataset\Internal\mar2020\pickle_files\4bdd57f005335d871602bc19015b17493e937866.pkl,1
D:\08_Dataset\Internal\mar2020\pickle_files\72f5c6324d923f18f3369c22d47a6b40dc8d7fd6.pkl,1
D:\08_Dataset\Internal\mar2020\pickle_files\8b42a19b653042d0ad7b3fdc135f306649d20986.pkl,1
D:\08_Dataset\Internal\mar2020\pickle_files\4fcbfeb7fc9b0f5044561ce38f4d0a6d856e403c.pkl,1
D:\08_Dataset\Internal\mar2020\pickle_files\88e16629149c94874411373d2c3dff32ede8ab5a.pkl,1
D:\08_Dataset\Internal\mar2020\pickle_files\9ef1347384572cff0987a6b785ccb93480763ab9.pkl,1
D:\08_Dataset\Internal\mar2020\pickle_files\3501b4109928dd181ed48233eef7e39c58f2291d.pkl,1
D:\08_Dataset\Internal\mar2020\pickle_files\4e7dc7f6f733b03b7b650a130bb1783d66dad5a6.pkl,1
D:\08_Dataset\Internal\mar2020\pickle_files\015119b455b33291324b23c7fd24e2845a3cb25d.pkl,1
D:\08_Dataset\Internal\mar2020\pickle_files\bd84309d8e6b0aac7008b264926ea9a603e5b6d2.pkl,1
D:\08_Dataset\Internal\mar2020\pickle_files\18638599dc2fec518323a824b46b227677f44e3c.pkl,1
D:\08_Dataset\Internal\mar2020\pickle_files\fa4faf2bb3c6d1122ed2c9f3635de3abf20a7a3e.pkl,1
D:\08_Dataset\Internal\mar2020\pickle_files\a3a7e39adeeb15c66f3551bf59699920e8bff762.pkl,1
D:\08_Dataset\Internal\mar2020\pickle_files\0ef7969edf325192f6cbd4b9de3ff8ae425219ae.pkl,1
D:\08_Dataset\Internal\mar2020\pickle_files\7a6ec522c6aca2657b66393e09855fdf59948acf.pkl,1
D:\08_Dataset\Internal\mar2020\pickle_files\45d9436cb2da83cbf06f937b9940e31ca04db0b3.pkl,1
D:\08_Dataset\Internal\mar2020\pickle_files\a4d99346b7dcc0c7c156d4e12ccfe5c0a2ba28b8.pkl,1
D:\08_Dataset\Internal\mar2020\pickle_files\9037fd065e6b380ce257fe28ff8bfa531e2c0064.pkl,1
D:\08_Dataset\Internal\mar2020\pickle_files\3a06d32ca3773098c6902b4b90c9b7a8b5470c30.pkl,1
D:\08_Dataset\Internal\mar2020\pickle_files\91a8f1265ed98311d92a7833e99dc66ecc6c49ac.pkl,1
D:\08_Dataset\Internal\mar2020\pickle_files\ee6a1c64b808906a2d507f17b4d0445c10711d84.pkl,1
D:\08_Dataset\Internal\mar2020\pickle_files\f265e1c07c739e945af297e8266c40268ba09b67.pkl,1
D:\08_Dataset\Internal\mar2020\pickle_files\ae49e1e85ab2207f892858af43a748821485508e.pkl,1
D:\08_Dataset\Internal\mar2020\pickle_files\73eea9f8795b9c63ae155139234504eedb37b5cd.pkl,1
D:\08_Dataset\Internal\mar2020\pickle_files\f2ff8b0db605dcf0ccfe1d8f34a79c63d5c59bb5.pkl,1
D:\08_Dataset\Internal\mar2020\pickle_files\4cee27139a5714dbbead61d4acd0a218a12b27e2.pkl,1
D:\08_Dataset\Internal\mar2020\pickle_files\1e1a855643a30a181c7e870fa1efea3e45327a9e.pkl,1
D:\08_Dataset\Internal\mar2020\pickle_files\7a3c668e6f75d813a1f5882115d2b405b8b0baf9.pkl,1
D:\08_Dataset\Internal\mar2020\pickle_files\4209479f4def7869a074ca2e6ec8cc4c7ee80007.pkl,1
D:\08_Dataset\Internal\mar2020\pickle_files\df76bdf10827bd1df4e01b7b8dda4b7ba453c3b7.pkl,1
D:\08_Dataset\Internal\mar2020\pickle_files\a29c2ba2785a286bc01bbd0da990aec87fc16c61.pkl,1
D:\08_Dataset\Internal\mar2020\pickle_files\326309a5999a695bcee24a031069b1d754a08849.pkl,1
D:\08_Dataset\Internal\mar2020\pickle_files\9360a597973d92bf440ab1c15b136edf8121258c.pkl,1
D:\08_Dataset\Internal\mar2020\pickle_files\155ba4df48ecf736a16e83c88ece71fd2d2540c5.pkl,1
D:\08_Dataset\Internal\mar2020\pickle_files\72d46b660a7dee06d64a7996b337f08565b94e90.pkl,1
D:\08_Dataset\Internal\mar2020\pickle_files\a298410b3b8213666aea057c390c506ea67a0b93.pkl,1
D:\08_Dataset\Internal\mar2020\pickle_files\a1af02024a4e103f01f16138e38c6414d3ce62aa.pkl,1
D:\08_Dataset\Internal\mar2020\pickle_files\62bac25ab1c0b680d139d3882211024fdced6f3c.pkl,1
D:\08_Dataset\Internal\mar2020\pickle_files\1e1c7520ad21725d80f94d02fb6d096ea64491a7.pkl,1
D:\08_Dataset\Internal\mar2020\pickle_files\491ebab0d3bbf7fbae6d9bfd02c0cd8cb29adb7b.pkl,1
D:\08_Dataset\Internal\mar2020\pickle_files\3f7ed3214d78d949cb27a0b09bf1a42d8f357cb2.pkl,1
D:\08_Dataset\Internal\mar2020\pickle_files\84fdda3ad28bbd368064d091b355a51e0a5a3f6d.pkl,1
D:\08_Dataset\Internal\mar2020\pickle_files\67a708f4e583251480a0acf0ba040da3cc1d8a98.pkl,1
D:\08_Dataset\Internal\mar2020\pickle_files\3552990773deb3a9c63b3fc6923d005f5d3e5fa0.pkl,1
D:\08_Dataset\Internal\mar2020\pickle_files\06ff97717ed2e5da7ac0707748501c603923ed3b.pkl,1
D:\08_Dataset\Internal\mar2020\pickle_files\b9963e5963e8d4c5011e3c2087b97c16ca156f68.pkl,1
D:\08_Dataset\Internal\mar2020\pickle_files\5bb24eaed73ced5db440c58355f6cba8e8ef897b.pkl,1
D:\08_Dataset\Internal\mar2020\pickle_files\b59e7068d66a0fd173ed8e4906ed94e7c1b51a18.pkl,1
D:\08_Dataset\Internal\mar2020\pickle_files\6af7fb7d76d9c9626b97af997f195c9badae99fb.pkl,1
D:\08_Dataset\Internal\mar2020\pickle_files\5dade47cd5a6693840904196feaa3f82dbdd1893.pkl,1
D:\08_Dataset\Internal\mar2020\pickle_files\490917c8d6e843d7e31dc25f8f79aa1445b27cfd.pkl,1
D:\08_Dataset\Internal\mar2020\pickle_files\a54334170e5a1fdb36604bc0f8c48a2df2bf3c3d.pkl,1
D:\08_Dataset\Internal\mar2020\pickle_files\5c064a70720531cf72ebab24352c0f010f0e64f1.pkl,1
D:\08_Dataset\Internal\mar2020\pickle_files\b05ff15a3e06e6c0004a3d46c383cf2812348999.pkl,1
D:\08_Dataset\Internal\mar2020\pickle_files\a5fa3d428636ca7d2a26f3f44d24de0505d0e7c5.pkl,1
D:\08_Dataset\Internal\mar2020\pickle_files\d6d379b15d67c03cec7cfce8b715bab90e3f615b.pkl,1
D:\08_Dataset\Internal\mar2020\pickle_files\32361b934df1df11f707cfe889c2470cb98e3f77.pkl,1
D:\08_Dataset\Internal\mar2020\pickle_files\5f71e17df25ebf8d7bb0be555fbcae4e6de1415c.pkl,1
D:\08_Dataset\Internal\mar2020\pickle_files\49a40a147bdb616563d8b8070a0135d2451b1bea.pkl,1
D:\08_Dataset\Internal\mar2020\pickle_files\508114dcff32b0d678980641fc9586e337308925.pkl,1
D:\08_Dataset\Internal\mar2020\pickle_files\88931cc2729d623fff760a29049d6d0d099571ee.pkl,1
D:\08_Dataset\Internal\mar2020\pickle_files\355121ee0d0cae8fa1d87d5bcbe7f68a23866dd6.pkl,1
D:\08_Dataset\Internal\mar2020\pickle_files\476af8944c0bd964d20a5ed9c7ae0a9c4871c8f2.pkl,1
D:\08_Dataset\Internal\mar2020\pickle_files\dcd9b023e1d939b6ee74fd8e88af6ecfe147c96c.pkl,1
D:\08_Dataset\Internal\mar2020\pickle_files\eeed855c0faf732901147acf142c644f7317eb28.pkl,1
D:\08_Dataset\Internal\mar2020\pickle_files\27dc483b00bd967ef546cb644d9b91dd280211c8.pkl,1
D:\08_Dataset\Internal\mar2020\pickle_files\6eb1c8177746422d6757978d8d95afae9dbc4a9c.pkl,1
D:\08_Dataset\Internal\mar2020\pickle_files\ddb69f0c1875cc1966d2dc0a0217ed7f9ada641d.pkl,1
D:\08_Dataset\Internal\mar2020\pickle_files\f7c4a3c5f9301830693c3a4943437dfa1e8a22a5.pkl,1
D:\08_Dataset\Internal\mar2020\pickle_files\a821c36fde12a07b582d060466cfda290067212f.pkl,1
D:\08_Dataset\Internal\mar2020\pickle_files\785e37bbc992feebafc3c90de95ce5c2047b1433.pkl,1
D:\08_Dataset\Internal\mar2020\pickle_files\933197685bd1b7d89615e09735f17298fa5f0782.pkl,1
D:\08_Dataset\Internal\mar2020\pickle_files\dfb11283804c69810638e46c3ebbbc93c157a449.pkl,1
D:\08_Dataset\Internal\mar2020\pickle_files\58926a13ac8dd19d0160c70e86caad178486df49.pkl,1
D:\08_Dataset\Internal\mar2020\pickle_files\fc89f6cda07135d7075979a34966652ca5a205e4.pkl,1
D:\08_Dataset\Internal\mar2020\pickle_files\93cb67c4d9cc7815161bf3c797ddaedebf37127f.pkl,1
D:\08_Dataset\Internal\mar2020\pickle_files\5f82952968f531a57098a23a3f4cc95b398e35ef.pkl,1
D:\08_Dataset\Internal\mar2020\pickle_files\21b2d866847bfab8d107452ff3dbc718db033b5d.pkl,1
D:\08_Dataset\Internal\mar2020\pickle_files\73fcdabd9f383b812f2213432e820f99894f8ab7.pkl,1
D:\08_Dataset\Internal\mar2020\pickle_files\0bb706781d6abfef4ca7f395d0e37b85652abe60.pkl,1
D:\08_Dataset\Internal\mar2020\pickle_files\82d07f04a045f8f71ecf67ad846404922eac7354.pkl,1
D:\08_Dataset\Internal\mar2020\pickle_files\08288c1b6a244c75ed35df8620b9aabe8a861418.pkl,1
D:\08_Dataset\Internal\mar2020\pickle_files\aa0fa023c19f7e4fb5078631f5a86e8d5cfac102.pkl,1
D:\08_Dataset\Internal\mar2020\pickle_files\eca93b342b836606986389d869aa047c311cb9fa.pkl,1
D:\08_Dataset\Internal\mar2020\pickle_files\6fc5f9f3c6b62bcda800355ad5526e62f9465600.pkl,1
D:\08_Dataset\Internal\mar2020\pickle_files\4519e53249827bf57d2949d361359c39cea0934f.pkl,1
D:\08_Dataset\Internal\mar2020\pickle_files\3c5aa7cb20c1b003d08b7ff949b1a67b6f53c7ff.pkl,1
D:\08_Dataset\Internal\mar2020\pickle_files\ce60843067708ae002eac71d1a9af9d48d998cb9.pkl,1
D:\08_Dataset\Internal\mar2020\pickle_files\39b184596f12fca5b666cd504f89c4d4d4ef9e1f.pkl,1
D:\08_Dataset\Internal\mar2020\pickle_files\f877075f708eecf0c2461e5c9b09c59d207674b6.pkl,1
D:\08_Dataset\Internal\mar2020\pickle_files\ebb78a86c2eec1853e38a29747b016d219027744.pkl,1
D:\08_Dataset\Internal\mar2020\pickle_files\3b3fed6858d95e5e19fa12bd7154cfb28a1579a6.pkl,1
D:\08_Dataset\Internal\mar2020\pickle_files\9197624f2a25037d4fddfeb1475d7f1ca7798654.pkl,1
D:\08_Dataset\Internal\mar2020\pickle_files\f78212fa883a30f2f127e1d23d05a029acc95544.pkl,1
D:\08_Dataset\Internal\mar2020\pickle_files\fff4adea71091235ad0f46e0ad949e3850a07de0.pkl,1
D:\08_Dataset\Internal\mar2020\pickle_files\21658b3b786741f0ea340cd6488e4e2fa98876df.pkl,1
D:\08_Dataset\Internal\mar2020\pickle_files\88ce867ac009b072f9e77560eb570c6a69169cab.pkl,1
D:\08_Dataset\Internal\mar2020\pickle_files\1365cccfe16de075eaf18a650292133876dbaddb.pkl,1
D:\08_Dataset\Internal\mar2020\pickle_files\32308f70f85cc470774af0885ace6bf99a8e217e.pkl,1
D:\08_Dataset\Internal\mar2020\pickle_files\153d369a62b7832010f067583f2b38afb813e93c.pkl,1
D:\08_Dataset\Internal\mar2020\pickle_files\34c414b5f48dc82bb5b723d7a4bfd5e2f3688559.pkl,1
D:\08_Dataset\Internal\mar2020\pickle_files\fcc766deb0909483fca969d82045db86223eeec6.pkl,1
D:\08_Dataset\Internal\mar2020\pickle_files\4790254ecadb6e9cb09d0824bb7a8ce0ed9ea5c1.pkl,1
D:\08_Dataset\Internal\mar2020\pickle_files\117cde8b6fb97691298528212861ba02ab81487e.pkl,1
D:\08_Dataset\Internal\mar2020\pickle_files\08bfbadfcb0a4df965a5b17210b7f227fc0e3639.pkl,1
D:\08_Dataset\Internal\mar2020\pickle_files\68cecfd85c95ad32b79749b71ff81cfd010393d4.pkl,1
D:\08_Dataset\Internal\mar2020\pickle_files\502aa54e685064e12b71e4bce661c1e065260efc.pkl,1
D:\08_Dataset\Internal\mar2020\pickle_files\405e9ccafa973e7e8ada252e36c1c9d269877097.pkl,1
D:\08_Dataset\Internal\mar2020\pickle_files\9f67a49fdd7da57b5852a659dd1d5887fdef4304.pkl,1
D:\08_Dataset\Internal\mar2020\pickle_files\71c3b000bb96899a67e993019112bd97eed0c033.pkl,1
D:\08_Dataset\Internal\mar2020\pickle_files\da1466ecac82fbbe54447e92e030aa4f4730a82b.pkl,1
D:\08_Dataset\Internal\mar2020\pickle_files\b9b2f003bd89f6d1ee1dc297c3a3b19d1c2c290e.pkl,1
D:\08_Dataset\Internal\mar2020\pickle_files\8e414736fe46c727332776d29d92b45f0628105c.pkl,1
D:\08_Dataset\Internal\mar2020\pickle_files\b8df38102d918a93cffa36f887a04f2f43c86d68.pkl,1
D:\08_Dataset\Internal\mar2020\pickle_files\f5e808d898cd7364bbaf2cddc678765180b3513a.pkl,1
D:\08_Dataset\Internal\mar2020\pickle_files\1ab2f3b32e082366f57830aa382565f3cd6d377c.pkl,1
D:\08_Dataset\Internal\mar2020\pickle_files\5e815a64de1d2ed2be9a3252049c3c4389658800.pkl,1
D:\08_Dataset\Internal\mar2020\pickle_files\f7ce52f437400196f3a38a42a09efe6e81b028ce.pkl,1
D:\08_Dataset\Internal\mar2020\pickle_files\20b61718404ffcaced73621f0529510f29f66612.pkl,1
D:\08_Dataset\Internal\mar2020\pickle_files\9dd2b16a17f0f3f706a1d0291861279db560d3f9.pkl,1
D:\08_Dataset\Internal\mar2020\pickle_files\5c008a20992a2cf2deb82fc14878008efa991033.pkl,1
D:\08_Dataset\Internal\mar2020\pickle_files\1fe7c76741a549f094413fb8196662c08cc9effb.pkl,1
D:\08_Dataset\Internal\mar2020\pickle_files\6872526c5d71f6251cf108309f8eb59bed6fd9b4.pkl,1
D:\08_Dataset\Internal\mar2020\pickle_files\d566dba5a1948b883a2012f9478dd548863f7c30.pkl,1
D:\08_Dataset\Internal\mar2020\pickle_files\3fc10c60670726917162ca010a4660e74e8f1c1a.pkl,1
D:\08_Dataset\Internal\mar2020\pickle_files\21f0f6a4ce4aa5471d2c11ab4ca9a036d3ca85c6.pkl,1
D:\08_Dataset\Internal\mar2020\pickle_files\f245cf7bf564f1b3550756356ae42ada94d49157.pkl,1
D:\08_Dataset\Internal\mar2020\pickle_files\c48f6c914a0b5757ac1e5a72ba9b53867795d3b2.pkl,1
D:\08_Dataset\Internal\mar2020\pickle_files\0b750c96f7ca07dc11e264a7c43642f54641bfb7.pkl,1
D:\08_Dataset\Internal\mar2020\pickle_files\51576158b283de063ecb0d678592c90539045c8f.pkl,1
D:\08_Dataset\Internal\mar2020\pickle_files\1e00eeb3e9800bde1975448d875a02cc2e4c709c.pkl,1
D:\08_Dataset\Internal\mar2020\pickle_files\dcb8b3c8c3878a2d915e17dfbe83772be2621f0f.pkl,1
D:\08_Dataset\Internal\mar2020\pickle_files\31060d3d4c86ff5f636468a8fabb9687f2034667.pkl,1
D:\08_Dataset\Internal\mar2020\pickle_files\464aa7c1225b03319b68efbde3ce6626253425fd.pkl,1
D:\08_Dataset\Internal\mar2020\pickle_files\208cf5af45fcda8f83e537cd59dd3ea531932ef1.pkl,1
D:\08_Dataset\Internal\mar2020\pickle_files\b694aa75fa38cc3d7984b2f29b6d6af1218d3729.pkl,1
D:\08_Dataset\Internal\mar2020\pickle_files\fb76f8317012d9d9b1da46b06c0c431ac7f74ab3.pkl,1
D:\08_Dataset\Internal\mar2020\pickle_files\3182cf5249f6462cb20622619cefede0133a1fa2.pkl,1
D:\08_Dataset\Internal\mar2020\pickle_files\a77d62e8715beab2cffd434d2c2217c6db19be5e.pkl,1
D:\08_Dataset\Internal\mar2020\pickle_files\02f6aa19b47a66cf3ad6085ff23349e9364c513a.pkl,1
D:\08_Dataset\Internal\mar2020\pickle_files\6e28c825bdc484242b956b7b8018d2a65462149a.pkl,1
D:\08_Dataset\Internal\mar2020\pickle_files\bb86999cbfbceb7daf0480413eff4cda9bd4bd6a.pkl,1
D:\08_Dataset\Internal\mar2020\pickle_files\bec5750bf7ab125ba537fb90369a8bfc46ea5afd.pkl,1
D:\08_Dataset\Internal\mar2020\pickle_files\39a98685595d9a6daebf7d988c3092555c314005.pkl,1
D:\08_Dataset\Internal\mar2020\pickle_files\fb5afba3892579fdd99e7815686af2d9433ee4fc.pkl,1
D:\08_Dataset\Internal\mar2020\pickle_files\f0f2ea2a730d11a89ab5f44be0500e9252182ea4.pkl,1
D:\08_Dataset\Internal\mar2020\pickle_files\a89aade6af035e239c937495babe2bcaaff8ed68.pkl,1
D:\08_Dataset\Internal\mar2020\pickle_files\9647f17fd41b540c19d3d24d19acfe6e30b19200.pkl,1
D:\08_Dataset\Internal\mar2020\pickle_files\4819669311671575f5141f969f9f4b99eb223b14.pkl,1
D:\08_Dataset\Internal\mar2020\pickle_files\687ac1d86ee4d0fcfcd4fba22a74dd1a4e32c5db.pkl,1
D:\08_Dataset\Internal\mar2020\pickle_files\84bc2973580104d9decfbf22e2eab7fcbcc871d2.pkl,1
D:\08_Dataset\Internal\mar2020\pickle_files\b7daf753fa901fe1a3a5c832ae1383d426c9b7be.pkl,1
D:\08_Dataset\Internal\mar2020\pickle_files\43e85f7f991b71d25b115673b02be01fc2bf7434.pkl,1
D:\08_Dataset\Internal\mar2020\pickle_files\c6086195344d45c20b668ef0d321d307f7b9e3fb.pkl,1
D:\08_Dataset\Internal\mar2020\pickle_files\1120d39c6a48cd73fc5ba0620140c278f69a5781.pkl,1
D:\08_Dataset\Internal\mar2020\pickle_files\e1b7300299ac0e38e0bc71e47f7968f8eabd5044.pkl,1
D:\08_Dataset\Internal\mar2020\pickle_files\bb0d97d6f389002583a7ddbcf10c55e86a0dd462.pkl,1
D:\08_Dataset\Internal\mar2020\pickle_files\3955dc3bb443753bd8e211627b4fc847332daefd.pkl,1
D:\08_Dataset\Internal\mar2020\pickle_files\7af84221c64f3db7f6fb6d4b214b7748bd3c8599.pkl,1
D:\08_Dataset\Internal\mar2020\pickle_files\4284efe8b6c4df9963bccd5806e78203e86a23a4.pkl,1
D:\08_Dataset\Internal\mar2020\pickle_files\606206d710966f4ab026358eaec32b93f0f42777.pkl,1
D:\08_Dataset\Internal\mar2020\pickle_files\394c3ae962d7c9dbb268df29849e4f86b076c5f3.pkl,1
D:\08_Dataset\Internal\mar2020\pickle_files\53c4222bebe5ca5a064abe6740c44f815a9f8590.pkl,1
D:\08_Dataset\Internal\mar2020\pickle_files\f23351a4f11f9c68440b485e8e35d80e559dd045.pkl,1
D:\08_Dataset\Internal\mar2020\pickle_files\762d6a371e1268aeefd8997c9166f93c853e2176.pkl,1
D:\08_Dataset\Internal\mar2020\pickle_files\bbd2bd3e51c0902d47044dcc0fbcc405bbcb8788.pkl,1
D:\08_Dataset\Internal\mar2020\pickle_files\18b037beb1d18d4eddbb739b1d5dab7b8b624a68.pkl,1
D:\08_Dataset\Internal\mar2020\pickle_files\3e68b609ba0240a77c85ac99b4de3af0be92da12.pkl,1
D:\08_Dataset\Internal\mar2020\pickle_files\c1e5907fcfa948039677090a5812d686fda88693.pkl,1
D:\08_Dataset\Internal\mar2020\pickle_files\45cfc28879c1e13dd183dea7b79facbaca0784ec.pkl,1
D:\08_Dataset\Internal\mar2020\pickle_files\e0841243120359472c2e6e12896ca6aaf1d971da.pkl,1
D:\08_Dataset\Internal\mar2020\pickle_files\88cae4b7374e412114197bca2044a92a23102ee9.pkl,1
D:\08_Dataset\Internal\mar2020\pickle_files\327f349759a57b7cb515781da9197d4c1af54b97.pkl,1
D:\08_Dataset\Internal\mar2020\pickle_files\65bea55606e2ef843e53eae67c8a3f0d16d84943.pkl,1
D:\08_Dataset\Internal\mar2020\pickle_files\7a76f6fbdd576b07fc9e7a0f8205efddd0ae1fc0.pkl,1
D:\08_Dataset\Internal\mar2020\pickle_files\3a56aa7970ad8c513083161dea78bad343099a1d.pkl,1
D:\08_Dataset\Internal\mar2020\pickle_files\208d26181a7b17ee1d9928c74a36030884f5d855.pkl,1
D:\08_Dataset\Internal\mar2020\pickle_files\d58a5dbfdd8dcf96c283a4c8daeddfc7be58d468.pkl,1
D:\08_Dataset\Internal\mar2020\pickle_files\7e9f4c60fcb5b8dab1daf7dff058521e06034793.pkl,1
D:\08_Dataset\Internal\mar2020\pickle_files\62484639d447260b41eaaf5e3d1608b7e090e147.pkl,1
D:\08_Dataset\Internal\mar2020\pickle_files\fd7891d4b4b16db99da793a17c5ddd9f41380612.pkl,1
D:\08_Dataset\Internal\mar2020\pickle_files\7f8bcd4de71ba35727a9b13e117bc81f9b919ba7.pkl,1
D:\08_Dataset\Internal\mar2020\pickle_files\c1cae95254f9abe0b901bf1caed0bcc9becfc936.pkl,1
D:\08_Dataset\Internal\mar2020\pickle_files\d3052f2062d6be721d27839825ae435620226530.pkl,1
D:\08_Dataset\Internal\mar2020\pickle_files\afadc46c9eb88925e66f4051ae5f1d7b2089cbe5.pkl,1
D:\08_Dataset\Internal\mar2020\pickle_files\3587ad2fd9cd8165a6c75515aa9e38168194ea23.pkl,1
D:\08_Dataset\Internal\mar2020\pickle_files\7206e28cd08be25e51986fdedf96e0248dbbea6a.pkl,1
D:\08_Dataset\Internal\mar2020\pickle_files\f8cb434e0736cef715de01c7d3f683969d646d56.pkl,1
D:\08_Dataset\Internal\mar2020\pickle_files\a5556fc3c6a6b2de65ed0e66edec0bb91d162e23.pkl,1
D:\08_Dataset\Internal\mar2020\pickle_files\37d2b935cfb5424f675aa707efc29e0a526a59f9.pkl,1
D:\08_Dataset\Internal\mar2020\pickle_files\983bcc0263e7231e2d42a2a1b4c21f10f6923098.pkl,1
D:\08_Dataset\Internal\mar2020\pickle_files\c8f52525a0fffa86a207c26965d0bdcc55ad5b6b.pkl,1
D:\08_Dataset\Internal\mar2020\pickle_files\99bdb4ab98cd92d414d57dc00006fdc7b362b2fd.pkl,1
D:\08_Dataset\Internal\mar2020\pickle_files\ca5869e1894a0a9ae8be10ab3ed63d4134d63e15.pkl,1
D:\08_Dataset\Internal\mar2020\pickle_files\026f6caea54f5aae263bbb7928416124bb02683d.pkl,1
D:\08_Dataset\Internal\mar2020\pickle_files\2aa1347402d22daeb2c8cc2728eb6f74b1e9c848.pkl,1
D:\08_Dataset\Internal\mar2020\pickle_files\ea36d3c55c47f0719be358e9bb061a05a1e74d67.pkl,1
D:\08_Dataset\Internal\mar2020\pickle_files\363e5c3f2bd92720587b6791eec211d8a6b85caa.pkl,1
D:\08_Dataset\Internal\mar2020\pickle_files\76a88c1f396368839398eea6fea99512b0ec0f0d.pkl,1
D:\08_Dataset\Internal\mar2020\pickle_files\a4c1722a0099360e0119e7d25dbb6cccb250b319.pkl,1
D:\08_Dataset\Internal\mar2020\pickle_files\09c49d3f264ebff517b2bb767018f99faa6615dd.pkl,1
D:\08_Dataset\Internal\mar2020\pickle_files\124ca10d5eaa496bd116c06435e5b87c9fcfc684.pkl,1
D:\08_Dataset\Internal\mar2020\pickle_files\e9b1159b0cd4bbd9278d1e52d16085ccfb2cd855.pkl,1
D:\08_Dataset\Internal\mar2020\pickle_files\75a3c42245ea477d8441a08fd3cece1ee9e1a40b.pkl,1
D:\08_Dataset\Internal\mar2020\pickle_files\f53a212e231a427a1a092e19e3c92f4028fb1bb2.pkl,1
D:\08_Dataset\Internal\mar2020\pickle_files\972cebbc5bb85dd2da5ca05837a8eb5797dcca1e.pkl,1
D:\08_Dataset\Internal\mar2020\pickle_files\1c7168601991ba969a7f8ca4140b6b958804cdeb.pkl,1
D:\08_Dataset\Internal\mar2020\pickle_files\54f0c762436ba83b9afa8c2ec39e2102b8c1696c.pkl,1
D:\08_Dataset\Internal\mar2020\pickle_files\d6cf30b11c17de36ec7a25b37d5b7fee45791a12.pkl,1
D:\08_Dataset\Internal\mar2020\pickle_files\172a4f6d76053b88b87fcfd74b3d7c54d57b532c.pkl,1
D:\08_Dataset\Internal\mar2020\pickle_files\6b666c83afc57edad8fe78ad7c3f38c34a60d53e.pkl,1
D:\08_Dataset\Internal\mar2020\pickle_files\95df63f72eeaee190518a6fc119681879fabf3bb.pkl,1
D:\08_Dataset\Internal\mar2020\pickle_files\2030586ba2bd6f0779ff1bce6ad56336d88b1dc2.pkl,1
D:\08_Dataset\Internal\mar2020\pickle_files\0b8bbb6b6605942d5ea733d71b31a502215f15cb.pkl,1
D:\08_Dataset\Internal\mar2020\pickle_files\26c1618e2bcdefc9cc7ebf7c51d4253c596beea4.pkl,1
D:\08_Dataset\Internal\mar2020\pickle_files\9e22305b8017362eb465e1acfc6a6d0055d3dabc.pkl,1
D:\08_Dataset\Internal\mar2020\pickle_files\cb015e0ee80a6df8c71d0e759f7578f59af51f1a.pkl,1
D:\08_Dataset\Internal\mar2020\pickle_files\4bd16a1acae7d1c32204026b0e2707aea9adcf69.pkl,1
D:\08_Dataset\Internal\mar2020\pickle_files\9f254219a401354653c7aecc85f4dc3f7e486df5.pkl,1
D:\08_Dataset\Internal\mar2020\pickle_files\33b6b136d0a6545c3d51b8d08add98e67cd2a5d4.pkl,1
D:\08_Dataset\Internal\mar2020\pickle_files\fc3b44f94f3f67d08b17652232206fcc3aab645e.pkl,1
D:\08_Dataset\Internal\mar2020\pickle_files\8314af5ca28ce4982f8246ff1c1c2e222706408e.pkl,1
D:\08_Dataset\Internal\mar2020\pickle_files\4c183c498cb64a4baef0b2f64f95af7137418c45.pkl,1
D:\08_Dataset\Internal\mar2020\pickle_files\eb7aba19a1471c841a35e7af46463b832e248825.pkl,1
D:\08_Dataset\Internal\mar2020\pickle_files\cc4c1f329e1fd6b20bc2a805402b1052c6b994fc.pkl,1
D:\08_Dataset\Internal\mar2020\pickle_files\5cfb6d13e35d35bcbad4507ead0515a104abd136.pkl,1
D:\08_Dataset\Internal\mar2020\pickle_files\fb114fbf5864b9bf00b06495a8673da1687d38ee.pkl,1
D:\08_Dataset\Internal\mar2020\pickle_files\50ae62bc2aad29af9a9fee016dec2cd529854c8b.pkl,1
D:\08_Dataset\Internal\mar2020\pickle_files\4bde56e8f648eb06ec8ce6d33979de58bc28da0b.pkl,1
D:\08_Dataset\Internal\mar2020\pickle_files\59203ed491de7b42e36d58261a3c3c972d63b16e.pkl,1
D:\08_Dataset\Internal\mar2020\pickle_files\8ac74232a794436256fb038d75113507e2e0a763.pkl,1
D:\08_Dataset\Internal\mar2020\pickle_files\74ad54b4808a0c88840fbc39f07132b179814355.pkl,1
D:\08_Dataset\Internal\mar2020\pickle_files\56731016d7432d9095e756086be9d77248053ca9.pkl,1
D:\08_Dataset\Internal\mar2020\pickle_files\610897211b379720301730616de49506d9e315f0.pkl,1
D:\08_Dataset\Internal\mar2020\pickle_files\362f504fd9326b33a4894d31d58c47c3cc944c62.pkl,1
D:\08_Dataset\Internal\mar2020\pickle_files\924eef6e507905643dc379b1a102210575b25fa6.pkl,1
D:\08_Dataset\Internal\mar2020\pickle_files\1755af45a2a33951e4681b41a8503ce8415bb55b.pkl,1
D:\08_Dataset\Internal\mar2020\pickle_files\44984d0fd054f0e3a2f2a341ed17a928e0d79746.pkl,1
D:\08_Dataset\Internal\mar2020\pickle_files\85063eb7e7fe4ddfcc1e31ed9c3fc1559d1aad9a.pkl,1
D:\08_Dataset\Internal\mar2020\pickle_files\ce050389baaa62ac68e3671118a1c354d99623f6.pkl,1
D:\08_Dataset\Internal\mar2020\pickle_files\2d8f2fe61e8da6d97ff9f4b17a84f2ba971e60bf.pkl,1
D:\08_Dataset\Internal\mar2020\pickle_files\87f7868ff836fd001f2c5dfb3be02bc0423b9607.pkl,1
D:\08_Dataset\Internal\mar2020\pickle_files\f777aa08caa5458135f7b66d738786b6ede2efea.pkl,1
D:\08_Dataset\Internal\mar2020\pickle_files\19b3bab88d955bf2f5ab1444539d80bd21d300b6.pkl,1
D:\08_Dataset\Internal\mar2020\pickle_files\0b8ea7ec6a4ba22f3161944f30ec06f1611c63d7.pkl,1
D:\08_Dataset\Internal\mar2020\pickle_files\138805eaf8c9cdfb86e8b6e2152130a9d4866af3.pkl,1
D:\08_Dataset\Internal\mar2020\pickle_files\e55fa0cffaa4bb254f81f6b74af219f56ce33aa9.pkl,1
D:\08_Dataset\Internal\mar2020\pickle_files\9f2a5ae176da88e1c0bc75e19dda21f8e4917415.pkl,1
D:\08_Dataset\Internal\mar2020\pickle_files\2b2ab96cd88812a4ddd205162e9132c117110405.pkl,1
D:\08_Dataset\Internal\mar2020\pickle_files\046bfca3a8565c03e40a2868c7dfe60eb85e7607.pkl,1
D:\08_Dataset\Internal\mar2020\pickle_files\0251266b40fd1af5c4c7bb4ca81b7e53b353eaba.pkl,1
D:\08_Dataset\Internal\mar2020\pickle_files\f463bc671e01846a0dd7148c2209bfcebedb4d25.pkl,1
D:\08_Dataset\Internal\mar2020\pickle_files\e03885bf7be72e3fd347f756c043558cfd108f18.pkl,1
D:\08_Dataset\Internal\mar2020\pickle_files\b110a36c3517ae596bdc88472fb25ade3b1d264d.pkl,1
D:\08_Dataset\Internal\mar2020\pickle_files\7c0c89dd6073a8ef961580da221fe816b8c77b88.pkl,1
D:\08_Dataset\Internal\mar2020\pickle_files\90e8f4a40f9a39f07f7f9e98e9e95c0c19eb8948.pkl,1
D:\08_Dataset\Internal\mar2020\pickle_files\aeb8f425dfa80f2de05e69d7c8e85d4c88a7ef16.pkl,1
D:\08_Dataset\Internal\mar2020\pickle_files\7d6139fb2557808393753b95c7f1b46fb818287d.pkl,1
D:\08_Dataset\Internal\mar2020\pickle_files\e43c67e629c99982a35861d17b36ba06efe6cc5d.pkl,1
D:\08_Dataset\Internal\mar2020\pickle_files\e910a7215619c49cbfbf9d309f1a02ed5982f5c5.pkl,1
D:\08_Dataset\Internal\mar2020\pickle_files\a3f0c80a61935138bd62d0e491e3e6439339b4c7.pkl,1
D:\08_Dataset\Internal\mar2020\pickle_files\00758844952086e80509f3fa706e4e6dea7095ec.pkl,1
D:\08_Dataset\Internal\mar2020\pickle_files\5d9cc1bbe607c48b9225e391562e6b1eb56cf934.pkl,1
D:\08_Dataset\Internal\mar2020\pickle_files\bd55cdcddc9a0198d7d20a66ccb8cb37af94f050.pkl,1
D:\08_Dataset\Internal\mar2020\pickle_files\8b1762bec6274a307d092b10c669abe02f8b967f.pkl,1
D:\08_Dataset\Internal\mar2020\pickle_files\88d64115d1d8dce07411cf8b4dd4f8b4e83194d1.pkl,1
D:\08_Dataset\Internal\mar2020\pickle_files\bea8c96876fe987c416608d8987aa53ea2b15049.pkl,1
D:\08_Dataset\Internal\mar2020\pickle_files\62e20bd8444e87786e48359295e01f1300d0aa02.pkl,1
D:\08_Dataset\Internal\mar2020\pickle_files\7cd5c6b1b5200ae48ccc8ddbaae8167275a58b96.pkl,1
D:\08_Dataset\Internal\mar2020\pickle_files\77ef96918d36bc10ac47ef68aa8139e19b12b6c9.pkl,1
D:\08_Dataset\Internal\mar2020\pickle_files\3a9714e924f9ce341c186b4acf316dc7b5f28d4f.pkl,1
D:\08_Dataset\Internal\mar2020\pickle_files\a39f1666f9b6406d3aa01fe12977f092036958cc.pkl,1
D:\08_Dataset\Internal\mar2020\pickle_files\054af2da3c420e29de4577603032ecfff6eedf06.pkl,1
D:\08_Dataset\Internal\mar2020\pickle_files\a9aaf61ea69ef798970fb56ef03fea48886b0f55.pkl,1
D:\08_Dataset\Internal\mar2020\pickle_files\81eefb38e47bc2f83d91f9916d159f2331e122cd.pkl,1
D:\08_Dataset\Internal\mar2020\pickle_files\c3856f3c67536147e9b1249730748f990ef78e59.pkl,1
D:\08_Dataset\Internal\mar2020\pickle_files\ce39eb840fc85851f63b7064a15b375716ee25ef.pkl,1
D:\08_Dataset\Internal\mar2020\pickle_files\8b568c22eeb7f67cfd8c3b87e2baf708fb9f709d.pkl,1
D:\08_Dataset\Internal\mar2020\pickle_files\2c194b513a30b40478bdd85af4abedf8eb4a9265.pkl,1
D:\08_Dataset\Internal\mar2020\pickle_files\c4b270b7e9359851f30fd29e1af3aaa3b1b36ca3.pkl,1
D:\08_Dataset\Internal\mar2020\pickle_files\ff8c9b397ea1fbb64143d158c62715c38f7f9a98.pkl,1
D:\08_Dataset\Internal\mar2020\pickle_files\d4452a258c23ccdac1646f3f7e40f44b47e8e272.pkl,1
D:\08_Dataset\Internal\mar2020\pickle_files\a6c26a15b7b417b73ee6545c04ec187849ea65da.pkl,1
D:\08_Dataset\Internal\mar2020\pickle_files\f1f8146364da0164ff143e73313985eef97e6661.pkl,1
D:\08_Dataset\Internal\mar2020\pickle_files\b19056417cf82b3ac7f18ecec7ca1c21253e68e3.pkl,1
D:\08_Dataset\Internal\mar2020\pickle_files\079bca6123c4f747da52569486bca61009251c0e.pkl,1
D:\08_Dataset\Internal\mar2020\pickle_files\868b707f3bc8d2323793b509d723cb833cd6f406.pkl,1
D:\08_Dataset\Internal\mar2020\pickle_files\6a3d32ec3d82eaeba4d937ba6dffeeb1635eede6.pkl,1
D:\08_Dataset\Internal\mar2020\pickle_files\158e1d1b7d7abd9e394063daa21f1ff0ce7f44c5.pkl,1
D:\08_Dataset\Internal\mar2020\pickle_files\62e3bbe17dacf1b2e9b8f97a20c5c53346d2bd6a.pkl,1
D:\08_Dataset\Internal\mar2020\pickle_files\2a19a1ce9b1473931a32ff0a59f28f95693a1e93.pkl,1
D:\08_Dataset\Internal\mar2020\pickle_files\ae0529ec53d260944a6fafc5ab523ad9e48785ab.pkl,1
D:\08_Dataset\Internal\mar2020\pickle_files\89e639e1afb1502779ecef32d20ec0624ca769c2.pkl,1
D:\08_Dataset\Internal\mar2020\pickle_files\e186633e66945ad0fb83b6edd00cf18fa33b04f6.pkl,1
D:\08_Dataset\Internal\mar2020\pickle_files\5d44b31e6d0a72b1f536d406f259ebc3f754e865.pkl,1
D:\08_Dataset\Internal\mar2020\pickle_files\6ba57ade0333572c3c0ee99381c24d7f8245dfd7.pkl,1
D:\08_Dataset\Internal\mar2020\pickle_files\c9d1fb24262b6cadb99de614729e43f5fc6bdfdf.pkl,1
D:\08_Dataset\Internal\mar2020\pickle_files\289abe62e89247deacfe96f2dcc2f17746af6e14.pkl,1
D:\08_Dataset\Internal\mar2020\pickle_files\98f685ed66fb2e3ffe9351c0cfbc58149f0a4e23.pkl,1
D:\08_Dataset\Internal\mar2020\pickle_files\32acacc4eef2280d3eba52b766713ec7eab1355e.pkl,1
D:\08_Dataset\Internal\mar2020\pickle_files\5ce67ff8e6c0a5ee9c0b4cd61e0b1b4762d3700b.pkl,1
D:\08_Dataset\Internal\mar2020\pickle_files\a22ea4aecf260962832d99b60caf94b34f7a7205.pkl,1
D:\08_Dataset\Internal\mar2020\pickle_files\584355a5df39d438653437d0a0ccb8d2adf05889.pkl,1
D:\08_Dataset\Internal\mar2020\pickle_files\26a7bc0b6fd83644b1df1f0378dec013026c4971.pkl,1
D:\08_Dataset\Internal\mar2020\pickle_files\43dcd43c4f2c0143d94f1de47f4dde95c6790768.pkl,1
D:\08_Dataset\Internal\mar2020\pickle_files\794b776db2627e451e130239964f8cb128b28393.pkl,1
D:\08_Dataset\Internal\mar2020\pickle_files\76ee4671d80be9174f510eb894e7bb782ad944fa.pkl,1
D:\08_Dataset\Internal\mar2020\pickle_files\c2432638f25554371ca967ee0930b6e9756dceba.pkl,1
D:\08_Dataset\Internal\mar2020\pickle_files\5fdbfa65cea0f23c9ec00c3b65342605db57c0d8.pkl,1
D:\08_Dataset\Internal\mar2020\pickle_files\27aa1b97faf833e89719400b07c4ab0a9faed0c1.pkl,1
D:\08_Dataset\Internal\mar2020\pickle_files\746cccc2af571d7080bc39096b4e47fd93a1bc80.pkl,1
D:\08_Dataset\Internal\mar2020\pickle_files\230e7a1a272e357b80739cb3656e2ef93dd2b1fd.pkl,1
D:\08_Dataset\Internal\mar2020\pickle_files\f7dda800385981e22ab745dec13a16a8731a08e3.pkl,1
D:\08_Dataset\Internal\mar2020\pickle_files\f08f41ebc4e5535affe75fe9d448a85093d4eb2f.pkl,1
D:\08_Dataset\Internal\mar2020\pickle_files\e5adef4ca1141aa7480940e88d6998510d319431.pkl,1
D:\08_Dataset\Internal\mar2020\pickle_files\47d439dccf60133ba0016427b3abdb666d6f4373.pkl,1
D:\08_Dataset\Internal\mar2020\pickle_files\edabc11e60760abdc2075cc8908d01ff21a071f9.pkl,1
D:\08_Dataset\Internal\mar2020\pickle_files\251b2892efb68540bfca93c092ac88c47f3f629e.pkl,1
D:\08_Dataset\Internal\mar2020\pickle_files\df77ef77501b67e6ade06a3c48bb0fdf38087ff9.pkl,1
D:\08_Dataset\Internal\mar2020\pickle_files\2a363ce1ce967272e54a5e736e1ef87da69dccb5.pkl,1
D:\08_Dataset\Internal\mar2020\pickle_files\670e12698da7af66a3f94ba563752439f643b693.pkl,1
D:\08_Dataset\Internal\mar2020\pickle_files\d8008314672dc9c730e3bacb04c69463c5455464.pkl,1
D:\08_Dataset\Internal\mar2020\pickle_files\41d09debefe401121aca37c638aa9c1681638c39.pkl,1
D:\08_Dataset\Internal\mar2020\pickle_files\75c89def075f58f67f3a082d07a88238b4598066.pkl,1
D:\08_Dataset\Internal\mar2020\pickle_files\797068faad25ce4d7bdcc59c44a3e0ee00d04928.pkl,1
D:\08_Dataset\Internal\mar2020\pickle_files\f47fa59fc0d90db64ca8ff9a66e5a58a37578ddc.pkl,1
D:\08_Dataset\Internal\mar2020\pickle_files\558fae276c91ae0d6e900d039b10596dc4c0224c.pkl,1
D:\08_Dataset\Internal\mar2020\pickle_files\9364159de1c00ad4faae3fbe1db65434290053b0.pkl,1
D:\08_Dataset\Internal\mar2020\pickle_files\383b87fb5189813733c0deea1b147626d7db7547.pkl,1
D:\08_Dataset\Internal\mar2020\pickle_files\994ac7525e4a8266934014cb0c35a8ff31ee025e.pkl,1
D:\08_Dataset\Internal\mar2020\pickle_files\4ab052e7e44c29bfdd469983b5eb91a63f3e37a3.pkl,1
D:\08_Dataset\Internal\mar2020\pickle_files\e54432dfe4a8483e093cc76b16f8fa8596176ca9.pkl,1
D:\08_Dataset\Internal\mar2020\pickle_files\758c9c2f4fac7277c208474a3df0e06769c1fd44.pkl,1
D:\08_Dataset\Internal\mar2020\pickle_files\f37691471e87cff97c685c10ef8fd3f14d30ac0c.pkl,1
D:\08_Dataset\Internal\mar2020\pickle_files\5c96f29e8cc10db88f23a84c52a2fa66bb3fbf62.pkl,1
D:\08_Dataset\Internal\mar2020\pickle_files\650e7cb4344fdf83104a96dcf8cc4140d1a01ff4.pkl,1
D:\08_Dataset\Internal\mar2020\pickle_files\7a5cb0860968820cbb2c39955329dbbc6f9f4a19.pkl,1
D:\08_Dataset\Internal\mar2020\pickle_files\68fe985503838685f7c3098bde7da9da152520cb.pkl,1
D:\08_Dataset\Internal\mar2020\pickle_files\e31f4909bac111686b8160018fada29ed1cc1116.pkl,1
D:\08_Dataset\Internal\mar2020\pickle_files\09bd26f8bcccb9abea5e9ce5e3e4a9a99a844876.pkl,1
D:\08_Dataset\Internal\mar2020\pickle_files\a08c58990a08585a51f086be9269e9f2c722f97c.pkl,1
D:\08_Dataset\Internal\mar2020\pickle_files\0b949ea4aec146c7f3abdc420fccd2865e7b0125.pkl,1
D:\08_Dataset\Internal\mar2020\pickle_files\25da030a3d0d238b48769cc2b33e0f54cf1b406a.pkl,1
D:\08_Dataset\Internal\mar2020\pickle_files\b218a867c17dd2e248ae5f53503b318f44f1ad95.pkl,1
D:\08_Dataset\Internal\mar2020\pickle_files\874ec43e9482d657fd389c267ba86e50bb01f96b.pkl,1
D:\08_Dataset\Internal\mar2020\pickle_files\8532d8ddbfcdd1b4654834fceb60f63ead898690.pkl,1
D:\08_Dataset\Internal\mar2020\pickle_files\76aee65c94360ec556de804e53b025f67f7fd40e.pkl,1
D:\08_Dataset\Internal\mar2020\pickle_files\5166ccbcdaa85a1340ded425447dabf81b36bb5a.pkl,1
D:\08_Dataset\Internal\mar2020\pickle_files\a72b7f66b710f75201fa1967a5ae07df3e75a0f4.pkl,1
D:\08_Dataset\Internal\mar2020\pickle_files\8ca5e579925e9564ff02b20355c789a4d23b913d.pkl,1
D:\08_Dataset\Internal\mar2020\pickle_files\40c07cfed6cbcc74b7213d124141016a31afdeb7.pkl,1
D:\08_Dataset\Internal\mar2020\pickle_files\35efe5a0c4fdd4c257b46e63b81418fa5f23afd7.pkl,1
D:\08_Dataset\Internal\mar2020\pickle_files\7a5d28361a53d2bfd07808f512e8638af3a8afb7.pkl,1
D:\08_Dataset\Internal\mar2020\pickle_files\e24af53aae731a6ffc7b4750b92ad8d5af4e9389.pkl,1
D:\08_Dataset\Internal\mar2020\pickle_files\7524f937e2d2555b1ee48d22cbedf7e4199e2106.pkl,1
D:\08_Dataset\Internal\mar2020\pickle_files\d0fc7552a2763113650fadab2a1712c242b3c64c.pkl,1
D:\08_Dataset\Internal\mar2020\pickle_files\169c03527d5eb5190ebc9d97a12533d50ac03e51.pkl,1
D:\08_Dataset\Internal\mar2020\pickle_files\f93082a1ff62ff64291dfc3e2f3599ad3a85e480.pkl,1
D:\08_Dataset\Internal\mar2020\pickle_files\a6b031815395bcc67d6607945e71a472c925b95e.pkl,1
D:\08_Dataset\Internal\mar2020\pickle_files\8c9934fcbe42f19ef2ef025519260b83f68563ad.pkl,1
D:\08_Dataset\Internal\mar2020\pickle_files\bc8d2a750cb8a66c78f19ce0f2ade9ef0e3d1fe3.pkl,1
D:\08_Dataset\Internal\mar2020\pickle_files\b61414bbc61f2942f12e23cf8708f91e854b9eb9.pkl,1
D:\08_Dataset\Internal\mar2020\pickle_files\6721be1755587c7cd8c05739d34b14aeb233e36c.pkl,1
D:\08_Dataset\Internal\mar2020\pickle_files\ae2736898f685cfabf5292f816c316c0a6a8a1e8.pkl,1
D:\08_Dataset\Internal\mar2020\pickle_files\4d9fff87597b6124d79c82763c127dcbcbed7455.pkl,1
D:\08_Dataset\Internal\mar2020\pickle_files\11c4d4003ed1a41322c079ffcfc3714efa90f9fe.pkl,1
D:\08_Dataset\Internal\mar2020\pickle_files\d8e3a9b487147723fae95ac4cca9792a3430832f.pkl,1
D:\08_Dataset\Internal\mar2020\pickle_files\32fe8a95db8030ba87904aa1c40c5bff87a96956.pkl,1
D:\08_Dataset\Internal\mar2020\pickle_files\cee4130698d20faed2d9a7fd3040c7d4177d8207.pkl,1
D:\08_Dataset\Internal\mar2020\pickle_files\63b4e2709926a867736f890fa01dd8860324ffc4.pkl,1
D:\08_Dataset\Internal\mar2020\pickle_files\b43faad684feed6250e48e0ad5aa185337ec184e.pkl,1
D:\08_Dataset\Internal\mar2020\pickle_files\cc390c2fbf80b376adc4b069e9316b2319bd5fd9.pkl,1
D:\08_Dataset\Internal\mar2020\pickle_files\811901127b524970c54b62c1bb55ebceb33d2206.pkl,1
D:\08_Dataset\Internal\mar2020\pickle_files\204ce3a93a479bbdd05d02a1f8f07c722f4b34f1.pkl,1
D:\08_Dataset\Internal\mar2020\pickle_files\ba2b3f6e70352d4b57878e80ef9053c8e1b8310b.pkl,1
D:\08_Dataset\Internal\mar2020\pickle_files\f536677dab3095273daba9c2c2f7ea8e6231efe5.pkl,1
D:\08_Dataset\Internal\mar2020\pickle_files\716229bfe7c89570c1f4c01349f8df725c93f2bb.pkl,1
D:\08_Dataset\Internal\mar2020\pickle_files\f4e304cdc25a4741841c1e5a9eb03959023c22c5.pkl,1
D:\08_Dataset\Internal\mar2020\pickle_files\1d841bcd6c3dcb1807875d74380dd3de82a12e2f.pkl,1
D:\08_Dataset\Internal\mar2020\pickle_files\98c2673e12d572499b0e4c57f53e55f08b4810a7.pkl,1
D:\08_Dataset\Internal\mar2020\pickle_files\3eead178bd85d4e6d823bbf17f772fd46a779c47.pkl,1
D:\08_Dataset\Internal\mar2020\pickle_files\cea67be574061cdc90f0679eac7629ead5986a1b.pkl,1
D:\08_Dataset\Internal\mar2020\pickle_files\3c4afeef4d46bf6a18c749dc8e9b1e254489b05d.pkl,1
D:\08_Dataset\Internal\mar2020\pickle_files\d990b0dd695b5babcfb3bfccf2cfd988400f1ce7.pkl,1
D:\08_Dataset\Internal\mar2020\pickle_files\9425280a863618525ffef9e4ca965a56a03cee2b.pkl,1
D:\08_Dataset\Internal\mar2020\pickle_files\f5752e0f9fc4d492244c849f44af7cb279364f26.pkl,1
D:\08_Dataset\Internal\mar2020\pickle_files\4826f98fb4c8c20bb7d1f8c8146353bb4481b6cf.pkl,1
D:\08_Dataset\Internal\mar2020\pickle_files\c7ba990d571904fb81c9f8288d5c71fe0b8348ee.pkl,1
D:\08_Dataset\Internal\mar2020\pickle_files\346b235937da2d929d72c3ee9e9f1fc75c13095c.pkl,1
D:\08_Dataset\Internal\mar2020\pickle_files\cddd09757761515b7dcdda84822ee60c2c648218.pkl,1
D:\08_Dataset\Internal\mar2020\pickle_files\b7c2e6a4e3ebe8599a95afd41c7da3e26a6bfacd.pkl,1
D:\08_Dataset\Internal\mar2020\pickle_files\fc1f88c67c3fee3f391404dce0b3e47e778bc961.pkl,1
D:\08_Dataset\Internal\mar2020\pickle_files\c985bd9d79171d0329154da81550e9a29070ac0c.pkl,1
D:\08_Dataset\Internal\mar2020\pickle_files\1654a4a5f1aa44f3309e2ac5adf3db17aff7ef61.pkl,1
D:\08_Dataset\Internal\mar2020\pickle_files\9d1257d81e62a6cd89b8d04bcbb3b3c6d8f1dd06.pkl,1
D:\08_Dataset\Internal\mar2020\pickle_files\8eeb8fd138c7eb13b8ecc3a836f3794187ddcf80.pkl,1
D:\08_Dataset\Internal\mar2020\pickle_files\c43b0b245ea31ca691fca16f3c5393b99597dcc1.pkl,1
D:\08_Dataset\Internal\mar2020\pickle_files\7c7c1ff7fe29ea7d5db6502023ce4208d782168b.pkl,1
D:\08_Dataset\Internal\mar2020\pickle_files\58959a1179b0b55c4f39b274ff4025fe82afdf18.pkl,1
D:\08_Dataset\Internal\mar2020\pickle_files\9b2e462e3af2c2ca35cbc6ff760ccad2d9d82959.pkl,1
D:\08_Dataset\Internal\mar2020\pickle_files\e334b6f0239c40dfff6e172983593a1ec220c2f2.pkl,1
D:\08_Dataset\Internal\mar2020\pickle_files\1eb594ae1ad7e4313147a4f427be0491ef5eafaa.pkl,1
D:\08_Dataset\Internal\mar2020\pickle_files\4f5cc489d034d781ce81bb57e4d8bfbbe5e48e12.pkl,1
D:\08_Dataset\Internal\mar2020\pickle_files\e4b121187018954c5feb8831095c9d8fbb16e8af.pkl,1
D:\08_Dataset\Internal\mar2020\pickle_files\ff6638a487f6bf05cc5499dc37072cfa7bb5c606.pkl,1
D:\08_Dataset\Internal\mar2020\pickle_files\409386e9735cda2974d4c573f8f6e0740c6ad82b.pkl,1
D:\08_Dataset\Internal\mar2020\pickle_files\d223215e4b0771701f0f352dd579d631508d0cce.pkl,1
D:\08_Dataset\Internal\mar2020\pickle_files\0c3512fad5118f1cf054ba3e712a98c05943066c.pkl,1
D:\08_Dataset\Internal\mar2020\pickle_files\362fd1027ee6a4fe1be04e9af028961dbc7a61ba.pkl,1
D:\08_Dataset\Internal\mar2020\pickle_files\5a7f45b86af3eb3c35c7da176a2ac80aabbd32c2.pkl,1
D:\08_Dataset\Internal\mar2020\pickle_files\92670dc02d35e15d7192691b5ff5bedbbee0bd8e.pkl,1
D:\08_Dataset\Internal\mar2020\pickle_files\fffb947e917edbb0a9555d23f13e814b94b9b7a4.pkl,1
D:\08_Dataset\Internal\mar2020\pickle_files\74f3193c82420aa37e8bc6d7978e970fc84c9b72.pkl,1
D:\08_Dataset\Internal\mar2020\pickle_files\3abb44c8778b13cbcc356283d481c4216d589e5d.pkl,1
D:\08_Dataset\Internal\mar2020\pickle_files\3d5822aafc5bd0bd45a1289c29006ed81542fd50.pkl,1
D:\08_Dataset\Internal\mar2020\pickle_files\7cade19e2d2556d5f4e8a30521051836af98d2d6.pkl,1
D:\08_Dataset\Internal\mar2020\pickle_files\9ec3c1f5a2c2dbcb874d54a2e228c4931441a21b.pkl,1
D:\08_Dataset\Internal\mar2020\pickle_files\fabc37079a7fcc2416db2141a16a61ad2618db9f.pkl,1
D:\08_Dataset\Internal\mar2020\pickle_files\9b2b45f02083ffc3cf7811dbd61291d8c833495a.pkl,1
D:\08_Dataset\Internal\mar2020\pickle_files\8df3c4a7407da484f60f21fe57b27d04ee75c27b.pkl,1
D:\08_Dataset\Internal\mar2020\pickle_files\b446ca21e1a30dbbe6dc841169d27a41acb14422.pkl,1
D:\08_Dataset\Internal\mar2020\pickle_files\1bf27c112ee57929f116c9858aa38678d1e515ff.pkl,1
D:\08_Dataset\Internal\mar2020\pickle_files\d4b5416d5a785b123cfff79087e1c16dc2d8a6be.pkl,1
D:\08_Dataset\Internal\mar2020\pickle_files\8315d1b1189a1ac3a253c1e4f00795c9e088ace5.pkl,1
D:\08_Dataset\Internal\mar2020\pickle_files\51860cf57facdd89da91443df301188dd52bf647.pkl,1
D:\08_Dataset\Internal\mar2020\pickle_files\a25e87ed42b164809e251062003934f63e0371b5.pkl,1
D:\08_Dataset\Internal\mar2020\pickle_files\1414ce1a4c38fbb0c6b91ffba8d2f1c33047121b.pkl,1
D:\08_Dataset\Internal\mar2020\pickle_files\ada59e4c0900f7a79f95bd5e43b9e1c5430f6065.pkl,1
D:\08_Dataset\Internal\mar2020\pickle_files\55f382a0c8cc93387d34605a83074194cefbda9a.pkl,1
D:\08_Dataset\Internal\mar2020\pickle_files\3ba582d92e875b5fdeabab24ad462fe72d81fd3a.pkl,1
D:\08_Dataset\Internal\mar2020\pickle_files\77bc43e0741f804870f592faeb600e92f6711ddb.pkl,1
D:\08_Dataset\Internal\mar2020\pickle_files\b5be35be043cb12b16e9aaf44d5e1d88b6707ac6.pkl,1
D:\08_Dataset\Internal\mar2020\pickle_files\dd443634f59ce716056ba5122dfb6883c587e7ab.pkl,1
D:\08_Dataset\Internal\mar2020\pickle_files\cc7e27988f0580a784e0dad09e6988e9b0eb380f.pkl,1
D:\08_Dataset\Internal\mar2020\pickle_files\cbb7bab0bb8ecbf1c468432f12f6ed12b748feb7.pkl,1
D:\08_Dataset\Internal\mar2020\pickle_files\e8219e920d0f918732b34b36a04305cc53565f97.pkl,1
D:\08_Dataset\Internal\mar2020\pickle_files\29975c726f24315f4577e8215640d9e0a1dfa167.pkl,1
D:\08_Dataset\Internal\mar2020\pickle_files\b9e09dc5c449a9778c793fb423b8ad3505bd68e4.pkl,1
D:\08_Dataset\Internal\mar2020\pickle_files\07c2e1b6ae33885d42a377504a979ab01db1e01c.pkl,1
D:\08_Dataset\Internal\mar2020\pickle_files\58b79c35d4d67949d05e6f94c13fb020203b6da0.pkl,1
D:\08_Dataset\Internal\mar2020\pickle_files\43202b297424ac24c687dd31eda34aa637348cc3.pkl,1
D:\08_Dataset\Internal\mar2020\pickle_files\0c255fb7215478b735f1b34daa5e920f737b0881.pkl,1
D:\08_Dataset\Internal\mar2020\pickle_files\3f08143ff5f00298965bcf3b37c09416a7976a29.pkl,1
D:\08_Dataset\Internal\mar2020\pickle_files\ddb5a3f2cf5ddf53907770af5ed12e6355ccdc69.pkl,1
D:\08_Dataset\Internal\mar2020\pickle_files\4ea62ea4215a649c535b1e41a334cd30739c4044.pkl,1
D:\08_Dataset\Internal\mar2020\pickle_files\eec39c56db83c92de1685a8acf246b866cef66b3.pkl,1
D:\08_Dataset\Internal\mar2020\pickle_files\fa0a8c134cf15a4595e3ec7232013b03e76379cb.pkl,1
D:\08_Dataset\Internal\mar2020\pickle_files\9d979970bfd38426372bb4afdb801ce865c64bc2.pkl,1
D:\08_Dataset\Internal\mar2020\pickle_files\82705e01ad8d5664c1c0b19efe8b3f3b5ba99437.pkl,1
D:\08_Dataset\Internal\mar2020\pickle_files\81e69a83e56c630f54f6f2a2a960881553fa5348.pkl,1
D:\08_Dataset\Internal\mar2020\pickle_files\b5301bb5922576ae3ab7995681294ff759198263.pkl,1
D:\08_Dataset\Internal\mar2020\pickle_files\f519cccaf8710140cb1ffc3625e2ad515b699614.pkl,1
D:\08_Dataset\Internal\mar2020\pickle_files\590b6ecf2cc8e9f5608cce59bc746af46942184e.pkl,1
D:\08_Dataset\Internal\mar2020\pickle_files\4f7558b0c5d725a08b6936ab9c191e3aeb06cd66.pkl,1
D:\08_Dataset\Internal\mar2020\pickle_files\bc7a9bcd1b29a6d2c7a0df156d70c864d2f247da.pkl,1
D:\08_Dataset\Internal\mar2020\pickle_files\dd61fcd4548476eb5ea078adb4875c51af661fd4.pkl,1
D:\08_Dataset\Internal\mar2020\pickle_files\5d6730628653712aeb36a4761adb6062f64d9eaf.pkl,1
D:\08_Dataset\Internal\mar2020\pickle_files\cf557508eb04591eed8ea040529fb3996aec88ce.pkl,1
D:\08_Dataset\Internal\mar2020\pickle_files\8c86497f23785346466d5fc28d475085fd272153.pkl,1
D:\08_Dataset\Internal\mar2020\pickle_files\80584a1c5833e1c6cbbc424914eb5a3a71ac63d4.pkl,1
D:\08_Dataset\Internal\mar2020\pickle_files\9faf090a7b097ff3ea6435a99517119136fe998e.pkl,1
D:\08_Dataset\Internal\mar2020\pickle_files\6e8474707fdb3a36f0ddaed7a34aee4a22f4980e.pkl,1
D:\08_Dataset\Internal\mar2020\pickle_files\3b4cef0641bdcd35e8db2e6df0df473d8ec1ade1.pkl,1
D:\08_Dataset\Internal\mar2020\pickle_files\dee2e7dd1b315454d150d458ffb8500d5eaa9b18.pkl,1
D:\08_Dataset\Internal\mar2020\pickle_files\ef0f835edd2e4dd069e5cd2fde218b5322c4c092.pkl,1
D:\08_Dataset\Internal\mar2020\pickle_files\476ac1b98b248fea1069ecb3fb02a2e28f01434c.pkl,1
D:\08_Dataset\Internal\mar2020\pickle_files\5c2af095f744dfae392b4527d11b6729486b0048.pkl,1
D:\08_Dataset\Internal\mar2020\pickle_files\c91785002df695c1ea6f10ad72dadab2463d0caa.pkl,1
D:\08_Dataset\Internal\mar2020\pickle_files\6b6f4278a94e16304a0cd32147ef36adc541fbbc.pkl,1
D:\08_Dataset\Internal\mar2020\pickle_files\39cff78cc1aac71b315acdffe92b9326b38c488e.pkl,1
D:\08_Dataset\Internal\mar2020\pickle_files\a4f30aaf9bd46151e825417474f5e5aded5e55bd.pkl,1
D:\08_Dataset\Internal\mar2020\pickle_files\56740e18ea12a3a0dd1db9fb59d339bc1d091d9f.pkl,1
D:\08_Dataset\Internal\mar2020\pickle_files\c3d845cc68fb574285078e620cc4a00f05759ef4.pkl,1
D:\08_Dataset\Internal\mar2020\pickle_files\46c1a437a798551bfc988e58c2284ae5f08f04b2.pkl,1
D:\08_Dataset\Internal\mar2020\pickle_files\397a987f9413bf10abffd4235538ba32ad4eb3ae.pkl,1
D:\08_Dataset\Internal\mar2020\pickle_files\d907f963fd9f9d7682fbb703e8f9156e4bee8dec.pkl,1
D:\08_Dataset\Internal\mar2020\pickle_files\2ee5e0107b80f9f44d4a9cb44b6531d3e29f97b9.pkl,1
D:\08_Dataset\Internal\mar2020\pickle_files\6f938fa49a9207b96ff21c65b03acdb7cd51b8cc.pkl,1
D:\08_Dataset\Internal\mar2020\pickle_files\0df21aba0a2e4dd95650256c67a19266f1f6f1f6.pkl,1
D:\08_Dataset\Internal\mar2020\pickle_files\9b3444a1a66fe81f94c66170c2fc794297fadcba.pkl,1
D:\08_Dataset\Internal\mar2020\pickle_files\0cec2fb8f27679d39d7c812ae724e96f65762802.pkl,1
D:\08_Dataset\Internal\mar2020\pickle_files\1e1a7d37675747833429358f99b0cc8327d3b66c.pkl,1
D:\08_Dataset\Internal\mar2020\pickle_files\531c8bc58bafcc0baa52c0fc91d504841e612507.pkl,1
D:\08_Dataset\Internal\mar2020\pickle_files\cf9b9cdbd04ebbdac775109a89d51d3ac686d78a.pkl,1
D:\08_Dataset\Internal\mar2020\pickle_files\123880bcbebc42e0c1d64a629fefa9a01ed56e48.pkl,1
D:\08_Dataset\Internal\mar2020\pickle_files\0cb22351290c00e1fe82fb2c3af4b1ee1b60cab1.pkl,1
D:\08_Dataset\Internal\mar2020\pickle_files\141563f4b215fc23645ad40ecc2a7066b8a306a7.pkl,1
D:\08_Dataset\Internal\mar2020\pickle_files\90c2f2150adedc3d0601af400ab9eb6b3d748766.pkl,1
D:\08_Dataset\Internal\mar2020\pickle_files\5354f82289392c88f61c7239f3c5d6b006882521.pkl,1
D:\08_Dataset\Internal\mar2020\pickle_files\30bfea48636c6336ee782c8719c2792bcab2ebeb.pkl,1
D:\08_Dataset\Internal\mar2020\pickle_files\351621af19e388060a8e91f513e2db021a0cf8e7.pkl,1
D:\08_Dataset\Internal\mar2020\pickle_files\ce12ed454fb566accb41a9bb6e7dbfd112d4f96d.pkl,1
D:\08_Dataset\Internal\mar2020\pickle_files\aab9520247453428f2d4fc0ea2b0c9def3f07b33.pkl,1
D:\08_Dataset\Internal\mar2020\pickle_files\8b7603720071c1d293aec0829e79d9005ce0adb7.pkl,1
D:\08_Dataset\Internal\mar2020\pickle_files\72d792a5ac225705cf5b10d42b35b1a7bb2a26e9.pkl,1
D:\08_Dataset\Internal\mar2020\pickle_files\a95998a3cf9cf2299fab188e0a6ccc49d3f01719.pkl,1
D:\08_Dataset\Internal\mar2020\pickle_files\ef29f33207f130ea871bf694290e77458b5c32d2.pkl,1
D:\08_Dataset\Internal\mar2020\pickle_files\f059395b3dcf2c8ef06bb2327f71e2325dc2edf8.pkl,1
D:\08_Dataset\Internal\mar2020\pickle_files\ce96b22712e233086631adaf64a9ba106b1daf74.pkl,1
D:\08_Dataset\Internal\mar2020\pickle_files\7a18a7f12ed006828888228dfc5e0acea0a7c856.pkl,1
D:\08_Dataset\Internal\mar2020\pickle_files\769248fd3234e34dc448faac316c54effda66d3f.pkl,1
D:\08_Dataset\Internal\mar2020\pickle_files\fa10bb3fd632d61b83273a94de8040e610614c0f.pkl,1
D:\08_Dataset\Internal\mar2020\pickle_files\f13f551466708d9b2d805389e0b13130197ddba7.pkl,1
D:\08_Dataset\Internal\mar2020\pickle_files\47079405b1b97a4d118adb3e41b0f8e104f19d2d.pkl,1
D:\08_Dataset\Internal\mar2020\pickle_files\99e28d9df27a00e7c3a2a79b1f39aea4d99d5951.pkl,1
D:\08_Dataset\Internal\mar2020\pickle_files\7179141be0aae5af3e81e231b723c9d6f38be159.pkl,1
D:\08_Dataset\Internal\mar2020\pickle_files\5826a6407ac6385b317eab279fc4d684bacfc137.pkl,1
D:\08_Dataset\Internal\mar2020\pickle_files\121558761a69fcaaeb7f2438c923da78f374e405.pkl,1
D:\08_Dataset\Internal\mar2020\pickle_files\fd2abb7dfdb979f7d8d1d49b77c5a24f0d41383a.pkl,1
D:\08_Dataset\Internal\mar2020\pickle_files\0054da3f3f243dc5be4c93effbe5b0028f5a1dfc.pkl,1
D:\08_Dataset\Internal\mar2020\pickle_files\8071cb6e275787d3dddf9252de9f0c23f4e88297.pkl,1
D:\08_Dataset\Internal\mar2020\pickle_files\589928e1e8d398a4be6a3e85270bd09bad9104d1.pkl,1
D:\08_Dataset\Internal\mar2020\pickle_files\1cc24a9868794bd88656f9174b1ef888dc62ef21.pkl,1
D:\08_Dataset\Internal\mar2020\pickle_files\668ee1b9477a2d0eb0b6bb7a81d8acff57508c8b.pkl,1
D:\08_Dataset\Internal\mar2020\pickle_files\a850c9cf907ca495fcfa3478ce1a6b9df4e633e5.pkl,1
D:\08_Dataset\Internal\mar2020\pickle_files\330773f34cd131ba270689f34b679e6cc22ca1e2.pkl,1
D:\08_Dataset\Internal\mar2020\pickle_files\479714469f90705c7327ecf4b60dd4498a93f2ad.pkl,1
D:\08_Dataset\Internal\mar2020\pickle_files\c2f81fdf972ee34ed29856b2039acb42041fc58b.pkl,1
D:\08_Dataset\Internal\mar2020\pickle_files\6f50fb7054e3610bdd17d9f2a7c40c3779599721.pkl,1
D:\08_Dataset\Internal\mar2020\pickle_files\993d208c5f6929bec6af658a066ea07411ee5d59.pkl,1
D:\08_Dataset\Internal\mar2020\pickle_files\9eb2ae3b5d77fdc9875d61ee2f5a069a79c7f04f.pkl,1
D:\08_Dataset\Internal\mar2020\pickle_files\e61af7743c05f515973b43366318fae12a3e596e.pkl,1
D:\08_Dataset\Internal\mar2020\pickle_files\34197db54d5bbd777fcfe552f810affce49a2b69.pkl,1
D:\08_Dataset\Internal\mar2020\pickle_files\6461e343fd6ee5be0a1ce80a933278a1c11c9292.pkl,1
D:\08_Dataset\Internal\mar2020\pickle_files\05334bf83e4b519c50478d313107d04ddbcc8e13.pkl,1
D:\08_Dataset\Internal\mar2020\pickle_files\63281c02156b458ed26543c34beeceace2ae0996.pkl,1
D:\08_Dataset\Internal\mar2020\pickle_files\3e716814f544c4abc822f5550e6ff57f1739ab76.pkl,1
D:\08_Dataset\Internal\mar2020\pickle_files\17baaaa525f1521ae7ba02e57a9578eee4272cde.pkl,1
D:\08_Dataset\Internal\mar2020\pickle_files\deb38d9628996ab4da14345b6a62311d0d30eef5.pkl,1
D:\08_Dataset\Internal\mar2020\pickle_files\cb343dcaf73badedc0651d9d096f2167e7358daf.pkl,1
D:\08_Dataset\Internal\mar2020\pickle_files\ed632ad0745f0ac15e09684e37543541d466ee8c.pkl,1
D:\08_Dataset\Internal\mar2020\pickle_files\22c3df2168cac6d729f08990b7d5f7219bb13795.pkl,1
D:\08_Dataset\Internal\mar2020\pickle_files\56222322b4a146fcfa2971290bcac29c5159e832.pkl,1
D:\08_Dataset\Internal\mar2020\pickle_files\d4decb2429d4ee0ab11723a15279717183730b06.pkl,1
D:\08_Dataset\Internal\mar2020\pickle_files\020be6234a1e04b3e55eaec967a748b2f90d2693.pkl,1
D:\08_Dataset\Internal\mar2020\pickle_files\403124a39c394fc7a35cb3f7cc49502b2c7cb506.pkl,1
D:\08_Dataset\Internal\mar2020\pickle_files\1bd0b6dfd7a226df1f89ed91cf8460e026d5f8ed.pkl,1
D:\08_Dataset\Internal\mar2020\pickle_files\f70b3ae6aeb13a7f0a5db0ffc13698c6e2122f6d.pkl,1
D:\08_Dataset\Internal\mar2020\pickle_files\2bb8dcce226eec1d41193f27051934cabe3a2520.pkl,1
D:\08_Dataset\Internal\mar2020\pickle_files\761b80b14cfe783034dda0c0aeef21afe65d5d9d.pkl,1
D:\08_Dataset\Internal\mar2020\pickle_files\2872e0057bf767c924525022b9a30cff86171aef.pkl,1
D:\08_Dataset\Internal\mar2020\pickle_files\5a36136f1b5203a5bf0d82114294914172e2a7a3.pkl,1
D:\08_Dataset\Internal\mar2020\pickle_files\5670af4c7eef9e2a881960dc578b8c12e75314f8.pkl,1
D:\08_Dataset\Internal\mar2020\pickle_files\9fd12c323194e98a0ff0941e2d13b3041f1d9247.pkl,1
D:\08_Dataset\Internal\mar2020\pickle_files\048ff29dc5a99e72e80f8314dbddf9d00d2d8f56.pkl,1
D:\08_Dataset\Internal\mar2020\pickle_files\f40377b9d6fdcde3e5d4546f49d7b0d3f450b310.pkl,1
D:\08_Dataset\Internal\mar2020\pickle_files\7d586b9ddb9d2de21bad115dab8d16bc1372227a.pkl,1
D:\08_Dataset\Internal\mar2020\pickle_files\ab9ada9f4baeb2560943f0f38098b0375eb4403b.pkl,1
D:\08_Dataset\Internal\mar2020\pickle_files\215ad3afe91afc28a9f6e10c69095e35c70df38b.pkl,1
D:\08_Dataset\Internal\mar2020\pickle_files\c59ae85655dd8c1ff5c599c9cab42abe956aca40.pkl,1
D:\08_Dataset\Internal\mar2020\pickle_files\65f1bb8bd35ca4b525ef16706510da75651de7ff.pkl,1
D:\08_Dataset\Internal\mar2020\pickle_files\95e47549710a741b5cf733fb8408a1d8914d4e26.pkl,1
D:\08_Dataset\Internal\mar2020\pickle_files\f22945fad4c6c08cd97bcd6a7163110399c4e78a.pkl,1
D:\08_Dataset\Internal\mar2020\pickle_files\04b8e80d03c082e72f81724d9d931a7e1e0b0886.pkl,1
D:\08_Dataset\Internal\mar2020\pickle_files\da001384d16945d98b305afabf4ab282a752926b.pkl,1
D:\08_Dataset\Internal\mar2020\pickle_files\80947c5c64842f14e32cf47ef740dafa8edaae17.pkl,1
D:\08_Dataset\Internal\mar2020\pickle_files\1cd50d566df2344f8d869e3976d389e913a597fb.pkl,1
D:\08_Dataset\Internal\mar2020\pickle_files\dbf7b07531f3f2f6a394bed99b50da2641763897.pkl,1
D:\08_Dataset\Internal\mar2020\pickle_files\8087f1724abb75a86a2e6c38b1a046b9e23e073c.pkl,1
D:\08_Dataset\Internal\mar2020\pickle_files\7916bcece06bfd5bc4d9f68b32024c5f48c13857.pkl,1
D:\08_Dataset\Internal\mar2020\pickle_files\5446278db653d51840bd44e393397536a1d569c6.pkl,1
D:\08_Dataset\Internal\mar2020\pickle_files\ecab717b7f1b0221e09446d5342bcf509fb6e143.pkl,1
D:\08_Dataset\Internal\mar2020\pickle_files\f886330035094906d9eef58c421e4efc82a6451b.pkl,1
D:\08_Dataset\Internal\mar2020\pickle_files\4e993ade6ade8de7c2c185abe854c3c68f44025c.pkl,1
D:\08_Dataset\Internal\mar2020\pickle_files\6e89ff359c2a509033c8a6993b3b9a0312ff9e10.pkl,1
D:\08_Dataset\Internal\mar2020\pickle_files\2c7ec2c7380902f12568cc2e36dd4a41a898466d.pkl,1
D:\08_Dataset\Internal\mar2020\pickle_files\984987528e59dfde3493b347a22cb7211b054328.pkl,1
D:\08_Dataset\Internal\mar2020\pickle_files\f19557cd8019fd9930ad8c2c43ee3efb6d00c0e8.pkl,1
D:\08_Dataset\Internal\mar2020\pickle_files\61b3e4a27c636df875d94b3f71d8dee7d91756d5.pkl,1
D:\08_Dataset\Internal\mar2020\pickle_files\d79ee95529938dd59af12d7af95a0396cb305837.pkl,1
D:\08_Dataset\Internal\mar2020\pickle_files\af7a1b6675b64006b2432fefab07cb6eb4bd82e6.pkl,1
D:\08_Dataset\Internal\mar2020\pickle_files\738c5ee14b620388866873844cbfc99c0ab2613c.pkl,1
D:\08_Dataset\Internal\mar2020\pickle_files\ff6ff0c93931ffe12424cc475c09bffe5988c466.pkl,1
D:\08_Dataset\Internal\mar2020\pickle_files\161105741994b1a286113c76c83852dc16edb272.pkl,1
D:\08_Dataset\Internal\mar2020\pickle_files\f513f72ab4543787ade71286d19f200082df3285.pkl,1
D:\08_Dataset\Internal\mar2020\pickle_files\7bf5d67efc1af76743931d188702c8f7869c13ed.pkl,1
D:\08_Dataset\Internal\mar2020\pickle_files\78759245aaa3b3ca085100bee3fc4dd04f765c6b.pkl,1
D:\08_Dataset\Internal\mar2020\pickle_files\60f2f5a283be670bc6938b363fa78300312bdd8a.pkl,1
D:\08_Dataset\Internal\mar2020\pickle_files\f4eb1cee0533628b714afa15fcf37706aaa65dde.pkl,1
D:\08_Dataset\Internal\mar2020\pickle_files\6e5fc6190dde4515164d6cc324f0c98c898c73b2.pkl,1
D:\08_Dataset\Internal\mar2020\pickle_files\9059efbd5ee094ddf1fa5e1a348f0ead3106fb1b.pkl,1
D:\08_Dataset\Internal\mar2020\pickle_files\b9dcd8465d7096c28f66af767452d7c89bb815b4.pkl,1
D:\08_Dataset\Internal\mar2020\pickle_files\9733eedc674b8c64b38c9484d1a8a2c622188d3b.pkl,1
D:\08_Dataset\Internal\mar2020\pickle_files\3000e92bec06ad9da7f99ddf7f67d1ca0db9e15c.pkl,1
D:\08_Dataset\Internal\mar2020\pickle_files\039e00a945340e0f0fe979202e46e2a5e574db71.pkl,1
D:\08_Dataset\Internal\mar2020\pickle_files\a1b813895bbfc97db439bc3a437e95525a96ee05.pkl,1
D:\08_Dataset\Internal\mar2020\pickle_files\0128797ce7c3cde19d03043fa6ce5fcacd75ec28.pkl,1
D:\08_Dataset\Internal\mar2020\pickle_files\3cf56d406cab9d46fedfb7a7be9ee787a6826369.pkl,1
D:\08_Dataset\Internal\mar2020\pickle_files\226d0aeaa3a38bb73423ea99afee99fed3420cd3.pkl,1
D:\08_Dataset\Internal\mar2020\pickle_files\6aca31ab2971d3ccf0c1e57fb5b62270553effca.pkl,1
D:\08_Dataset\Internal\mar2020\pickle_files\f271febef7a6bf2d0399e01de8c8ec3e097e6445.pkl,1
D:\08_Dataset\Internal\mar2020\pickle_files\cd3669a8eacc5b7e458eb7a743592eecb3bb0456.pkl,1
D:\08_Dataset\Internal\mar2020\pickle_files\53c96bff1449599dd8f180820bbabb4627595054.pkl,1
D:\08_Dataset\Internal\mar2020\pickle_files\0234ca62a57fe89e446b9e88c54ad4d4db4f47cb.pkl,1
D:\08_Dataset\Internal\mar2020\pickle_files\99d2721a9ccc604ee8fb76cdf8d36af3cb6e3b62.pkl,1
D:\08_Dataset\Internal\mar2020\pickle_files\f07b428b7070ee79ecb60d2ade44e13cf0f1ab49.pkl,1
D:\08_Dataset\Internal\mar2020\pickle_files\caed905be80742081716cea90de481b537707db8.pkl,1
D:\08_Dataset\Internal\mar2020\pickle_files\ceaaa2e33878114b4b221154053982393e61a088.pkl,1
D:\08_Dataset\Internal\mar2020\pickle_files\8b69f76dc6a23cc4ea43f86261b2d7f74535c44e.pkl,1
D:\08_Dataset\Internal\mar2020\pickle_files\65ce3bb72f07ed2137775f643b09849c0dbb0b18.pkl,1
D:\08_Dataset\Internal\mar2020\pickle_files\b014bf8083b7fac7b513a46fb092c0eec5d84d9d.pkl,1
D:\08_Dataset\Internal\mar2020\pickle_files\f4dbe05817179891d84a04c9c8c236d09977b072.pkl,1
D:\08_Dataset\Internal\mar2020\pickle_files\40278c21adf4edc6b54d28d0e1ad0add63b17f98.pkl,1
D:\08_Dataset\Internal\mar2020\pickle_files\eac5cb2ca1661c2f282393d0cdc52d8bfc1dea42.pkl,1
D:\08_Dataset\Internal\mar2020\pickle_files\d7952c41fc035f0d4226f3c0ff282a97a020fa1d.pkl,1
D:\08_Dataset\Internal\mar2020\pickle_files\5c45b5048a8d5e8ebaa3b4dba8c5b29d94d9a952.pkl,1
D:\08_Dataset\Internal\mar2020\pickle_files\9a17fea705270316e49094927c0158bfa99564e6.pkl,1
D:\08_Dataset\Internal\mar2020\pickle_files\e71372c1c41a7f599cb1a5a4004e09b432704b3e.pkl,1
D:\08_Dataset\Internal\mar2020\pickle_files\4aed9a1038df13ace4d3114854a51b74b81d2285.pkl,1
D:\08_Dataset\Internal\mar2020\pickle_files\7890639a912eed21a62e80f3153df76f13c2e628.pkl,1
D:\08_Dataset\Internal\mar2020\pickle_files\dd774bbc560c60e3393197a73b77ff05500f83d1.pkl,1
D:\08_Dataset\Internal\mar2020\pickle_files\85131a633570c3fc5867247ed1c4e2d1ce32f565.pkl,1
D:\08_Dataset\Internal\mar2020\pickle_files\0ab792038256a0ee9f392669679cfe23e709c7b0.pkl,1
D:\08_Dataset\Internal\mar2020\pickle_files\99a550235eb6e0844760b33a7789d60f28fe000e.pkl,1
D:\08_Dataset\Internal\mar2020\pickle_files\8625c1ca6748c96eab72e2646628b6ca330ee0c1.pkl,1
D:\08_Dataset\Internal\mar2020\pickle_files\f23f0c0e138002ca2f381a4d1e5d9431308695aa.pkl,1
D:\08_Dataset\Internal\mar2020\pickle_files\1f3e0c5c563db580e243ab3fc3ceb17fb0da6e58.pkl,1
D:\08_Dataset\Internal\mar2020\pickle_files\b3cf30e9309cf880615b2176772ad4e8e7c7ba71.pkl,1
D:\08_Dataset\Internal\mar2020\pickle_files\883aac08699710a5d7d6819aa5ce9cfea9345250.pkl,1
D:\08_Dataset\Internal\mar2020\pickle_files\8600c3e35f6ab0f4e8bde72397f7c7d9a78ff098.pkl,1
D:\08_Dataset\Internal\mar2020\pickle_files\0e560cfc63f9a1e825e48ccde3f670e3c4ff214e.pkl,1
D:\08_Dataset\Internal\mar2020\pickle_files\ca51883e326f7fdb1259f9282cd5e9bc3bbc051d.pkl,1
D:\08_Dataset\Internal\mar2020\pickle_files\fd767a3d8615ae3c8be87bb0552e1b889c0af181.pkl,1
D:\08_Dataset\Internal\mar2020\pickle_files\f1a2f27042b2aa8702d2265fe69a40209edbbcd8.pkl,1
D:\08_Dataset\Internal\mar2020\pickle_files\fd88b224ae490aeba6796f42cf5e52c57bbc1ec4.pkl,1
D:\08_Dataset\Internal\mar2020\pickle_files\944e10fa7b1fc5df72e0f8981964b7d6b489f46a.pkl,1
D:\08_Dataset\Internal\mar2020\pickle_files\9a0889a34599757227be2f26faffc7d7b306cf45.pkl,1
D:\08_Dataset\Internal\mar2020\pickle_files\303b398278ab9d5d0003000a5b5159e3a6dc19ff.pkl,1
D:\08_Dataset\Internal\mar2020\pickle_files\acf78decf90f4b4aa70076ad4911ec5cd34153bf.pkl,1
D:\08_Dataset\Internal\mar2020\pickle_files\f50421ca860c0f6cbeba16981d6073cc241b25c4.pkl,1
D:\08_Dataset\Internal\mar2020\pickle_files\48768fe9ff50e26d46acbb58b43887118a0eea64.pkl,1
D:\08_Dataset\Internal\mar2020\pickle_files\8745ad6fff3fe86f67e5489e1829ecae6912ec78.pkl,1
D:\08_Dataset\Internal\mar2020\pickle_files\1bcd089b832013365653a32efb66484ce8ffdda4.pkl,1
D:\08_Dataset\Internal\mar2020\pickle_files\21aae9cab5064004907284e7f916d14198fdcba0.pkl,1
D:\08_Dataset\Internal\mar2020\pickle_files\fecac668a4097e16ce0c294c74b09e0b2eb330af.pkl,1
D:\08_Dataset\Internal\mar2020\pickle_files\5a3472ebe5a2d57ffeff63e4703e17317b04ec8d.pkl,1
D:\08_Dataset\Internal\mar2020\pickle_files\a5040f1bad0872eadb54ce5e1bfaa6af30c8f6a8.pkl,1
D:\08_Dataset\Internal\mar2020\pickle_files\b125bf195f7ae54b0ecd46295fd60967f5e6ed2b.pkl,1
D:\08_Dataset\Internal\mar2020\pickle_files\f318c1f20ba7712607b856262ff5e1d985b30a18.pkl,1
D:\08_Dataset\Internal\mar2020\pickle_files\13820d1b7846c620361cc0a5e258ba654ecfaf69.pkl,1
D:\08_Dataset\Internal\mar2020\pickle_files\1a5639aa65b080301916b986982198ce08a16db1.pkl,1
D:\08_Dataset\Internal\mar2020\pickle_files\f55d448e31ffa7676b114077661c0ef39abc1986.pkl,1
D:\08_Dataset\Internal\mar2020\pickle_files\9fc3ee6a46ccac0db65f491cf1124fe661fab32b.pkl,1
D:\08_Dataset\Internal\mar2020\pickle_files\d68accc3aebeb70ad95f4c7039b6c524548d2760.pkl,1
D:\08_Dataset\Internal\mar2020\pickle_files\f0b2ebe27b1b24f00c3519173034621f624e77b9.pkl,1
D:\08_Dataset\Internal\mar2020\pickle_files\cde85eebfe842b158194969ae51237f3505128e6.pkl,1
D:\08_Dataset\Internal\mar2020\pickle_files\9962e02c9bd95eba9c8a06ed1863dffa4986388c.pkl,1
D:\08_Dataset\Internal\mar2020\pickle_files\7c1af323ac556c33c3de630b40961aed5ebe7247.pkl,1
D:\08_Dataset\Internal\mar2020\pickle_files\ff66d104a88cbf446ffd9e057b43810130ef24a3.pkl,1
D:\08_Dataset\Internal\mar2020\pickle_files\66bab909ab98425559ddb41bf636d79ccf327a8b.pkl,1
D:\08_Dataset\Internal\mar2020\pickle_files\cafbd941ab9901b05331b4379044398d255ba406.pkl,1
D:\08_Dataset\Internal\mar2020\pickle_files\72d97918212b72dd8e8b40a1039f5862dfcb3d85.pkl,1
D:\08_Dataset\Internal\mar2020\pickle_files\1f940fddddc9b1132449f922cccec0c15289d584.pkl,1
D:\08_Dataset\Internal\mar2020\pickle_files\6b6a082a7dc56caa5ae12d2efcff2e9fc13473a5.pkl,1
D:\08_Dataset\Internal\mar2020\pickle_files\164e0bf65d3dc6b39262d5ab8fa9eb7882c91bc4.pkl,1
D:\08_Dataset\Internal\mar2020\pickle_files\a1efb72514e912d3e4db31855a959a37c0ef0a2e.pkl,1
D:\08_Dataset\Internal\mar2020\pickle_files\abd0e8dc16d06d806707b375be6ad05d7a7a7826.pkl,1
D:\08_Dataset\Internal\mar2020\pickle_files\88d52870733998d57dc4343267af9def2e636ccf.pkl,1
D:\08_Dataset\Internal\mar2020\pickle_files\6d962da0cbd9411b2413c6c345e4d262e2980c27.pkl,1
D:\08_Dataset\Internal\mar2020\pickle_files\085bdf7aa5a193172eed97eb08f11dc4583461df.pkl,1
D:\08_Dataset\Internal\mar2020\pickle_files\aacd252661f96a2692e18468072e2be0c335636a.pkl,1
D:\08_Dataset\Internal\mar2020\pickle_files\ee92d4b3c9623dde1ad3f58c9ea02f8e9e746863.pkl,1
D:\08_Dataset\Internal\mar2020\pickle_files\cd3393c135d2657612bf4115ca9114f951c3e725.pkl,1
D:\08_Dataset\Internal\mar2020\pickle_files\6e047bdd456ed039dfd7dee9e4665ff09a9ddaad.pkl,1
D:\08_Dataset\Internal\mar2020\pickle_files\7c0b94f876c4b2cf8dc568bed625967f5fe4c225.pkl,1
D:\08_Dataset\Internal\mar2020\pickle_files\47ac4f80258cbe9ff53844e5e56e2815ede26642.pkl,1
D:\08_Dataset\Internal\mar2020\pickle_files\d3d13725a308abade7d56ba697472c939adadaf4.pkl,1
D:\08_Dataset\Internal\mar2020\pickle_files\842a1f5210aeedffc625a78bd14c0635ccb74e27.pkl,1
D:\08_Dataset\Internal\mar2020\pickle_files\231a5fbd53a9a7f2acdf11de5f0f6c1861401201.pkl,1
D:\08_Dataset\Internal\mar2020\pickle_files\cc88422be1d22fe3ba571117224b56fa66fb9105.pkl,1
D:\08_Dataset\Internal\mar2020\pickle_files\396b6005c2c6f1b752cbc174871c9ebf06519572.pkl,1
D:\08_Dataset\Internal\mar2020\pickle_files\0ae40e79b1535b3147aed8f5cbfb10da69205e61.pkl,1
D:\08_Dataset\Internal\mar2020\pickle_files\b8d727b3410601c236c762773a6f28489e7aba02.pkl,1
D:\08_Dataset\Internal\mar2020\pickle_files\c17ed1a0a8ed4b1b4ca2702293d79919159a258d.pkl,1
D:\08_Dataset\Internal\mar2020\pickle_files\2568cef3e166da56e26c1c919b378f9d7dcc4fb8.pkl,1
D:\08_Dataset\Internal\mar2020\pickle_files\57fd6973d461087f29594ab6b60db372f1ef54a4.pkl,1
D:\08_Dataset\Internal\mar2020\pickle_files\0c2ae51ce9da93d1327c4ccd8aa0587536a7a9e2.pkl,1
D:\08_Dataset\Internal\mar2020\pickle_files\0e3eee4f09e47cfc681fdf9e1aa5d2e597d66660.pkl,1
D:\08_Dataset\Internal\mar2020\pickle_files\3e63e4827d93679edb15753aa125a093cebee3f8.pkl,1
D:\08_Dataset\Internal\mar2020\pickle_files\0c410cc7422617e85b6765752090fb42edfda2e3.pkl,1
D:\08_Dataset\Internal\mar2020\pickle_files\f53b5845d0d69bbdcac1bf5100d0a5bb9cf582bb.pkl,1
D:\08_Dataset\Internal\mar2020\pickle_files\6f145ea6e5e6cdea3eb9a1a48f5a1b4135f90890.pkl,1
D:\08_Dataset\Internal\mar2020\pickle_files\61d34f6a2892a8f313d36a270897e115ef058851.pkl,1
D:\08_Dataset\Internal\mar2020\pickle_files\1b49bdb43a515b153bb032df536ed51ea9612c2d.pkl,1
D:\08_Dataset\Internal\mar2020\pickle_files\ffae0ed2e25ccc1ce38efc687fff9d6e0137b32a.pkl,1
D:\08_Dataset\Internal\mar2020\pickle_files\fa1896f39bf6c3b0f29abaa908545a71eedfb5ed.pkl,1
D:\08_Dataset\Internal\mar2020\pickle_files\121cb31cbf87f0ff3750e7eaf584c475aa3669fa.pkl,1
D:\08_Dataset\Internal\mar2020\pickle_files\70ad1cb20bf1f2bfbced4861ad1fadb1af701442.pkl,1
D:\08_Dataset\Internal\mar2020\pickle_files\1f8d5fd80586a0b551a9bb68f5460aa3d494c418.pkl,1
D:\08_Dataset\Internal\mar2020\pickle_files\1305de2bfa54d0a13afa7e1dc139b3b9ae262a56.pkl,1
D:\08_Dataset\Internal\mar2020\pickle_files\bdeb36988dc24986e7c351a576fc8390d30028f8.pkl,1
D:\08_Dataset\Internal\mar2020\pickle_files\244150c6faffc786da179eaf043f68e13c94ebd1.pkl,1
D:\08_Dataset\Internal\mar2020\pickle_files\d48308d293a01f328c83598ae398dd5e2af3e8bb.pkl,1
D:\08_Dataset\Internal\mar2020\pickle_files\80816cff298e664b6ea5090a0313070110f440ba.pkl,1
D:\08_Dataset\Internal\mar2020\pickle_files\0347396da1ef268e6e15c4eff21be31f3fa1d580.pkl,1
D:\08_Dataset\Internal\mar2020\pickle_files\3049e3f0d14929508b5e86bdc93d4f717af75bf9.pkl,1
D:\08_Dataset\Internal\mar2020\pickle_files\7fa163f3a605e73ad5a1b2e702a3c30083e9e9de.pkl,1
D:\08_Dataset\Internal\mar2020\pickle_files\729004886185303c74945ba640b416c6a95e3314.pkl,1
D:\08_Dataset\Internal\mar2020\pickle_files\fab2ab173c5db13a7dd555b545db3ff0f362a9e4.pkl,1
D:\08_Dataset\Internal\mar2020\pickle_files\e30de645eb9a8fff2440959781135a6119797450.pkl,1
D:\08_Dataset\Internal\mar2020\pickle_files\f862c01a84ba2412716c8a7431668677d8ce8b88.pkl,1
D:\08_Dataset\Internal\mar2020\pickle_files\9f3056a8f5a56dced8b73a005a0feb7b18078a0e.pkl,1
D:\08_Dataset\Internal\mar2020\pickle_files\f44877c367764185148c316100bb3cfb1214b1c6.pkl,1
D:\08_Dataset\Internal\mar2020\pickle_files\e3a6cd860b4b09f21db82f75cf5cef1302308bd8.pkl,1
D:\08_Dataset\Internal\mar2020\pickle_files\245d7daf731437006921bc71a145b951b5013ab1.pkl,1
D:\08_Dataset\Internal\mar2020\pickle_files\69deacc6a5d50a7a0b0511cf0cd52b2bb2138b17.pkl,1
D:\08_Dataset\Internal\mar2020\pickle_files\e2556754f0de978d51f319aab522d80a49438cde.pkl,1
D:\08_Dataset\Internal\mar2020\pickle_files\6d5a2ffe476e52029d5a61f0607653868f0ccbff.pkl,1
D:\08_Dataset\Internal\mar2020\pickle_files\d4f1f8d305703cdca4e524677e88306e184c8188.pkl,1
D:\08_Dataset\Internal\mar2020\pickle_files\e3a281ec7f36006ada687064af3a3fdd6141452b.pkl,1
D:\08_Dataset\Internal\mar2020\pickle_files\691578241c463a932609440c034b31b0f58fa30e.pkl,1
D:\08_Dataset\Internal\mar2020\pickle_files\3f8d6e57855fb7f2d8e260870fd7842aad73b622.pkl,1
D:\08_Dataset\Internal\mar2020\pickle_files\545159d3bcdfa8a4743a1edbef62cdf004f29bbf.pkl,1
D:\08_Dataset\Internal\mar2020\pickle_files\3fe051a2be2e82b911169756aa9f16ff9a523bc9.pkl,1
D:\08_Dataset\Internal\mar2020\pickle_files\019ab426282ee0c130f16ea95982a9af452c1983.pkl,1
D:\08_Dataset\Internal\mar2020\pickle_files\aa1e03f424d7d4d2009090145dd9ee67b9d70486.pkl,1
D:\08_Dataset\Internal\mar2020\pickle_files\a71febbb52bdab8f0603e03f4f49983400c077d3.pkl,1
D:\08_Dataset\Internal\mar2020\pickle_files\c7a40060c814b7d131d439063472b107a2f4c85c.pkl,1
D:\08_Dataset\Internal\mar2020\pickle_files\f115d0d227d6c9f9a7e0ea6e36d066e66eb9b4e5.pkl,1
D:\08_Dataset\Internal\mar2020\pickle_files\bcf65f289c73d3dde549270610dd7677bdb28362.pkl,1
D:\08_Dataset\Internal\mar2020\pickle_files\5e577b200b088a91cf645312841fc1d10cb7832e.pkl,1
D:\08_Dataset\Internal\mar2020\pickle_files\8e67a37a244ed3868376c634268ad405bc221de5.pkl,1
D:\08_Dataset\Internal\mar2020\pickle_files\216e137be8238e85d8fd6d2a2481b0b0bb9dcda7.pkl,1
D:\08_Dataset\Internal\mar2020\pickle_files\2077e4e6323c3db61bb51b7b107d1cdac12d3a2f.pkl,1
D:\08_Dataset\Internal\mar2020\pickle_files\c2320f49c811fa3c74ded1ae21887d641046397a.pkl,1
D:\08_Dataset\Internal\mar2020\pickle_files\4f2ca5972b927138b6238e3d862775653375703f.pkl,1
D:\08_Dataset\Internal\mar2020\pickle_files\bacedb83ca70eda39f6c11f08a4e617bc87c8843.pkl,1
D:\08_Dataset\Internal\mar2020\pickle_files\32a264ed8adf025a2ee5cddf5f5289af79e232c6.pkl,1
D:\08_Dataset\Internal\mar2020\pickle_files\5f555fb5590b7637075366d6e7c80d924c70f892.pkl,1
D:\08_Dataset\Internal\mar2020\pickle_files\2e543ac233f516d72738d57987bb46036988f814.pkl,1
D:\08_Dataset\Internal\mar2020\pickle_files\603a958e051a76edadae6dbfaed14059875f6f01.pkl,1
D:\08_Dataset\Internal\mar2020\pickle_files\6aa3267ffc6c8a863f8bbe2d3984a07d568febe3.pkl,1
D:\08_Dataset\Internal\mar2020\pickle_files\987053b0504854fcc2e33109285707c90d32376c.pkl,1
D:\08_Dataset\Internal\mar2020\pickle_files\c675318e4c181d90b5b3a2fa31bbc03d078786db.pkl,1
D:\08_Dataset\Internal\mar2020\pickle_files\409c0203100fd03f075f00e926e7006e689bd789.pkl,1
D:\08_Dataset\Internal\mar2020\pickle_files\8cfdd50be7cdfc7ce2a26164a074322f8e4373a8.pkl,1
D:\08_Dataset\Internal\mar2020\pickle_files\86e2f8ed1a08f677a748456bcf289bcb66ca9709.pkl,1
D:\08_Dataset\Internal\mar2020\pickle_files\5533de3e191f6c4d9fd23aef5abd91c25c348138.pkl,1
D:\08_Dataset\Internal\mar2020\pickle_files\ed729f3c9b9419a5dca9d0aec253b94883d23d09.pkl,1
D:\08_Dataset\Internal\mar2020\pickle_files\f705d932a1002dc09922a24bc9257f014c6da40b.pkl,1
D:\08_Dataset\Internal\mar2020\pickle_files\8d6863a6224e10931fcea3670c683e5b7b553f74.pkl,1
D:\08_Dataset\Internal\mar2020\pickle_files\57c396fe1aaf579acd8945f3b2160111a0d2d011.pkl,1
D:\08_Dataset\Internal\mar2020\pickle_files\4b70c32dc988ae40dac2625c59c647595ea2a970.pkl,1
D:\08_Dataset\Internal\mar2020\pickle_files\19a465ba007b68c23bd6f788bf628b9f1b0cfd54.pkl,1
D:\08_Dataset\Internal\mar2020\pickle_files\850cae69274551c8ab6fe957997804785b4c9590.pkl,1
D:\08_Dataset\Internal\mar2020\pickle_files\e99660f15c5f283b336308b3f2bd23163cfd5036.pkl,1
D:\08_Dataset\Internal\mar2020\pickle_files\aef71ed53ae9a78e5697cbaf3a0943bc7d6ab96f.pkl,1
D:\08_Dataset\Internal\mar2020\pickle_files\3973828f69858967f10b6e27f68cf3a237181317.pkl,1
D:\08_Dataset\Internal\mar2020\pickle_files\654197bb9ec15bcab625cf533d61c9b2845b3431.pkl,1
D:\08_Dataset\Internal\mar2020\pickle_files\3c78252d520f61c509a9031316f5883d2d5cd8f5.pkl,1
D:\08_Dataset\Internal\mar2020\pickle_files\ac92456f16e156e231e4572eb1bf8a9b5fd51147.pkl,1
D:\08_Dataset\Internal\mar2020\pickle_files\2b9a807c70e3b8bb31fe52bb6e230a76f4bfe62e.pkl,1
D:\08_Dataset\Internal\mar2020\pickle_files\84c9eb83377387d1cf595b8f65a781ab9de462e0.pkl,1
D:\08_Dataset\Internal\mar2020\pickle_files\c3a9de9fd80cb618fbcef407d81e59f1431c49f8.pkl,1
D:\08_Dataset\Internal\mar2020\pickle_files\c9278d31fb4d5c4bd600b9f3bbe5f1970a9c6a67.pkl,1
D:\08_Dataset\Internal\mar2020\pickle_files\284e7a3f22a6638af70d4a664cf8ecad21238b1d.pkl,1
D:\08_Dataset\Internal\mar2020\pickle_files\9dce39ac1bd36d877fdb0025ee88fdaff0627cdb.pkl,1
D:\08_Dataset\Internal\mar2020\pickle_files\11f30de7c78d83d72866ce50dda54188957fe5dd.pkl,1
D:\08_Dataset\Internal\mar2020\pickle_files\f32a590da00b233f1b1fa58031bbeee2c0f6fa4f.pkl,1
D:\08_Dataset\Internal\mar2020\pickle_files\66ed3b7cd172d86bbea155552b26e4fc4c29698f.pkl,1
D:\08_Dataset\Internal\mar2020\pickle_files\c59aa574b712129f6e3aa299a8e10786f4a10173.pkl,1
D:\08_Dataset\Internal\mar2020\pickle_files\8e46ed7f5b3219c477f2adf55ad83232ba70e8e2.pkl,1
D:\08_Dataset\Internal\mar2020\pickle_files\03957e403eb72f20f72fd71c198ed700bdcc9cd5.pkl,1
D:\08_Dataset\Internal\mar2020\pickle_files\15a53376419cb20dfb9a68b3f61d4e2d0c7f4fca.pkl,1
D:\08_Dataset\Internal\mar2020\pickle_files\f03acf8d356ef40b5b72be4fed82cbed31cf89a2.pkl,1
D:\08_Dataset\Internal\mar2020\pickle_files\193c97d3bde75bce15d2fbe33cbcc5feff27bbd2.pkl,1
D:\08_Dataset\Internal\mar2020\pickle_files\dd7b382f1cbae079c1b983ac334d47379f27b953.pkl,1
D:\08_Dataset\Internal\mar2020\pickle_files\75194b09b39f4c621b53d716fb7cec82b14e8aae.pkl,1
D:\08_Dataset\Internal\mar2020\pickle_files\3d193532c033f295f5230b74ad275b8976100041.pkl,1
D:\08_Dataset\Internal\mar2020\pickle_files\d42f2d68c1da0c438158b6e87199d7b2f1d4aa6b.pkl,1
D:\08_Dataset\Internal\mar2020\pickle_files\40ec3aeced3b9b55646469d38b2b87908f41f383.pkl,1
D:\08_Dataset\Internal\mar2020\pickle_files\ddc066d689a303142055785315a6506182fa68dc.pkl,1
D:\08_Dataset\Internal\mar2020\pickle_files\95b14226117a07ec57cb225d54ed6cbb84f99d24.pkl,1
D:\08_Dataset\Internal\mar2020\pickle_files\1aaa223cc27b3b54a33919642e9f72de25c9fee5.pkl,1
D:\08_Dataset\Internal\mar2020\pickle_files\654b8460169cc8c247bb26daf7821d6f67081633.pkl,1
D:\08_Dataset\Internal\mar2020\pickle_files\c9118e9dfafa017447287a5df452ad53684de9c5.pkl,1
D:\08_Dataset\Internal\mar2020\pickle_files\8d2167dade5875a2ce9dda1d63d3d7873d70e435.pkl,1
D:\08_Dataset\Internal\mar2020\pickle_files\752735b9f7b567f16bbd71ffe3cab50d5c2e0c3b.pkl,1
D:\08_Dataset\Internal\mar2020\pickle_files\1c36bd1eebfec42dfe62173f7037e017a4c857bd.pkl,1
D:\08_Dataset\Internal\mar2020\pickle_files\d7539114b065ee04af1bf2eadc252bc501900312.pkl,1
D:\08_Dataset\Internal\mar2020\pickle_files\7933690e5169b6acad01d5c351f87e1f935e4ddb.pkl,1
D:\08_Dataset\Internal\mar2020\pickle_files\10e62f925545163ac16891a8c19ae328193de5ac.pkl,1
D:\08_Dataset\Internal\mar2020\pickle_files\fdec9d3f9e5053e912814b5154bcbbfe1c61a7f8.pkl,1
D:\08_Dataset\Internal\mar2020\pickle_files\804d937ecb6318f0123d72b44b29543de2483407.pkl,1
D:\08_Dataset\Internal\mar2020\pickle_files\66e2545986845312ed7e5ecc5fbf369aae878153.pkl,1
D:\08_Dataset\Internal\mar2020\pickle_files\62724d883f43e4a3a7bb71809221571644f9376a.pkl,1
D:\08_Dataset\Internal\mar2020\pickle_files\6e147a51b0e3dc6c04f4668facdbd2b7514da22c.pkl,1
D:\08_Dataset\Internal\mar2020\pickle_files\4223305da7914aedb9d7bcd166c1d6a757607219.pkl,1
D:\08_Dataset\Internal\mar2020\pickle_files\686b883109db6fd73207b39006a082fc5b5cc4e0.pkl,1
D:\08_Dataset\Internal\mar2020\pickle_files\de2c957692095c83a21171104536e0fc8042f65b.pkl,1
D:\08_Dataset\Internal\mar2020\pickle_files\56a257a207339f119fd3930b5b246bb6c1d59bce.pkl,1
D:\08_Dataset\Internal\mar2020\pickle_files\58ee6eb1e0c7ebe18f9ad0fda832d6bc4c42371e.pkl,1
D:\08_Dataset\Internal\mar2020\pickle_files\63986f5c1f9f7a224a9eddbe3337941a75ef4d63.pkl,1
D:\08_Dataset\Internal\mar2020\pickle_files\21da8e49a224223f10663d12edb120c8882119ec.pkl,1
D:\08_Dataset\Internal\mar2020\pickle_files\823c0b36563c07a6b2e7e1a44bcd6b087e4ae513.pkl,1
D:\08_Dataset\Internal\mar2020\pickle_files\bf4b1f5051086b0119a8baca662b08cdb903909d.pkl,1
D:\08_Dataset\Internal\mar2020\pickle_files\40fc2dfaf2917e81b793c0db451185c7427fdfe3.pkl,1
D:\08_Dataset\Internal\mar2020\pickle_files\83bf8362eb2d0c34107b3e7cd5674e69ad941b41.pkl,1
D:\08_Dataset\Internal\mar2020\pickle_files\b8ed25311fe7e205e4b13bbae8a5fa96fe653519.pkl,1
D:\08_Dataset\Internal\mar2020\pickle_files\1651c5428b1c4539937ae2d425fc80caf92e2109.pkl,1
D:\08_Dataset\Internal\mar2020\pickle_files\864c19877c72b2d5b98a8d2ea85113884d2df71e.pkl,1
D:\08_Dataset\Internal\mar2020\pickle_files\287d579980ead59559d72d07967f36aa2858c584.pkl,1
D:\08_Dataset\Internal\mar2020\pickle_files\304001b8664f5b6642be14a32310ad038e1a4e84.pkl,1
D:\08_Dataset\Internal\mar2020\pickle_files\ad1486259999d9848454da335a30deebe29f0380.pkl,1
D:\08_Dataset\Internal\mar2020\pickle_files\c8b29ad79d031113caf802af6d089dfbacd13a9b.pkl,1
D:\08_Dataset\Internal\mar2020\pickle_files\d6d9024c687a74e56e9ea81f8a96b08c4325d629.pkl,1
D:\08_Dataset\Internal\mar2020\pickle_files\c532616424164bbd0d6364d6b423c2958949adc0.pkl,1
D:\08_Dataset\Internal\mar2020\pickle_files\d40832b6096f601448ea765f9214072d129f6ca2.pkl,1
D:\08_Dataset\Internal\mar2020\pickle_files\ec087911519a7da9120e8634e0667cd46271355e.pkl,1
D:\08_Dataset\Internal\mar2020\pickle_files\8fced44773bd830e32565c91b7bc1dbaf7f10040.pkl,1
D:\08_Dataset\Internal\mar2020\pickle_files\0863cd970ea654f6eaff839bc55a56b36eae371b.pkl,1
D:\08_Dataset\Internal\mar2020\pickle_files\aade9f325c5c6e75c24c1e5976704f7b088b9bb7.pkl,1
D:\08_Dataset\Internal\mar2020\pickle_files\038c4daa6605beece994bde444dd45c3685980fe.pkl,1
D:\08_Dataset\Internal\mar2020\pickle_files\6f86aef6041b04b28aed62ed6c32c38728a0622c.pkl,1
D:\08_Dataset\Internal\mar2020\pickle_files\95c5b4d3eda34f567ddf80f969c3c3298263536e.pkl,1
D:\08_Dataset\Internal\mar2020\pickle_files\b589480fff888e59859fbf5a3cd9009e89434110.pkl,1
D:\08_Dataset\Internal\mar2020\pickle_files\cc9492c22c9661cd09978fa4f43efd830b89dc00.pkl,1
D:\08_Dataset\Internal\mar2020\pickle_files\fe61049eded2b4c8f28e3fb2268eeee5325d25c2.pkl,1
D:\08_Dataset\Internal\mar2020\pickle_files\ff686d47f56d2360d331a97c7f89ab7816f8d040.pkl,1
D:\08_Dataset\Internal\mar2020\pickle_files\2bc6530a8ddd8351c3403b9f883ba37a9fe40035.pkl,1
D:\08_Dataset\Internal\mar2020\pickle_files\864d0b1ee0c790a083aaa41b3cbedefcf2f99bb9.pkl,1
D:\08_Dataset\Internal\mar2020\pickle_files\7624f3e821856336bf952b4d624523d42cc9d0df.pkl,1
D:\08_Dataset\Internal\mar2020\pickle_files\290fc61d15bdd73860413a6db26312ccdb326a1a.pkl,1
D:\08_Dataset\Internal\mar2020\pickle_files\662a5471188697ffc835009015ba33d45c4627ab.pkl,1
D:\08_Dataset\Internal\mar2020\pickle_files\caa8f8ac5c01b803af607c27ff318111806884ae.pkl,1
D:\08_Dataset\Internal\mar2020\pickle_files\32178fc2525cb1739c5ddbdceb3d86e414b87bb5.pkl,1
D:\08_Dataset\Internal\mar2020\pickle_files\ec0caa1ae538168d4de5dccddac71f6c74cc9635.pkl,1
D:\08_Dataset\Internal\mar2020\pickle_files\56f7ef6dbbf23789f54a8be4ed2a6871d14f0c23.pkl,1
D:\08_Dataset\Internal\mar2020\pickle_files\f772df6fb821e96f92d8f2d2ab4733f4cfce21f8.pkl,1
D:\08_Dataset\Internal\mar2020\pickle_files\4bae87fafa50024f489e572dc65b02f5ae6b6472.pkl,1
D:\08_Dataset\Internal\mar2020\pickle_files\9827b1e401670654f55ed574f003b6eaa6a047bf.pkl,1
D:\08_Dataset\Internal\mar2020\pickle_files\07c73256641c0eeeca3dd3c7498c0dabc640ffa5.pkl,1
D:\08_Dataset\Internal\mar2020\pickle_files\bc08e88ce4944971e9c16df85f1215caff42ad50.pkl,1
D:\08_Dataset\Internal\mar2020\pickle_files\2d5bf45f131d6a401b887ff311268504b7b41708.pkl,1
D:\08_Dataset\Internal\mar2020\pickle_files\7d0461c25849a57013450dfdd60dae46edfc24e8.pkl,1
D:\08_Dataset\Internal\mar2020\pickle_files\d98a8f60e92def418378ccb5064e618637bf414c.pkl,1
D:\08_Dataset\Internal\mar2020\pickle_files\ff4ab8ad46e12fad0a3ab20cf31ed44493556a77.pkl,1
D:\08_Dataset\Internal\mar2020\pickle_files\e493ae2f1fe4dd68b1f3d28cb03a2586c481417c.pkl,1
D:\08_Dataset\Internal\mar2020\pickle_files\2c037f9e0af48fa4932c416d8e4b79345a0e50f8.pkl,1
D:\08_Dataset\Internal\mar2020\pickle_files\6afa8f32eb78c3653ba2fa842e51d3cbc28ae083.pkl,1
D:\08_Dataset\Internal\mar2020\pickle_files\b640f22ecbf47ffbcbbd7ef455d48193b987cf65.pkl,1
D:\08_Dataset\Internal\mar2020\pickle_files\ae4081ca9fe0f8c959959b2c7b72f3ae7d549432.pkl,1
D:\08_Dataset\Internal\mar2020\pickle_files\e5a38fb7906cfbe7962688f10eb4bcf96e2d40b1.pkl,1
D:\08_Dataset\Internal\mar2020\pickle_files\8ead354c47c136d38073eee5133861c80a13f218.pkl,1
D:\08_Dataset\Internal\mar2020\pickle_files\dfd5b3b303a976c66546fa2f74c4153a1862e978.pkl,1
D:\08_Dataset\Internal\mar2020\pickle_files\4496138308234d2cf4f2b04a7cd93e3df7cd98f9.pkl,1
D:\08_Dataset\Internal\mar2020\pickle_files\8121615b9eb0781d9e228d18206a6777eb7efbfa.pkl,1
D:\08_Dataset\Internal\mar2020\pickle_files\15170cd30e99fd0158b77302bd19d20c9c46f65f.pkl,1
D:\08_Dataset\Internal\mar2020\pickle_files\1ce1d13b306426ccacbfa94bddbb06c685ab0c84.pkl,1
D:\08_Dataset\Internal\mar2020\pickle_files\54da6c97904867de4492527fd121ebc38607338f.pkl,1
D:\08_Dataset\Internal\mar2020\pickle_files\8f0f6139bdb13d4c42b1accbd126d5bcd5fc1420.pkl,1
D:\08_Dataset\Internal\mar2020\pickle_files\b1bc31f8906b9d07dbd2d78310df90154d5a581c.pkl,1
D:\08_Dataset\Internal\mar2020\pickle_files\c90673db7dd9f40b494f027fd64359ab57dd96f3.pkl,1
D:\08_Dataset\Internal\mar2020\pickle_files\f6c8595f3eaa49930b7bb97baae05e3efd92ab21.pkl,1
D:\08_Dataset\Internal\mar2020\pickle_files\a310e311c66aa386cb28e92d3610cf1beee744b8.pkl,1
D:\08_Dataset\Internal\mar2020\pickle_files\8e7af725b84b31af2782af46c699d1935cc71a60.pkl,1
D:\08_Dataset\Internal\mar2020\pickle_files\4b6d382d0466e01be9b08684db5df840d8939fd2.pkl,1
D:\08_Dataset\Internal\mar2020\pickle_files\17308a7b3888a573334d50734a2bd1a6b58e29e1.pkl,1
D:\08_Dataset\Internal\mar2020\pickle_files\f594ed6b868090f53245b4d3e74e4f9288a5fdc9.pkl,1
D:\08_Dataset\Internal\mar2020\pickle_files\c8a2cab050b50114f89e05f22dedc330763f5659.pkl,1
D:\08_Dataset\Internal\mar2020\pickle_files\8bd385ec01d20090213a8b8e1dacf025be5ecf1c.pkl,1
D:\08_Dataset\Internal\mar2020\pickle_files\db958c92f70ee50d9d47d710872ffa623b492222.pkl,1
D:\08_Dataset\Internal\mar2020\pickle_files\447c53d12a52370621083629a4f13df4e603a4d6.pkl,1
D:\08_Dataset\Internal\mar2020\pickle_files\f5c0149e6af64c3d591aac04170482bce6c963cf.pkl,1
D:\08_Dataset\Internal\mar2020\pickle_files\285a596e2080ca131ea28721c267aa5aa84e25af.pkl,1
D:\08_Dataset\Internal\mar2020\pickle_files\6d737e32983b1400e5549a709d46ac52a1fda673.pkl,1
D:\08_Dataset\Internal\mar2020\pickle_files\a808860e2f2eebfd10f33f66a8b8c24f2c3bec63.pkl,1
D:\08_Dataset\Internal\mar2020\pickle_files\eb9c50b6aefee69f854d9ea6b24e2811a71f4e70.pkl,1
D:\08_Dataset\Internal\mar2020\pickle_files\db4e5b8f9f242ed6167093a5f736dcea940b6e82.pkl,1
D:\08_Dataset\Internal\mar2020\pickle_files\e6df64678d64134fb0c3e993ec43c856cdbecb2c.pkl,1
D:\08_Dataset\Internal\mar2020\pickle_files\93faa9349fcd80c567ac3e95ecd6d68d2e365590.pkl,1
D:\08_Dataset\Internal\mar2020\pickle_files\467be063b48ffafe72494840aacba23e4130ed83.pkl,1
D:\08_Dataset\Internal\mar2020\pickle_files\9ccaf5ec2268c2c94606ad207d5001e1fd73e36a.pkl,1
D:\08_Dataset\Internal\mar2020\pickle_files\c54440f0967e96a038d36c394e11c6aadc32c39c.pkl,1
D:\08_Dataset\Internal\mar2020\pickle_files\d60f46a70795826df9fe2a39a30dfe8b3145f725.pkl,1
D:\08_Dataset\Internal\mar2020\pickle_files\f0100178c8947c86f64669df58b6ca3035357084.pkl,1
D:\08_Dataset\Internal\mar2020\pickle_files\2d8182e23e0bc0d96ba5d1f8e32953703fd26eac.pkl,1
D:\08_Dataset\Internal\mar2020\pickle_files\4748073c807d0ca55fb19b07feca5be2b4e4d724.pkl,1
D:\08_Dataset\Internal\mar2020\pickle_files\5445424f11d73ea2209a9833eecc1802c54594ef.pkl,1
D:\08_Dataset\Internal\mar2020\pickle_files\f3531049468bf58b8945ea3b4779d26a84ff39e8.pkl,1
D:\08_Dataset\Internal\mar2020\pickle_files\18bd50fcfd18997e77df8f053899116e215a0a4b.pkl,1
D:\08_Dataset\Internal\mar2020\pickle_files\db910c5aa96edf888af3b130459dc4e128c89ff4.pkl,1
D:\08_Dataset\Internal\mar2020\pickle_files\6b43280c5bc68cc3a995b1857a58dcf5856997a7.pkl,1
D:\08_Dataset\Internal\mar2020\pickle_files\411370b1a7a4cc7bc6f1ea1a5ed3e8d5a6e402a3.pkl,1
D:\08_Dataset\Internal\mar2020\pickle_files\81c9c862dbd0fa3c43a063e0942658536336dc9e.pkl,1
D:\08_Dataset\Internal\mar2020\pickle_files\0eaae6a5a544f3f1c4910325f3b8197b5098e158.pkl,1
D:\08_Dataset\Internal\mar2020\pickle_files\eb9adbddbaad4d2d319322994d4a2c6b825757a8.pkl,1
D:\08_Dataset\Internal\mar2020\pickle_files\ff95451cbe47a0a35e2c44e20d12c5bd013d291d.pkl,1
D:\08_Dataset\Internal\mar2020\pickle_files\e54e3ba618a2273f2f9c0fa92813fb1e1c368416.pkl,1
D:\08_Dataset\Internal\mar2020\pickle_files\1759da236cbde8a4510fa75c9f16c9d038f25cb1.pkl,1
D:\08_Dataset\Internal\mar2020\pickle_files\37973f7d259ddae8da7587eaecd9feab5fe4b452.pkl,1
D:\08_Dataset\Internal\mar2020\pickle_files\cadd47ff13d6c2571a7aca9f6e6f731d2cf826ed.pkl,1
D:\08_Dataset\Internal\mar2020\pickle_files\5601b22daa24d0b77b584ade8f6d4a47cdfc07a0.pkl,1
D:\08_Dataset\Internal\mar2020\pickle_files\bf044f8a17b18943d85239ac5376804929224ea3.pkl,1
D:\08_Dataset\Internal\mar2020\pickle_files\114f57d5e6fff48bf4f41f37b1b83acf34a89443.pkl,1
D:\08_Dataset\Internal\mar2020\pickle_files\38ab09ead88db7fe2b9bc5e8d7c59eb24306bdf1.pkl,1
D:\08_Dataset\Internal\mar2020\pickle_files\ecabbcadcc5f7368b048f69631de9e7ac8847b6b.pkl,1
D:\08_Dataset\Internal\mar2020\pickle_files\9dad5e0f8ca023ad80b6c22c5de68eac9877a6cd.pkl,1
D:\08_Dataset\Internal\mar2020\pickle_files\0f08824af304762f97abbc49200f5d7412b0840b.pkl,1
D:\08_Dataset\Internal\mar2020\pickle_files\5088b62236dd35c39631bda40daeb225d4d9278b.pkl,1
D:\08_Dataset\Internal\mar2020\pickle_files\1b3322072f7e7ea3c49cdea95526fdcf64dfe24c.pkl,1
D:\08_Dataset\Internal\mar2020\pickle_files\9b1f849c14db262a80f9cedf6ca3379903f36809.pkl,1
D:\08_Dataset\Internal\mar2020\pickle_files\f3c3019d0d58b9793d219565cc7d28fac1f22b49.pkl,1
D:\08_Dataset\Internal\mar2020\pickle_files\f0328e840b82dc63654fb656bc802ce3d1b4a0a1.pkl,1
D:\08_Dataset\Internal\mar2020\pickle_files\5b134e14c799b761405bd54ee66d30e0d54aff8c.pkl,1
D:\08_Dataset\Internal\mar2020\pickle_files\7776839b41bc35fb4b5f71a0970ea3eb807ae141.pkl,1
D:\08_Dataset\Internal\mar2020\pickle_files\497007298f86d33a02838e6a4ccc80b76b2e65f9.pkl,1
D:\08_Dataset\Internal\mar2020\pickle_files\f2021307e8cf5037430d2cceb6e4ed5c94fa0a75.pkl,1
D:\08_Dataset\Internal\mar2020\pickle_files\2dd2f4ae911ccd98a02959c7be53da5754214886.pkl,1
D:\08_Dataset\Internal\mar2020\pickle_files\83d9f896da54fa80bea38a439ed98cefb8471a0f.pkl,1
D:\08_Dataset\Internal\mar2020\pickle_files\cabb1806a2dfd2e7099a72e39c5d9f9e8b7a9afc.pkl,1
D:\08_Dataset\Internal\mar2020\pickle_files\a1e8a0b62d64e63afbada3b05b6dd87c1ca6e43c.pkl,1
D:\08_Dataset\Internal\mar2020\pickle_files\7da6f2527a3d98c0b4d2434a91aec674ba67690c.pkl,1
D:\08_Dataset\Internal\mar2020\pickle_files\fb57faf3542a3574f89af887b07297aea09e5e7b.pkl,1
D:\08_Dataset\Internal\mar2020\pickle_files\4b0d224b13591d1987877d71657516fb1999d511.pkl,1
D:\08_Dataset\Internal\mar2020\pickle_files\9b16f7a6d7df773337a26e23497c973f92917649.pkl,1
D:\08_Dataset\Internal\mar2020\pickle_files\045932628f4908e5baba87d5652a2ee34f3b73fe.pkl,1
D:\08_Dataset\Internal\mar2020\pickle_files\cf95b5993769b69e8d45e92fca04b2ba513044d6.pkl,1
D:\08_Dataset\Internal\mar2020\pickle_files\676dbcfe25716ea8c319722329129a4a1c53868b.pkl,1
D:\08_Dataset\Internal\mar2020\pickle_files\6e00280e6a024287b21705942f5e12fe19c2b278.pkl,1
D:\08_Dataset\Internal\mar2020\pickle_files\77c0128cca85e494626253e30be9b4171f4a0dfe.pkl,1
D:\08_Dataset\Internal\mar2020\pickle_files\8cb784e69379fe0ebfb26611932c5150c4239307.pkl,1
D:\08_Dataset\Internal\mar2020\pickle_files\b3ed142653ddb7ca5d99daeed4bc3232c2d94f52.pkl,1
D:\08_Dataset\Internal\mar2020\pickle_files\0bc823747f0058a52c689c3b90d2d6dda58896c8.pkl,1
D:\08_Dataset\Internal\mar2020\pickle_files\d613e1d997bfe4d2f03ff11a7e927bee719f7174.pkl,1
D:\08_Dataset\Internal\mar2020\pickle_files\0cbc52b1a5ac395b2fcd326d6f60a8ee8b17cbc1.pkl,1
D:\08_Dataset\Internal\mar2020\pickle_files\6bb1e34e4c8e8db9fa8814078a7974acb48ef816.pkl,1
D:\08_Dataset\Internal\mar2020\pickle_files\b8c7b11c305601ddc71b74f344396ac3c528139d.pkl,1
D:\08_Dataset\Internal\mar2020\pickle_files\d39c98ed12c6a1ee17a13d3639a0671e663968ae.pkl,1
D:\08_Dataset\Internal\mar2020\pickle_files\85bdeb2cc97e2b62bb5ee44d5d9861d018f1d951.pkl,1
D:\08_Dataset\Internal\mar2020\pickle_files\66b60e7edf1187d37de385ffab5d2590f41f258e.pkl,1
D:\08_Dataset\Internal\mar2020\pickle_files\73cbee0e682d1acafd4448fee6e9907655b3fd41.pkl,1
D:\08_Dataset\Internal\mar2020\pickle_files\693e39e7e32df1fdaa50c8df3628c5be8b4f282d.pkl,1
D:\08_Dataset\Internal\mar2020\pickle_files\7c684090afd574c478ea7beaed8c5537ab8ad55d.pkl,1
D:\08_Dataset\Internal\mar2020\pickle_files\a7e0971caf20b21b8613c2a28a15a56dc6c4c863.pkl,1
D:\08_Dataset\Internal\mar2020\pickle_files\0861ae896f8b97c7fe32ed3859d4613ff4428754.pkl,1
D:\08_Dataset\Internal\mar2020\pickle_files\0f6700d1f5b087a93a6ffae4df5bf828f3bcf3d9.pkl,1
D:\08_Dataset\Internal\mar2020\pickle_files\faebd6c3350eb9ba683b4ee134aa7c6c4a12402e.pkl,1
D:\08_Dataset\Internal\mar2020\pickle_files\25acb8121b2ff011d5ced050b8588acea3527e1a.pkl,1
D:\08_Dataset\Internal\mar2020\pickle_files\c65bf134d5459881899fa1752e6cff04d0056f1c.pkl,1
D:\08_Dataset\Internal\mar2020\pickle_files\d7bb421dba210093096ddbd73b2dc6671b84bd6f.pkl,1
D:\08_Dataset\Internal\mar2020\pickle_files\f69d060d357fb0bc5a22609633f4e8b75e7e59d4.pkl,1
D:\08_Dataset\Internal\mar2020\pickle_files\ea6be3601ed75b15c796952b3b2b8d83d1437d15.pkl,1
D:\08_Dataset\Internal\mar2020\pickle_files\7ec01ec096f88da0de14973f34fabe239b699b1a.pkl,1
D:\08_Dataset\Internal\mar2020\pickle_files\587cc69e0ed62465cb3ea22e7bc0efb69cc0eb02.pkl,1
D:\08_Dataset\Internal\mar2020\pickle_files\7fc5e69769525d851e1d629157b3a198d0310672.pkl,1
D:\08_Dataset\Internal\mar2020\pickle_files\834f24c4ef4ef887a135bbdd0b8bcfc866b8b5e3.pkl,1
D:\08_Dataset\Internal\mar2020\pickle_files\34eb558d282063f4a73570e61ecb4d85585ae829.pkl,1
D:\08_Dataset\Internal\mar2020\pickle_files\64da6b74b2979611b435a772e2a99d26bc280171.pkl,1
D:\08_Dataset\Internal\mar2020\pickle_files\3ab6180def12cf3ad993a052ef8b8b8e8f5f4393.pkl,1
D:\08_Dataset\Internal\mar2020\pickle_files\eb4ebb711d998a0883cdc274859354696753dbf2.pkl,1
D:\08_Dataset\Internal\mar2020\pickle_files\487a85381dad44ca204840963359e5b2fe29a768.pkl,1
D:\08_Dataset\Internal\mar2020\pickle_files\91cdf9698b0fcc04ee5de9dbb2b21ef7513940d1.pkl,1
D:\08_Dataset\Internal\mar2020\pickle_files\3b85509d4416bbe0b4e2cce6c0b4cf6c85cc58f3.pkl,1
D:\08_Dataset\Internal\mar2020\pickle_files\2026510f8b567c0a0531ce0674a8995169544afe.pkl,1
D:\08_Dataset\Internal\mar2020\pickle_files\e9e8f45f5c29b3d414a7b22f2a847347c574f024.pkl,1
D:\08_Dataset\Internal\mar2020\pickle_files\5c7dbf2be292fd6ec76f0eca10b39880c41e1ba9.pkl,1
D:\08_Dataset\Internal\mar2020\pickle_files\89240d63336ea9a7bf1c5f9f4e35c79601e43e7d.pkl,1
D:\08_Dataset\Internal\mar2020\pickle_files\144b5dbc941ef80b4fdc1c703db28d26caf88ce5.pkl,1
D:\08_Dataset\Internal\mar2020\pickle_files\48b4cdfbbb631d1d27c0f7dc59d7806930690445.pkl,1
D:\08_Dataset\Internal\mar2020\pickle_files\d756893ed86ac8cecd3f79bf0281242842d89ed4.pkl,1
D:\08_Dataset\Internal\mar2020\pickle_files\d1097b40304d150cd65214e263e405b9e4736b72.pkl,1
D:\08_Dataset\Internal\mar2020\pickle_files\69bb90ccce3ebf3dda2fa27936d9b36b55411ece.pkl,1
D:\08_Dataset\Internal\mar2020\pickle_files\b7947c8ea58985f03815160a08432503b81d18bb.pkl,1
D:\08_Dataset\Internal\mar2020\pickle_files\b33b5fd76deb60d1ce2fdd967f0c4da6bc2d8f66.pkl,1
D:\08_Dataset\Internal\mar2020\pickle_files\7e19a2e3eb4463bae242ea4496a8c98e21d9efa6.pkl,1
D:\08_Dataset\Internal\mar2020\pickle_files\053c55754e705cf2a525be5b170f8f937f33e020.pkl,1
D:\08_Dataset\Internal\mar2020\pickle_files\4a9848bd36584fbc5c25120111b830cdf8e3af01.pkl,1
D:\08_Dataset\Internal\mar2020\pickle_files\32f2dae8c3bde9e6d67b70f350703cd60960ee71.pkl,1
D:\08_Dataset\Internal\mar2020\pickle_files\4a5651836042b7f72b91e6db13aed4d89d61af9e.pkl,1
D:\08_Dataset\Internal\mar2020\pickle_files\d5c92324e809689c8a029b4c4e43b07e4a9bc9db.pkl,1
D:\08_Dataset\Internal\mar2020\pickle_files\b7da64d997f7913c41b691d18c5ebac9443bf375.pkl,1
D:\08_Dataset\Internal\mar2020\pickle_files\814a5304702100b49eb087f4678fcdb88726bf3f.pkl,1
D:\08_Dataset\Internal\mar2020\pickle_files\9ab4f08b9dfabae53cb8fe0e68a75002351bbf2c.pkl,1
D:\08_Dataset\Internal\mar2020\pickle_files\aebd55b97f93cca4c50deef4f1553a9f573dcf99.pkl,1
D:\08_Dataset\Internal\mar2020\pickle_files\367435fb1a7a81c358de5c54e25d194347e001bb.pkl,1
D:\08_Dataset\Internal\mar2020\pickle_files\88dbe036e530f789a23d7fd318eb5e2dbe67688f.pkl,1
D:\08_Dataset\Internal\mar2020\pickle_files\f43c86dec4d4da7702bfbc2670b18ddb5023c35f.pkl,1
D:\08_Dataset\Internal\mar2020\pickle_files\f965006ea0b560b648bdc6fb3626295f9b2d691b.pkl,1
D:\08_Dataset\Internal\mar2020\pickle_files\5884de857fd04825beeb988964efc9eae442e2a1.pkl,1
D:\08_Dataset\Internal\mar2020\pickle_files\860ee7c93496c6bf3565511f267f58d8e2900e93.pkl,1
D:\08_Dataset\Internal\mar2020\pickle_files\ee6ed24eb894103a7e3fcb05b0eca4133f2fecc9.pkl,1
D:\08_Dataset\Internal\mar2020\pickle_files\66fcd1de22fa9de744ac72f2b2c49c69e0509b2d.pkl,1
D:\08_Dataset\Internal\mar2020\pickle_files\994ba762c34d1b3a10d5e986513bbb7e52bbc2cf.pkl,1
D:\08_Dataset\Internal\mar2020\pickle_files\7768dc25cd2a755acdd5db311b7094aadbf9fdd4.pkl,1
D:\08_Dataset\Internal\mar2020\pickle_files\5fafdb4eb32bbf97bc68beddace3155b2eaccc23.pkl,1
D:\08_Dataset\Internal\mar2020\pickle_files\9443113408ea9967e7fbe409f8b410bfebe44797.pkl,1
D:\08_Dataset\Internal\mar2020\pickle_files\5dc9065d7a9ea9888f535b599453a693a676c7bb.pkl,1
D:\08_Dataset\Internal\mar2020\pickle_files\5c8d123c45b692ae0a547899464e5e8b78e6f0b0.pkl,1
D:\08_Dataset\Internal\mar2020\pickle_files\4d05d632de6afb549d2500b20f933c5ddf8178a9.pkl,1
D:\08_Dataset\Internal\mar2020\pickle_files\962187d364d0887d8ba63da314cb6c43edb1bdaa.pkl,1
D:\08_Dataset\Internal\mar2020\pickle_files\357d84d3292bd9bb8acd41525291c87d52564936.pkl,1
D:\08_Dataset\Internal\mar2020\pickle_files\c7bbebe8193d3aaaa7f513d395a6be552b21624f.pkl,1
D:\08_Dataset\Internal\mar2020\pickle_files\6df44b35c46c19757409120a52708bb7524f9fdd.pkl,1
D:\08_Dataset\Internal\mar2020\pickle_files\af55fe5f9f11034e5440a33bde71f577f9e3108c.pkl,1
D:\08_Dataset\Internal\mar2020\pickle_files\4d88d50c4864a3cfc6c09818e7282b64202ac2d4.pkl,1
D:\08_Dataset\Internal\mar2020\pickle_files\681d4802c14ea6d27e2ff46710eb75597451249f.pkl,1
D:\08_Dataset\Internal\mar2020\pickle_files\7c745bd26db38ee355f59360c42ca5a37e4c7d18.pkl,1
D:\08_Dataset\Internal\mar2020\pickle_files\d5acd27d0c81b93e6074ce62ea7925507cd1cc48.pkl,1
D:\08_Dataset\Internal\mar2020\pickle_files\9e9f2fbcf83809ca73432d42b8b57254c9ebf3cd.pkl,1
D:\08_Dataset\Internal\mar2020\pickle_files\e302a18e2564390ff1c8220e34db253580483031.pkl,1
D:\08_Dataset\Internal\mar2020\pickle_files\f15427fe714b640499135f0d4ded4c2a6e7314b8.pkl,1
D:\08_Dataset\Internal\mar2020\pickle_files\22cdb5f6c780dedd657493709fd29517ea88ea41.pkl,1
D:\08_Dataset\Internal\mar2020\pickle_files\2e01a3ea93e0da21f2058f9c977b6b3d5721c295.pkl,1
D:\08_Dataset\Internal\mar2020\pickle_files\47642933396352702cdef166feb9b1ddde0451e5.pkl,1
D:\08_Dataset\Internal\mar2020\pickle_files\f1bfcd39a73711969993b51cae7e708e8d95a555.pkl,1
D:\08_Dataset\Internal\mar2020\pickle_files\52e8a95fecbdc349cb4012de37a93e340463be41.pkl,1
D:\08_Dataset\Internal\mar2020\pickle_files\f0305b92e443a0336a8315318e35a415b84d5181.pkl,1
D:\08_Dataset\Internal\mar2020\pickle_files\8bab19dc991a14628c9f9fe790cce42ed6790b1f.pkl,1
D:\08_Dataset\Internal\mar2020\pickle_files\6b3ece0c648f5e1907894b1cf0f2c0c649d3287c.pkl,1
D:\08_Dataset\Internal\mar2020\pickle_files\caf81ba6d55b267c40ed919b0a1b83022b7987f5.pkl,1
D:\08_Dataset\Internal\mar2020\pickle_files\34b9baffc913ac2c23df1982b8a09e9dad707b7f.pkl,1
D:\08_Dataset\Internal\mar2020\pickle_files\3b6f66eb11df0190f03ef22acbedef3f41c6839c.pkl,1
D:\08_Dataset\Internal\mar2020\pickle_files\bb4a68754066286e983e3620ac3d51022666933b.pkl,1
D:\08_Dataset\Internal\mar2020\pickle_files\626dbf5ff8ba5f574ccd97e51a7864cad1d809a7.pkl,1
D:\08_Dataset\Internal\mar2020\pickle_files\4c249f5a37c136d3f22fb5947337a2cbc9a13088.pkl,1
D:\08_Dataset\Internal\mar2020\pickle_files\51b346af2d2cda24a81b47a3dbd370ca23de610f.pkl,1
D:\08_Dataset\Internal\mar2020\pickle_files\4abced15341db093c02761e72e880f5e970f29c3.pkl,1
D:\08_Dataset\Internal\mar2020\pickle_files\5e79ee0be8664eb81685950ebf9060758eb03b07.pkl,1
D:\08_Dataset\Internal\mar2020\pickle_files\3c49c526a64ae6dec6018f208d206e8802d14ae0.pkl,1
D:\08_Dataset\Internal\mar2020\pickle_files\36112c58e8d479ac16bdd7393a5bc8370b5d1aa7.pkl,1
D:\08_Dataset\Internal\mar2020\pickle_files\45ac289adab647a8d98dee1e1fe1dc84aee7cbab.pkl,1
D:\08_Dataset\Internal\mar2020\pickle_files\746a84422cfd5d544d16970eab57ff9ac364bf6c.pkl,1
D:\08_Dataset\Internal\mar2020\pickle_files\2e9896435be9fa6428410aab55d800f2e4c7f71f.pkl,1
D:\08_Dataset\Internal\mar2020\pickle_files\33de4586951eb42ddba39b93979cfbbe787d7e42.pkl,1
D:\08_Dataset\Internal\mar2020\pickle_files\b7ad613b23e0441e889c89b59bf19aeedf5d2464.pkl,1
D:\08_Dataset\Internal\mar2020\pickle_files\57cbd371d79c2ba739df106ed84e0136ac962dd9.pkl,1
D:\08_Dataset\Internal\mar2020\pickle_files\2a05758599b8314272a9eadd7a6d5ddf6c9dc512.pkl,1
D:\08_Dataset\Internal\mar2020\pickle_files\8942d12d5ccca1174c46ab959e0739d1fcb75450.pkl,1
D:\08_Dataset\Internal\mar2020\pickle_files\26b5d9e9c9e5727db08e3ef41add9a4e6777f5ba.pkl,1
D:\08_Dataset\Internal\mar2020\pickle_files\286b33b7cd13ee2c20e8a942ae979ec5ad100a50.pkl,1
D:\08_Dataset\Internal\mar2020\pickle_files\533dfb84605147f66ee257159d8743a280b96880.pkl,1
D:\08_Dataset\Internal\mar2020\pickle_files\f517371ccc4fb944e68ac29aafe753c0b06fc84b.pkl,1
D:\08_Dataset\Internal\mar2020\pickle_files\ea64578c504cac0ee0f249a961ae7241306eedd5.pkl,1
D:\08_Dataset\Internal\mar2020\pickle_files\4c334e27388d71a764eb5e2d0432e1757fe6cb62.pkl,1
D:\08_Dataset\Internal\mar2020\pickle_files\850d1fe9c298ece5e00dde2610b7133fa89e35e6.pkl,1
D:\08_Dataset\Internal\mar2020\pickle_files\2160a286f4248e426b01890a7a981909e3025925.pkl,1
D:\08_Dataset\Internal\mar2020\pickle_files\ba14022ca13782a925c407a838a7d9329a7572a9.pkl,1
D:\08_Dataset\Internal\mar2020\pickle_files\d94249272b5148e804215175b7b61b893cbfc751.pkl,1
D:\08_Dataset\Internal\mar2020\pickle_files\eb0af4252e9ba562793b6b084a8154c0e4237f24.pkl,1
D:\08_Dataset\Internal\mar2020\pickle_files\6fc038ebb92edee699d45f541c608394dff95cd8.pkl,1
D:\08_Dataset\Internal\mar2020\pickle_files\95360f29174e81ea0acc7a09a156295b5972f9d7.pkl,1
D:\08_Dataset\Internal\mar2020\pickle_files\fd3aed110a526310e456a50466d9aa091728acb4.pkl,1
D:\08_Dataset\Internal\mar2020\pickle_files\aa59c0f1a15dc826a59c703d339593588e5fba58.pkl,1
D:\08_Dataset\Internal\mar2020\pickle_files\eed3a8905355125606b52b18cf5c7254338ffef2.pkl,1
D:\08_Dataset\Internal\mar2020\pickle_files\f8e20562d696c59544f81b824a0054ad65879c50.pkl,1
D:\08_Dataset\Internal\mar2020\pickle_files\e7d3cff913a4c4e7761690aa48bcd8410191906c.pkl,1
D:\08_Dataset\Internal\mar2020\pickle_files\34fe64fae4c64b5fb86c28fb370722b1643e2bf3.pkl,1
D:\08_Dataset\Internal\mar2020\pickle_files\17d4655865ba779ab1a256d5352bbe0897ed2ee4.pkl,1
D:\08_Dataset\Internal\mar2020\pickle_files\e08c101f48cde86b961830e50859ff6cfae7f3df.pkl,1
D:\08_Dataset\Internal\mar2020\pickle_files\fddeb99a83e0a98c39e2e3f9eb8ff080e882406d.pkl,1
D:\08_Dataset\Internal\mar2020\pickle_files\8ad63969743b205b5711f715c4abf0054926f94d.pkl,1
D:\08_Dataset\Internal\mar2020\pickle_files\d2d1249f7d8f44f32d3cd0e4fe6f949ac5502373.pkl,1
D:\08_Dataset\Internal\mar2020\pickle_files\38c054bad28c9d796e68fdbc5228ae069ef31343.pkl,1
D:\08_Dataset\Internal\mar2020\pickle_files\b11dcd0b0a4357b5a54d00503855688325b22321.pkl,1
D:\08_Dataset\Internal\mar2020\pickle_files\0b413664776086541ac53f7617660052609662e5.pkl,1
D:\08_Dataset\Internal\mar2020\pickle_files\60fdda9fc3a9f58c8a369d22f9aa535b3a5e4f41.pkl,1
D:\08_Dataset\Internal\mar2020\pickle_files\8bf22826650ff5d31d5d0ef707c93df0107b9114.pkl,1
D:\08_Dataset\Internal\mar2020\pickle_files\0b9842cdda63c513327c3786e7e6bbf0c2b7885a.pkl,1
D:\08_Dataset\Internal\mar2020\pickle_files\6a22f8cdd6b6473f95e4dbfddca5bdc803e53e9f.pkl,1
D:\08_Dataset\Internal\mar2020\pickle_files\606a80e4c1f5781b192b1eccdff33a5b0ebd81cd.pkl,1
D:\08_Dataset\Internal\mar2020\pickle_files\cb90fd881751297f6b58c2ac38c0e61ca0b7978d.pkl,1
D:\08_Dataset\Internal\mar2020\pickle_files\d4820be194c9ead3d8be7960feebbce452aba625.pkl,1
D:\08_Dataset\Internal\mar2020\pickle_files\effa7e26fffbb1e66e52ce418cb1927d8e2eaac5.pkl,1
D:\08_Dataset\Internal\mar2020\pickle_files\24109443ccb79414a06ea544390433ba73d545d8.pkl,1
D:\08_Dataset\Internal\mar2020\pickle_files\fb74051734784a34096ed45bea35a7dd46e10da2.pkl,1
D:\08_Dataset\Internal\mar2020\pickle_files\b88da6a06e72e040dbb7c22d9b816bdea8cb5961.pkl,1
D:\08_Dataset\Internal\mar2020\pickle_files\7250ee438cb2042dab26b4e651504abcf94fe510.pkl,1
D:\08_Dataset\Internal\mar2020\pickle_files\7b40b22a2590c3b8464be492b74a3bea7c96caa7.pkl,1
D:\08_Dataset\Internal\mar2020\pickle_files\0b7e642277d0848a015a72becb5b7f8e50a413b1.pkl,1
D:\08_Dataset\Internal\mar2020\pickle_files\7e163f8b5303850c6821b5f1158096b5cf83ebd7.pkl,1
D:\08_Dataset\Internal\mar2020\pickle_files\13255b7ee0c91c21cfb2cb44fb69506ee5774623.pkl,1
D:\08_Dataset\Internal\mar2020\pickle_files\1c1f7cac7b5070ec889ec455228387437483439a.pkl,1
D:\08_Dataset\Internal\mar2020\pickle_files\55153f1c44c53d7b24f87c9509a382412790ab6a.pkl,1
D:\08_Dataset\Internal\mar2020\pickle_files\1c4d5f1cff4ba6357dddc1879869df3672fac9ca.pkl,1
D:\08_Dataset\Internal\mar2020\pickle_files\5b71b6dd2cad3dc3b64692217ff28e4e74f401c5.pkl,1
D:\08_Dataset\Internal\mar2020\pickle_files\64ae2bf974b9039667f41753cd285e168229f91f.pkl,1
D:\08_Dataset\Internal\mar2020\pickle_files\c5c174b186e847fb3799755648fc0f616ac7cb1f.pkl,1
D:\08_Dataset\Internal\mar2020\pickle_files\9feadbe913453c084ad31a2c1bad6de4fc4231c6.pkl,1
D:\08_Dataset\Internal\mar2020\pickle_files\852c1246501e79c1beec9b5d09f88508c4941312.pkl,1
D:\08_Dataset\Internal\mar2020\pickle_files\fd02023aab6531b21c1e24d7d61faf301577bed4.pkl,1
D:\08_Dataset\Internal\mar2020\pickle_files\6e3ecf3a1d550ca0cb423b75db735eef141ac7e0.pkl,1
D:\08_Dataset\Internal\mar2020\pickle_files\7afd1834eb0b831cb99a93c560a9a2013159644c.pkl,1
D:\08_Dataset\Internal\mar2020\pickle_files\e51856d3c2f0545d8eb7310da701008af9b38e23.pkl,1
D:\08_Dataset\Internal\mar2020\pickle_files\d93cdb0310091175b9dc7d6e014b59c9041e5f55.pkl,1
D:\08_Dataset\Internal\mar2020\pickle_files\0b0845f89837af910a738d2e9a10be378c534583.pkl,1
D:\08_Dataset\Internal\mar2020\pickle_files\4eb446cbd47d18580332ae2b9767c16660443f34.pkl,1
D:\08_Dataset\Internal\mar2020\pickle_files\91d3b6f802a34dd67834950c06b506d82ec7353b.pkl,1
D:\08_Dataset\Internal\mar2020\pickle_files\4fc5b020dfa55d79bb06d0047bc65f4c619d9532.pkl,1
D:\08_Dataset\Internal\mar2020\pickle_files\0f2dc99873c91d34a377b8e11c3890db20fb425a.pkl,1
D:\08_Dataset\Internal\mar2020\pickle_files\d7119c0d141b2ea02b15b05cd04a942b955f6558.pkl,1
D:\08_Dataset\Internal\mar2020\pickle_files\d46bf801a70d9671215acb22297d61d713eddffa.pkl,1
D:\08_Dataset\Internal\mar2020\pickle_files\b400d70563339a4af437d6dbc362f4f447888333.pkl,1
D:\08_Dataset\Internal\mar2020\pickle_files\e97c55bb988aac23b7c4bceeac202f9800f79111.pkl,1
D:\08_Dataset\Internal\mar2020\pickle_files\121be343b2766dcb7c2b2cc7384b0b7183714e6b.pkl,1
D:\08_Dataset\Internal\mar2020\pickle_files\7b140d380ba5fff13509c38116f4528b58d202f3.pkl,1
D:\08_Dataset\Internal\mar2020\pickle_files\477b3d12acd1d807cd0d4969323e8d34c91e5ae5.pkl,1
D:\08_Dataset\Internal\mar2020\pickle_files\067edf6baac1a474d9316d0e6b1f598642f00c7f.pkl,1
D:\08_Dataset\Internal\mar2020\pickle_files\7f9f140b304d85a77f27728a1f60ba59cf56ac6f.pkl,1
D:\08_Dataset\Internal\mar2020\pickle_files\1920f4776e78ff68510a80f599f13db2d0575091.pkl,1
D:\08_Dataset\Internal\mar2020\pickle_files\b44ffef64ac596c65a17f2c115755750fe9fcd90.pkl,1
D:\08_Dataset\Internal\mar2020\pickle_files\7ab37fc0f631414325872ec27748b664d0c2df2c.pkl,1
D:\08_Dataset\Internal\mar2020\pickle_files\03c5d1900f2324e720a0451c78029ded6be9a064.pkl,1
D:\08_Dataset\Internal\mar2020\pickle_files\ea2b1a66bd80c8e9920552d6396197b32b1634c8.pkl,1
D:\08_Dataset\Internal\mar2020\pickle_files\69cce4d2855c4b3585fff6537d4806cd58d6c4a5.pkl,1
D:\08_Dataset\Internal\mar2020\pickle_files\18cdb2d111f29eda4067e31a0bdea2bdfed434b5.pkl,1
D:\08_Dataset\Internal\mar2020\pickle_files\c10798407cd259d498f909b8554a01a918748c27.pkl,1
D:\08_Dataset\Internal\mar2020\pickle_files\23b01939bc3b41af4f4adf09e803f0f518efe507.pkl,1
D:\08_Dataset\Internal\mar2020\pickle_files\9a7d21236a9c64870e9aadd67660fac938f0aeed.pkl,1
D:\08_Dataset\Internal\mar2020\pickle_files\7d9d88defd2d67aeccac1fd76bf039525f1e1e2d.pkl,1
D:\08_Dataset\Internal\mar2020\pickle_files\6c4d85fcef70dc890f63e4bd6a8d639de6d349e6.pkl,1
D:\08_Dataset\Internal\mar2020\pickle_files\61e91f3caf396ce5570ce54abdcf11082bafdaf8.pkl,1
D:\08_Dataset\Internal\mar2020\pickle_files\19099c55d63c9925566bdae4f2847ea8252000a3.pkl,1
D:\08_Dataset\Internal\mar2020\pickle_files\34072123e0b45e485a2ea26b473689f6300f098a.pkl,1
D:\08_Dataset\Internal\mar2020\pickle_files\7cc6d7097b6551ddea0d043ab69942d6ffd12982.pkl,1
D:\08_Dataset\Internal\mar2020\pickle_files\7b40d549c848c9ea037bf65c0001ba1da16efff5.pkl,1
D:\08_Dataset\Internal\mar2020\pickle_files\fe9d7552af700265bf02dc10159aefe7fcdd2133.pkl,1
D:\08_Dataset\Internal\mar2020\pickle_files\8edc6866097c359d20e19abb86356ea3c3002f0a.pkl,1
D:\08_Dataset\Internal\mar2020\pickle_files\651a5de2327c5d667186486bb0dd8f052db12d08.pkl,1
D:\08_Dataset\Internal\mar2020\pickle_files\dddce74ea3a8138e0cedec69e1b6782957bfb97d.pkl,1
D:\08_Dataset\Internal\mar2020\pickle_files\cca9c2ad502d7d365695482e64ad5b678d0b34e3.pkl,1
D:\08_Dataset\Internal\mar2020\pickle_files\41781a1dfc643ac8d06646a101e9e0dee7d23d2c.pkl,1
D:\08_Dataset\Internal\mar2020\pickle_files\edc715e7ef397b8606b5388246105205f4e38c22.pkl,1
D:\08_Dataset\Internal\mar2020\pickle_files\6a0787edc507a061e7de27e106d565bc98a81cec.pkl,1
D:\08_Dataset\Internal\mar2020\pickle_files\7f7d3ee10aa644d22689428e7f87e05a2fd9bc00.pkl,1
D:\08_Dataset\Internal\mar2020\pickle_files\378964e6b91c3b1a6a73adb714c5f4d87b77e69f.pkl,1
D:\08_Dataset\Internal\mar2020\pickle_files\4d6993d0bef20a671ecde9e4281b23db0ac97774.pkl,1
D:\08_Dataset\Internal\mar2020\pickle_files\d9b265638cdaaca60fcf017e7e930229ee955915.pkl,1
D:\08_Dataset\Internal\mar2020\pickle_files\4b24ad8528d5b8f06866b9bf88125cc36212f450.pkl,1
D:\08_Dataset\Internal\mar2020\pickle_files\ee5c3066958dd992dc1f755fc0d0e6e60443c6bc.pkl,1
D:\08_Dataset\Internal\mar2020\pickle_files\e4925e10b16ae95491fd77eb7b792409e8ab8f4e.pkl,1
D:\08_Dataset\Internal\mar2020\pickle_files\2888c0081bfad62abb4c50bf53a4d91fee4851da.pkl,1
D:\08_Dataset\Internal\mar2020\pickle_files\8915ca90bd00e3feaea7704c746ac336ce45592f.pkl,1
D:\08_Dataset\Internal\mar2020\pickle_files\e50f33669618c1105550f0695873ae68411c953f.pkl,1
D:\08_Dataset\Internal\mar2020\pickle_files\fe021904957db911137d704726557d982d5fa6eb.pkl,1
D:\08_Dataset\Internal\mar2020\pickle_files\4aee10692dc692bcc6d27b69934f481424926411.pkl,1
D:\08_Dataset\Internal\mar2020\pickle_files\f924018278731509c86fef647880abd16924cdc4.pkl,1
D:\08_Dataset\Internal\mar2020\pickle_files\aa769b5ccbcdf1db1a3acb20edf470aba64833f0.pkl,1
D:\08_Dataset\Internal\mar2020\pickle_files\2b72d15486ec83e9bf8fbe2654f88c2d93d82e4d.pkl,1
D:\08_Dataset\Internal\mar2020\pickle_files\8da3c84acbeaa3dc76a2ceff518460ae37a12089.pkl,1
D:\08_Dataset\Internal\mar2020\pickle_files\ad02f0009085cf7f2945f8762032c6a04324daac.pkl,1
D:\08_Dataset\Internal\mar2020\pickle_files\0a1f19fceb641e136411904bc1a4bbf3a5f74080.pkl,1
D:\08_Dataset\Internal\mar2020\pickle_files\ee779cc72be11e89d3af1ac32519ffbca4bd348e.pkl,1
D:\08_Dataset\Internal\mar2020\pickle_files\b38072cdefbad29336e63fbf7d226b1314b0fc68.pkl,1
D:\08_Dataset\Internal\mar2020\pickle_files\d514132446ad576bff18516b3c88d8cdba0607b7.pkl,1
D:\08_Dataset\Internal\mar2020\pickle_files\408d5882716c381aa815e7ab38c25468d6d6eb08.pkl,1
D:\08_Dataset\Internal\mar2020\pickle_files\c30bf31d4a03a531b2657de1beec061127a6eab2.pkl,1
D:\08_Dataset\Internal\mar2020\pickle_files\485730eae184902ad5a0a5c3d6d63e8ac10a43f3.pkl,1
D:\08_Dataset\Internal\mar2020\pickle_files\7267ccebab38d2291c742da9be63e823b2726869.pkl,1
D:\08_Dataset\Internal\mar2020\pickle_files\3e8f6269f56dca433288529eee3d29119cc283b0.pkl,1
D:\08_Dataset\Internal\mar2020\pickle_files\fa7fec55006bfffc57586b270b320b209f6d93d6.pkl,1
D:\08_Dataset\Internal\mar2020\pickle_files\b047b426609c7b6aa7753754bd6b394d087b1f96.pkl,1
D:\08_Dataset\Internal\mar2020\pickle_files\9b4e858dc39484e262abd42c1fe4d08d9df3082c.pkl,1
D:\08_Dataset\Internal\mar2020\pickle_files\48e8157599027035d3afc08e3691a82e665c0db8.pkl,1
D:\08_Dataset\Internal\mar2020\pickle_files\684ee0eb8a6bcf2a56a69dc99ad181eecc1d1270.pkl,1
D:\08_Dataset\Internal\mar2020\pickle_files\1e7e47c426a9886be5bf68b53b69e0da10c1ec57.pkl,1
D:\08_Dataset\Internal\mar2020\pickle_files\d209b170c8e04994f01aee1db33d1b9022c3529f.pkl,1
D:\08_Dataset\Internal\mar2020\pickle_files\fc2fab007a93f7bbaaeeeeb35021b4c9b654711f.pkl,1
D:\08_Dataset\Internal\mar2020\pickle_files\e84a790dc3973101ccf70f99aa789bc6faad9b81.pkl,1
D:\08_Dataset\Internal\mar2020\pickle_files\d0281db32d4e2cc6aebf268afcce56319518a8be.pkl,1
D:\08_Dataset\Internal\mar2020\pickle_files\e91082c90dd8039ee848db6c9e67e00af0a50503.pkl,1
D:\08_Dataset\Internal\mar2020\pickle_files\fd903da43b40b450370e85321b93bc75fb0d2af3.pkl,1
D:\08_Dataset\Internal\mar2020\pickle_files\567e1509cc184cd201b07d37f409e1a2db0c6b08.pkl,1
D:\08_Dataset\Internal\mar2020\pickle_files\783fa5a3d7a7bf6a15a9458220928cbdda147630.pkl,1
D:\08_Dataset\Internal\mar2020\pickle_files\56ce1720f7293cc41bbb1dc970ecf8deb704894c.pkl,1
D:\08_Dataset\Internal\mar2020\pickle_files\99d0587d0eddd65f6f9225f69ca4fef1ecf4fa2e.pkl,1
D:\08_Dataset\Internal\mar2020\pickle_files\1ce87f6a72e6246f37f1d8c933ababa7a535d596.pkl,1
D:\08_Dataset\Internal\mar2020\pickle_files\26c8dfc1020c9663fa27a64ce279e7b3cdd6dec1.pkl,1
D:\08_Dataset\Internal\mar2020\pickle_files\9a1793a55ebb5fb6e0b3570c44003e72d71a94d5.pkl,1
D:\08_Dataset\Internal\mar2020\pickle_files\dea30c8ce7f469faa991bf3198050ba4641fdbee.pkl,1
D:\08_Dataset\Internal\mar2020\pickle_files\eb8e31fb18d87e7306b50ee662fc0597eb2a493b.pkl,1
D:\08_Dataset\Internal\mar2020\pickle_files\d5396dd103b8f27d7346f75e02086fecab0230c5.pkl,1
D:\08_Dataset\Internal\mar2020\pickle_files\95818d647c5bdfa0fbc82b22e16393a696680e1c.pkl,1
D:\08_Dataset\Internal\mar2020\pickle_files\9c8eb055ab8b0188417e1a50786e74f2e0940957.pkl,1
D:\08_Dataset\Internal\mar2020\pickle_files\845266655f275ccadccd58933a9ec10367e07394.pkl,1
D:\08_Dataset\Internal\mar2020\pickle_files\a66d36e0c23a8b1a7499ed3a5cb7dd67f04621c6.pkl,1
D:\08_Dataset\Internal\mar2020\pickle_files\3ac78572732188d0e37a7ef08e8f76e6f6ee2a22.pkl,1
D:\08_Dataset\Internal\mar2020\pickle_files\2f90508e851b6e69796f54e5a1ff6cf164771991.pkl,1
D:\08_Dataset\Internal\mar2020\pickle_files\8df95034cfd48ce1cafe08c6a59a8e35cb282895.pkl,1
D:\08_Dataset\Internal\mar2020\pickle_files\4e57257736bb14ac510575e53a6440ba7aba0d1e.pkl,1
D:\08_Dataset\Internal\mar2020\pickle_files\9d003cd3a554a466321551f42c559ebba69c5603.pkl,1
D:\08_Dataset\Internal\mar2020\pickle_files\eb837b2edb20d3c7eb715d31a7c50a9257ae7ecf.pkl,1
D:\08_Dataset\Internal\mar2020\pickle_files\1a37fb53b6386344266095b9b99b8bc5703b5a03.pkl,1
D:\08_Dataset\Internal\mar2020\pickle_files\ab6b1b2a9f38f7d6611000f843347e0536f59c34.pkl,1
D:\08_Dataset\Internal\mar2020\pickle_files\f14df1b6da593428df6d7761e9b27412caf3b6da.pkl,1
D:\08_Dataset\Internal\mar2020\pickle_files\4e53b8fb5b292bace426345e358baef8a055377d.pkl,1
D:\08_Dataset\Internal\mar2020\pickle_files\d38a8b54ad34edd9005e22243da6451a6baac570.pkl,1
D:\08_Dataset\Internal\mar2020\pickle_files\4233ef3bb30aceaaf2c461081dcbb65a3d3f4c5f.pkl,1
D:\08_Dataset\Internal\mar2020\pickle_files\d57aa20bb8e8adc0ae0d1922325b94637f174f87.pkl,1
D:\08_Dataset\Internal\mar2020\pickle_files\fd5a62f73c1af9ce643cca4c91642105fa029035.pkl,1
D:\08_Dataset\Internal\mar2020\pickle_files\e36641cbb5530b2e1db3b9f010623f3de3c796a7.pkl,1
D:\08_Dataset\Internal\mar2020\pickle_files\7935dba23fa3b29a95c32a94dfcd695e16720685.pkl,1
D:\08_Dataset\Internal\mar2020\pickle_files\0d5bb2b813bc51f88b8e397b7ccd4272c5c59ac0.pkl,1
D:\08_Dataset\Internal\mar2020\pickle_files\511be86806ed5c7d763287007698e12823124f42.pkl,1
D:\08_Dataset\Internal\mar2020\pickle_files\4e324d51b5714a750fd2b3cdc38c5221641104d4.pkl,1
D:\08_Dataset\Internal\mar2020\pickle_files\8c00b4a3f8ca0dbb2a3891720eb93de17048adcc.pkl,1
D:\08_Dataset\Internal\mar2020\pickle_files\bb1ba4bf343dd5c116003843b3b402b319c39f0a.pkl,1
D:\08_Dataset\Internal\mar2020\pickle_files\3ab7cd24284c93217731196ea0c99eab4edfe9b1.pkl,1
D:\08_Dataset\Internal\mar2020\pickle_files\10c3e033bfef9910ca4b4d6d8dbf1b1d6f1c968d.pkl,1
D:\08_Dataset\Internal\mar2020\pickle_files\ef3d11d735054deebf08bc0dd7b44a2e3ffa3b25.pkl,1
D:\08_Dataset\Internal\mar2020\pickle_files\59998d2ac2c48f3e26ba7a11ed1c14a234680530.pkl,1
D:\08_Dataset\Internal\mar2020\pickle_files\25c68d5c1e06cbd0f8befb652de8b352488ef614.pkl,1
D:\08_Dataset\Internal\mar2020\pickle_files\82e9f07539162c3279d86c72838b85c665c448aa.pkl,1
D:\08_Dataset\Internal\mar2020\pickle_files\85b8ab8dcd00c0cad42d5e359232c0ab8fe3ea9e.pkl,1
D:\08_Dataset\Internal\mar2020\pickle_files\14e0595e542a28f0b06131e801ebec1ce55fc56b.pkl,1
D:\08_Dataset\Internal\mar2020\pickle_files\e830f9c7dfe163f178569c63b07f21170d511a80.pkl,1
D:\08_Dataset\Internal\mar2020\pickle_files\e33ddd0f695b6b7ed4fdf9839583093f154ecec1.pkl,1
D:\08_Dataset\Internal\mar2020\pickle_files\3aaa6fb61bb36c9a2983feaa85430bd279390291.pkl,1
D:\08_Dataset\Internal\mar2020\pickle_files\2c468365b69b27dcea30945bd3d36643f1edabc9.pkl,1
D:\08_Dataset\Internal\mar2020\pickle_files\336f274da9e57dadd740c20cecf415e1d63975f7.pkl,1
D:\08_Dataset\Internal\mar2020\pickle_files\b8c7724b307421d186e35246405fcf600bfa8ee4.pkl,1
D:\08_Dataset\Internal\mar2020\pickle_files\d3668ede568cee3db308eb55f0206edbe28511f9.pkl,1
D:\08_Dataset\Internal\mar2020\pickle_files\adc6f6bb80421cb6b42e92c45311971b18061117.pkl,1
D:\08_Dataset\Internal\mar2020\pickle_files\e8434840b97b34fe6b777a5ff020a967b925fdad.pkl,1
D:\08_Dataset\Internal\mar2020\pickle_files\a117045f9f9d22179bfb98b51b97e22230b755c9.pkl,1
D:\08_Dataset\Internal\mar2020\pickle_files\c14c91487b5ed0e0f8849406146c9a9236976c9f.pkl,1
D:\08_Dataset\Internal\mar2020\pickle_files\3f3ab0e46c5e03cc803a3225c89518648a43be2f.pkl,1
D:\08_Dataset\Internal\mar2020\pickle_files\0ff76c882a01adc093bd2a1da79e34d256aeecd3.pkl,1
D:\08_Dataset\Internal\mar2020\pickle_files\01f436c6f087caea41792a9884484f53f58cdc19.pkl,1
D:\08_Dataset\Internal\mar2020\pickle_files\297ec6b7da390271697d6eebb826488520ea0060.pkl,1
D:\08_Dataset\Internal\mar2020\pickle_files\ba6bb61a43343ae96ed3a64b6bffeabb262c619c.pkl,1
D:\08_Dataset\Internal\mar2020\pickle_files\1ed36a91c2b5c5a99279a8c9c3a0d7c6612af590.pkl,1
D:\08_Dataset\Internal\mar2020\pickle_files\330b94a4ffc50b5f744918ce08001c0fe64866ec.pkl,1
D:\08_Dataset\Internal\mar2020\pickle_files\8268a9210f6a7286be5e682a06e2bbbd10bc9237.pkl,1
D:\08_Dataset\Internal\mar2020\pickle_files\11e4c3d710a4a189a9fa4bef2d3e961ca4770108.pkl,1
D:\08_Dataset\Internal\mar2020\pickle_files\93e0632c3e8e86061be073d0ccc07227e2ea6bf4.pkl,1
D:\08_Dataset\Internal\mar2020\pickle_files\3acde938fffc88a61322e20b0931c6f09fc510e7.pkl,1
D:\08_Dataset\Internal\mar2020\pickle_files\090a52daf1b745696d28c0f5756bdb0095e2660a.pkl,1
D:\08_Dataset\Internal\mar2020\pickle_files\272fbc49505859c017627d7f18f63db61819ba07.pkl,1
D:\08_Dataset\Internal\mar2020\pickle_files\89aeb39af5ae0bd7b6c0b7fd291184f716d0348f.pkl,1
D:\08_Dataset\Internal\mar2020\pickle_files\cb54f83d1ba006f7afb76e19bb25db830368a4dd.pkl,1
D:\08_Dataset\Internal\mar2020\pickle_files\e2bf2b29ac846efbd970cb18d75da128fbc0b8af.pkl,1
D:\08_Dataset\Internal\mar2020\pickle_files\7c36277aa3eb4b1c3452031fd8a3b60c883af96d.pkl,1
D:\08_Dataset\Internal\mar2020\pickle_files\deba74b9af4c59525ca1fc3aceb4aa89ff9a8a92.pkl,1
D:\08_Dataset\Internal\mar2020\pickle_files\c1ef029e209acdb4ac3baa2371c4abf3ae3fd2d9.pkl,1
D:\08_Dataset\Internal\mar2020\pickle_files\bf47a92123e06b766e183781fbd9dc1b43738a8c.pkl,1
D:\08_Dataset\Internal\mar2020\pickle_files\80c7ae16842393f0907716f9d14fd11fd88666f9.pkl,1
D:\08_Dataset\Internal\mar2020\pickle_files\b3e89489476b0c6f9640b68f7ce499fe25246398.pkl,1
D:\08_Dataset\Internal\mar2020\pickle_files\f78bb1ac0cfdc99952c71feb2e8cda1b797be4f2.pkl,1
D:\08_Dataset\Internal\mar2020\pickle_files\bf6c42763a91fc3e3925c412ce9c8fe60d2b3c82.pkl,1
D:\08_Dataset\Internal\mar2020\pickle_files\380fa6af759aee7e145fc0eeb1f834819234fec5.pkl,1
D:\08_Dataset\Internal\mar2020\pickle_files\8dd0e0ffd6c6b88c57cae9891c2b0e600b5a5a51.pkl,1
D:\08_Dataset\Internal\mar2020\pickle_files\f698a27c889fd9b681c41b045c4c58cab7b5e8ba.pkl,1
D:\08_Dataset\Internal\mar2020\pickle_files\e5bff94207faea2661e1aa3f1708720a8cf2c266.pkl,1
D:\08_Dataset\Internal\mar2020\pickle_files\e66763ced7ea7be9716613b22b312ed82f44b59d.pkl,1
D:\08_Dataset\Internal\mar2020\pickle_files\2b459ffc1569f892ed4bcb222f26fef3e5773878.pkl,1
D:\08_Dataset\Internal\mar2020\pickle_files\a14408fe33d03092b5607cd9d26d6bc621e6368c.pkl,1
D:\08_Dataset\Internal\mar2020\pickle_files\511beb4aae9fdb51cd5c8805a101e6bb29678d10.pkl,1
D:\08_Dataset\Internal\mar2020\pickle_files\f0d9818ea55944726a6f83148afa8fa9c278f1de.pkl,1
D:\08_Dataset\Internal\mar2020\pickle_files\ed08b406b7f16948f21bff11b9c07987b82b161e.pkl,1
D:\08_Dataset\Internal\mar2020\pickle_files\5777a5105302c81aa880b68ad9c7ec69e181503a.pkl,1
D:\08_Dataset\Internal\mar2020\pickle_files\044d360942948ba1655396aa26d273a047cc7e7a.pkl,1
D:\08_Dataset\Internal\mar2020\pickle_files\364894005e5f422246aad456029759cafb3f4e96.pkl,1
D:\08_Dataset\Internal\mar2020\pickle_files\b9129e611c28c430756a7155a22761780f8dbe56.pkl,1
D:\08_Dataset\Internal\mar2020\pickle_files\4a60f6eaaaf51ee252b4c5f29f3ee5106547d764.pkl,1
D:\08_Dataset\Internal\mar2020\pickle_files\d17c003364265f9deb9aead3a8c7e06a694ac205.pkl,1
D:\08_Dataset\Internal\mar2020\pickle_files\965b51f19af1b3e22d7701c6c6785cab5397576b.pkl,1
D:\08_Dataset\Internal\mar2020\pickle_files\4c6672f763bcc88b99aedfd6c64eca6a702db53c.pkl,1
D:\08_Dataset\Internal\mar2020\pickle_files\72442be17032f1830a8e2c7219fff367b27fd265.pkl,1
D:\08_Dataset\Internal\mar2020\pickle_files\7bf7205e0225adaaf444795f5cb83791d60e3567.pkl,1
D:\08_Dataset\Internal\mar2020\pickle_files\1d94b4a9728525e77b99f8d2e4e5ed0882530bd0.pkl,1
D:\08_Dataset\Internal\mar2020\pickle_files\0ad1c5b5a24a207c945cb289e6e842242239abbe.pkl,1
D:\08_Dataset\Internal\mar2020\pickle_files\25a78c81f252bbdb77214a89652d0ad65fa42560.pkl,1
D:\08_Dataset\Internal\mar2020\pickle_files\68342adb2df85c7ab2122a449ff306a715c8bc77.pkl,1
D:\08_Dataset\Internal\mar2020\pickle_files\fabd3634085b4fccf4fcc2ad97be0c3e3c2d8c1d.pkl,1
D:\08_Dataset\Internal\mar2020\pickle_files\c3989c5fc3503cfb5b8b9f30aa5c9a49911ed453.pkl,1
D:\08_Dataset\Internal\mar2020\pickle_files\c5ac79b7269010ac581e3642be03476fccd2628e.pkl,1
D:\08_Dataset\Internal\mar2020\pickle_files\a3fb2db1b48b2fca52d074430753b7725eba30ef.pkl,1
D:\08_Dataset\Internal\mar2020\pickle_files\ea55466ff52f2fce6bdf2cfae06e89e730649248.pkl,1
D:\08_Dataset\Internal\mar2020\pickle_files\3e8ae17ca494e3ac14799ae6b1872af5fa8b52fb.pkl,1
D:\08_Dataset\Internal\mar2020\pickle_files\c22c954ee57342a8f7c73ca91e0b044f44812f59.pkl,1
D:\08_Dataset\Internal\mar2020\pickle_files\f998351e6d10af87da14d7185cec79b16330aed0.pkl,1
D:\08_Dataset\Internal\mar2020\pickle_files\8038a3dd034fc5a4b5fccc3e740b94e684b16325.pkl,1
D:\08_Dataset\Internal\mar2020\pickle_files\a64a891b38b3f3648e68a76b45615271a0736a17.pkl,1
D:\08_Dataset\Internal\mar2020\pickle_files\b148a64826d2410f9e3640e6319dc55d2de7424c.pkl,1
D:\08_Dataset\Internal\mar2020\pickle_files\b39646db648cfc66bda00a404a540778cde915bb.pkl,1
D:\08_Dataset\Internal\mar2020\pickle_files\dcf2608844026ff56fd2e3599e2f3eb856dbb073.pkl,1
D:\08_Dataset\Internal\mar2020\pickle_files\7e1940b657780cc39bd8f00ea6b32333a5fd8a46.pkl,1
D:\08_Dataset\Internal\mar2020\pickle_files\28e9c62c262daf88e625a97c84ac59569d17520a.pkl,1
D:\08_Dataset\Internal\mar2020\pickle_files\2aeaf812a1dbdee83594fbf2b0f5c4933eccde8a.pkl,1
D:\08_Dataset\Internal\mar2020\pickle_files\727bd57c4228e36e07e7cd3b17c50c7c8cd2b8e3.pkl,1
D:\08_Dataset\Internal\mar2020\pickle_files\d8d5ec60a667d3a11b24c15ca77a8e6149ce4448.pkl,1
D:\08_Dataset\Internal\mar2020\pickle_files\5ae5eb738915c732c7410d03ef5a49d21db110f6.pkl,1
D:\08_Dataset\Internal\mar2020\pickle_files\2912f2abb8f759909922eedbef28c9bd66c4d9d2.pkl,1
D:\08_Dataset\Internal\mar2020\pickle_files\31ebc3ad12c29b7d596b6632da09271c6b51d086.pkl,1
D:\08_Dataset\Internal\mar2020\pickle_files\6a5f8cc7583371854bfe25def247c420b363a5bf.pkl,1
D:\08_Dataset\Internal\mar2020\pickle_files\59b903b1364f1323cfdda13236ac789a871f8944.pkl,1
D:\08_Dataset\Internal\mar2020\pickle_files\819a19e0e8bf1a5fb1242c41f106a4e9af1e6b63.pkl,1
D:\08_Dataset\Internal\mar2020\pickle_files\39be75a0c5e3ada6f4e68df7f904110ae5c89efa.pkl,1
D:\08_Dataset\Internal\mar2020\pickle_files\1953fd0e943f1b951e12a5c30263420592213359.pkl,1
D:\08_Dataset\Internal\mar2020\pickle_files\63ce6286a9cc51408cd6fde4d4a214a0ece708b7.pkl,1
D:\08_Dataset\Internal\mar2020\pickle_files\531a1044eb74c3016af71141bd14fd4c19dacf39.pkl,1
D:\08_Dataset\Internal\mar2020\pickle_files\b69052312a15863643916ed44b037dee85017aea.pkl,1
D:\08_Dataset\Internal\mar2020\pickle_files\e6182eff46f0b6e774d1453f65d142e9ef09c3eb.pkl,1
D:\08_Dataset\Internal\mar2020\pickle_files\6450e92061c9697023185b9b8087be8d018b4574.pkl,1
D:\08_Dataset\Internal\mar2020\pickle_files\55d9cae32cf5440c7a118bf32df814e482fdb3d5.pkl,1
D:\08_Dataset\Internal\mar2020\pickle_files\8c4133cb968b214b98d441dd322ee69a564a3a8c.pkl,1
D:\08_Dataset\Internal\mar2020\pickle_files\2056c32bb1f7b1420595213f62e5b7045650a2d6.pkl,1
D:\08_Dataset\Internal\mar2020\pickle_files\25063c8f2516864b180aad67fa4ae52f18dd6d25.pkl,1
D:\08_Dataset\Internal\mar2020\pickle_files\fe69b15c510a7730d6800fab21a58125fe32e2da.pkl,1
D:\08_Dataset\Internal\mar2020\pickle_files\054f27aa22baab53835f37dc938608bcd070c2da.pkl,1
D:\08_Dataset\Internal\mar2020\pickle_files\9536365e474d3d62fb4fabbcac40b1be8a5d851e.pkl,1
D:\08_Dataset\Internal\mar2020\pickle_files\556640a29b174a47523d841d166998344bb1d1d8.pkl,1
D:\08_Dataset\Internal\mar2020\pickle_files\f473c30130d7558b2add3e05dc698fe60f811425.pkl,1
D:\08_Dataset\Internal\mar2020\pickle_files\11f30c04d6d8e81b676217ef899a21415fc4aec5.pkl,1
D:\08_Dataset\Internal\mar2020\pickle_files\da8d0ad70e11628ed3f7dc425b63ccb1657909a0.pkl,1
D:\08_Dataset\Internal\mar2020\pickle_files\cd096b3423bf239e9b9ebb72e7956ee9ac62046a.pkl,1
D:\08_Dataset\Internal\mar2020\pickle_files\66e8aebac26e673e694199bc8d28d40412560bc0.pkl,1
D:\08_Dataset\Internal\mar2020\pickle_files\c94117b10c42c04fafab3e0243f2cbcfae23ab94.pkl,1
D:\08_Dataset\Internal\mar2020\pickle_files\a85afea0d666001c8aaff822b0ff70281e61a9b5.pkl,1
D:\08_Dataset\Internal\mar2020\pickle_files\7ba68d8f4d49fee2c6a2ff41655401d0af4f2b6e.pkl,1
D:\08_Dataset\Internal\mar2020\pickle_files\78f89d26bdfdb38d5d5cb02347cd5cbdf15af792.pkl,1
D:\08_Dataset\Internal\mar2020\pickle_files\844e130dcf0eb55c67b3433ccadc99f352952cda.pkl,1
D:\08_Dataset\Internal\mar2020\pickle_files\53cf0eabdf4d3616933cd1beb66265ccb5263191.pkl,1
D:\08_Dataset\Internal\mar2020\pickle_files\3cdd1ee67981d8e080506b9508c413d9c6a41e10.pkl,1
D:\08_Dataset\Internal\mar2020\pickle_files\e9cabf84265758ccc734a25a2afdf3ff783a26b3.pkl,1
D:\08_Dataset\Internal\mar2020\pickle_files\fc2c46b4402d4ecb1aa5090bc9aa4606484eae75.pkl,1
D:\08_Dataset\Internal\mar2020\pickle_files\ff4dcb7b2584264e74d06202497dd1ce60a5d299.pkl,1
D:\08_Dataset\Internal\mar2020\pickle_files\3901f97636d68b8657a676b41baa0a7f5ed3ee10.pkl,1
D:\08_Dataset\Internal\mar2020\pickle_files\3db1e51348f34c2a63213bd3c333af8cc2d6dfdf.pkl,1
D:\08_Dataset\Internal\mar2020\pickle_files\b5375f77aa7f72ee33da8a7e5139dbbd7243ed31.pkl,1
D:\08_Dataset\Internal\mar2020\pickle_files\dcf75000f35f599ebceeb659b201acc2b9d517da.pkl,1
D:\08_Dataset\Internal\mar2020\pickle_files\cf8e023787992d678be1e42d1de2b3b7a93e4c6a.pkl,1
D:\08_Dataset\Internal\mar2020\pickle_files\d20a772b41cd142eba26a8feb2df5479e1ec1bae.pkl,1
D:\08_Dataset\Internal\mar2020\pickle_files\2adf038f71bf3ff58ab1e0bb3ac2b0a6836183f1.pkl,1
D:\08_Dataset\Internal\mar2020\pickle_files\27cebfa530c9a0ad69f0c72d7f838be7c96efe2e.pkl,1
D:\08_Dataset\Internal\mar2020\pickle_files\cf5bf714073f78914f70419d9dd68e984e5d60e6.pkl,1
D:\08_Dataset\Internal\mar2020\pickle_files\aa1613fafd802248f33de1efb2ff4d3a87e30a0c.pkl,1
D:\08_Dataset\Internal\mar2020\pickle_files\014d36639b40dae721bf6f2b85c4e96b8c87bd00.pkl,1
D:\08_Dataset\Internal\mar2020\pickle_files\b2f98c3294d2fd4306866c24e25df3cd5cfad5f9.pkl,1
D:\08_Dataset\Internal\mar2020\pickle_files\e5951a3636709de006e86391c351886634500a21.pkl,1
D:\08_Dataset\Internal\mar2020\pickle_files\4e5c07de1064ffb73ac89bdf281200abf7f2d930.pkl,1
D:\08_Dataset\Internal\mar2020\pickle_files\8f16add9dd7678b8acddd16975c8c7a190627ff0.pkl,1
D:\08_Dataset\Internal\mar2020\pickle_files\ee8dc4437afe3d07461f30f74b67443182a1a84d.pkl,1
D:\08_Dataset\Internal\mar2020\pickle_files\0410947ededabe29ef8c43f5a968f0855f407909.pkl,1
D:\08_Dataset\Internal\mar2020\pickle_files\f09075dcef34100b81e3f038ce7fba3e49adac26.pkl,1
D:\08_Dataset\Internal\mar2020\pickle_files\4ad192aa6a981a607d2bf650f97244ad5e769af2.pkl,1
D:\08_Dataset\Internal\mar2020\pickle_files\fcf53e8b19904492798e3f1c7a8a06eb050b1f4b.pkl,1
D:\08_Dataset\Internal\mar2020\pickle_files\7ee0ab5691ea27920b656838c585f035707fb7b9.pkl,1
D:\08_Dataset\Internal\mar2020\pickle_files\b9bfbb57d5e4112a3f7a85a3f3f815eba5713603.pkl,1
D:\08_Dataset\Internal\mar2020\pickle_files\2cd32b36358db651472d5cffe8126ef8241ef77a.pkl,1
D:\08_Dataset\Internal\mar2020\pickle_files\74e046ce6a3ba35ef1a77fc68bd7e107937ad481.pkl,1
D:\08_Dataset\Internal\mar2020\pickle_files\abc2489c4ffd65802851ffb6efdeb24bdc65df58.pkl,1
D:\08_Dataset\Internal\mar2020\pickle_files\dd5b05d6b31d611fdfc629a4dac57e676fe86613.pkl,1
D:\08_Dataset\Internal\mar2020\pickle_files\1026343c399afc9040dd1feb13802b8ae48342cd.pkl,1
D:\08_Dataset\Internal\mar2020\pickle_files\9679a020f66e363b46e4113ef6d5c0e4f926a25b.pkl,1
D:\08_Dataset\Internal\mar2020\pickle_files\4a1a42d84ce08588ab3b650f067670b5b3f9de57.pkl,1
D:\08_Dataset\Internal\mar2020\pickle_files\014f6eebe0e5e275dfb71a952ad227399dbdc341.pkl,1
D:\08_Dataset\Internal\mar2020\pickle_files\97faed06980f689dfc88f0e832d4ce5d12944be2.pkl,1
D:\08_Dataset\Internal\mar2020\pickle_files\e7460208300badf44c0f2036bc3be1dd96bcbb06.pkl,1
D:\08_Dataset\Internal\mar2020\pickle_files\c0b51d9a7e20ad80d713aa66c2cc7811dfa783db.pkl,1
D:\08_Dataset\Internal\mar2020\pickle_files\9e876379504599604857018eabeef8dec960994b.pkl,1
D:\08_Dataset\Internal\mar2020\pickle_files\7e588965e14b60d99f9d3a62eb153b15b6b68e50.pkl,1
D:\08_Dataset\Internal\mar2020\pickle_files\c3b56802cbc57e11570395e3db276062e9bcdd15.pkl,1
D:\08_Dataset\Internal\mar2020\pickle_files\e9dd1ef0247a5e7f58b46a15579ca8c0a9d57f2f.pkl,1
D:\08_Dataset\Internal\mar2020\pickle_files\903622d4fc3d4c20263ec6ab1238531ebf5382b4.pkl,1
D:\08_Dataset\Internal\mar2020\pickle_files\f68b5d13c7fba27cf18be12f3519c5518986fb06.pkl,1
D:\08_Dataset\Internal\mar2020\pickle_files\a97d09b4688c43133312127da17099022d04c10a.pkl,1
D:\08_Dataset\Internal\mar2020\pickle_files\fefe25b5d4eae94f59dfe75dd1e8bee804a6de4b.pkl,1
D:\08_Dataset\Internal\mar2020\pickle_files\0737d56be40ed5acbb6eec921950b8373e6a11a4.pkl,1
D:\08_Dataset\Internal\mar2020\pickle_files\ed9af286bc41c0eee322de233093470b24a3a3c2.pkl,1
D:\08_Dataset\Internal\mar2020\pickle_files\7b92ccbccc2b7695f7cf4c2700e9782b9f4eb167.pkl,1
D:\08_Dataset\Internal\mar2020\pickle_files\f3ba7055e7952acb4eb6103cee940178324c6847.pkl,1
D:\08_Dataset\Internal\mar2020\pickle_files\c0e7225571e08f963ce095db13069128c511e355.pkl,1
D:\08_Dataset\Internal\mar2020\pickle_files\3cd07da8c4387718bcd9b712406f7fab549cd5e1.pkl,1
D:\08_Dataset\Internal\mar2020\pickle_files\cec5bcc9fe2a5db2c8e6a079c3fc4ae7a70c46b4.pkl,1
D:\08_Dataset\Internal\mar2020\pickle_files\a0c3941ab6406be0ac67d1b5870d233882e5e522.pkl,1
D:\08_Dataset\Internal\mar2020\pickle_files\7c445cd82b0eadaa8589262e117b5cefb4c0e6a9.pkl,1
D:\08_Dataset\Internal\mar2020\pickle_files\c27d79b8dc2563468b53c41b3fa783a411452057.pkl,1
D:\08_Dataset\Internal\mar2020\pickle_files\89460ea46732331604ea9bb480d7e8cba4c086dc.pkl,1
D:\08_Dataset\Internal\mar2020\pickle_files\a0ef6ae650ed1889c3b4eb29c85ca201427f84ef.pkl,1
D:\08_Dataset\Internal\mar2020\pickle_files\7410439038b6973a35cb9a3dcd411c7db444b9e3.pkl,1
D:\08_Dataset\Internal\mar2020\pickle_files\73d69c5dc9fbf7834d60ed50ecfd516e4590d43a.pkl,1
D:\08_Dataset\Internal\mar2020\pickle_files\1537429bca3b27f63bb7559daf684fb55a345c92.pkl,1
D:\08_Dataset\Internal\mar2020\pickle_files\330516d5a2725641d7ec6f86766107bfc784ed4e.pkl,1
D:\08_Dataset\Internal\mar2020\pickle_files\a7b68f891226cdc85908ee6681233a68c0a27cf4.pkl,1
D:\08_Dataset\Internal\mar2020\pickle_files\ed1f49c4fb1eb70d6891a05c1c35c7b26413f2ce.pkl,1
D:\08_Dataset\Internal\mar2020\pickle_files\32912bc0ce239830aa4c7a4d6e00c7cf831f171d.pkl,1
D:\08_Dataset\Internal\mar2020\pickle_files\9e6aa8d488affc150922d18b20ff141a0b6ee3bf.pkl,1
D:\08_Dataset\Internal\mar2020\pickle_files\f379f860ba8503359be02f813cd480b686931443.pkl,1
D:\08_Dataset\Internal\mar2020\pickle_files\0533f883c8ca312322573a38d2df278ca254710e.pkl,1
D:\08_Dataset\Internal\mar2020\pickle_files\0b74c7791d9f4158dd17338b52bdc90b54673c6e.pkl,1
D:\08_Dataset\Internal\mar2020\pickle_files\5f2a83c107b329197f0b978a262891bc156e1254.pkl,1
D:\08_Dataset\Internal\mar2020\pickle_files\c393fd495bfbfc3638cfbf345bc950fa79151162.pkl,1
D:\08_Dataset\Internal\mar2020\pickle_files\2215b14725867c0ef819a05b28066b56ac60ea6d.pkl,1
D:\08_Dataset\Internal\mar2020\pickle_files\96f010bf918b92015ce2e1fc6ea9c677a31c0de2.pkl,1
D:\08_Dataset\Internal\mar2020\pickle_files\db90952cebe3abe43f9dc3e10b5df648b9c5003f.pkl,1
D:\08_Dataset\Internal\mar2020\pickle_files\2979ddee9276f9202b58e34025e59563bbde17e3.pkl,1
D:\08_Dataset\Internal\mar2020\pickle_files\747e13038b712e4a4d4b58f0187ff7eb367d5371.pkl,1
D:\08_Dataset\Internal\mar2020\pickle_files\f174485e2b87e3156e3cf3004386c3f7fd8463a3.pkl,1
D:\08_Dataset\Internal\mar2020\pickle_files\63887c9bc7136ed840906fce978881468fd0256a.pkl,1
D:\08_Dataset\Internal\mar2020\pickle_files\a596f4cd85d51a956f2dcbf97f010d3a155a6e88.pkl,1
D:\08_Dataset\Internal\mar2020\pickle_files\a1f9084ce4711ac7e4aab5192110e6eb008a5a44.pkl,1
D:\08_Dataset\Internal\mar2020\pickle_files\54a19b34c94aaebd5d5ea2396c883eecb5147068.pkl,1
D:\08_Dataset\Internal\mar2020\pickle_files\dcc0368ff3fbfd09a534cc235006b74c2b26eab1.pkl,1
D:\08_Dataset\Internal\mar2020\pickle_files\72bd2aebb12d0066fb6c6b189ba40b22bcac039e.pkl,1
D:\08_Dataset\Internal\mar2020\pickle_files\4ea67957a78ba9f68fe6f2cb366c5ee8e15fc136.pkl,1
D:\08_Dataset\Internal\mar2020\pickle_files\7736595d1ab9ec9dbee1e33b120d7df1ea8b1624.pkl,1
D:\08_Dataset\Internal\mar2020\pickle_files\29903db011085f4436b39dd46917878fcc418d1d.pkl,1
D:\08_Dataset\Internal\mar2020\pickle_files\3a6baf7b00a0458a703b27c04c097c0bf7e7bfe2.pkl,1
D:\08_Dataset\Internal\mar2020\pickle_files\b859b9a9afa6151158ab1752383e277d8ed628e5.pkl,1
D:\08_Dataset\Internal\mar2020\pickle_files\44db727a1d372c1270d192923603cb10e6e94f12.pkl,1
D:\08_Dataset\Internal\mar2020\pickle_files\bb417195d96449521aa63d46ce017a2436a26049.pkl,1
D:\08_Dataset\Internal\mar2020\pickle_files\4fa378e35c5df24f9b79639f0ad9bdc92cd20f4c.pkl,1
D:\08_Dataset\Internal\mar2020\pickle_files\77947de0f5462e83b6e15d2645f83b5112d77f03.pkl,1
D:\08_Dataset\Internal\mar2020\pickle_files\6cf1f7c3b0406304ca3198739dda68a85c04d4a7.pkl,1
D:\08_Dataset\Internal\mar2020\pickle_files\d77b5d55089a04c20ce6f93d3080f5682fb29f39.pkl,1
D:\08_Dataset\Internal\mar2020\pickle_files\a91eb5f3a7914f06d2d24ac5845db8a3e1828113.pkl,1
D:\08_Dataset\Internal\mar2020\pickle_files\81e1abe132663b6fd70d0c2c08c262025a12847a.pkl,1
D:\08_Dataset\Internal\mar2020\pickle_files\f48c1995a1f7bdc318fcbe1ab5fa07fbb7217a02.pkl,1
D:\08_Dataset\Internal\mar2020\pickle_files\a3acea7dfb54929ecc0edad25ca44cf2b44e5351.pkl,1
D:\08_Dataset\Internal\mar2020\pickle_files\1503e59babcd39684c325ef9206accc80f6801d7.pkl,1
D:\08_Dataset\Internal\mar2020\pickle_files\642c27e7c0e52cc55efa39db04698147bd88785e.pkl,1
D:\08_Dataset\Internal\mar2020\pickle_files\bbef9cebcd2ad8f71893b5ed75357887d4194fa5.pkl,1
D:\08_Dataset\Internal\mar2020\pickle_files\efc3ef30afb6d747aee4d9dde788a83b6bdae75d.pkl,1
D:\08_Dataset\Internal\mar2020\pickle_files\dfb5b7a27bd931883cd8e84da76d7d7e2633e015.pkl,1
D:\08_Dataset\Internal\mar2020\pickle_files\a8b7a3ad54b0b0e4d1a304bac7ea5066a1d39b73.pkl,1
D:\08_Dataset\Internal\mar2020\pickle_files\0211314f118218a4b57a5ab832f9686c979f7378.pkl,1
D:\08_Dataset\Internal\mar2020\pickle_files\4c16b8af87522b8ba660da676d759cd565fee571.pkl,1
D:\08_Dataset\Internal\mar2020\pickle_files\b82f51855ceac9164acddde9efbde7c3f5332a48.pkl,1
D:\08_Dataset\Internal\mar2020\pickle_files\5b8259cdb55a70ca51abcc0f9c2caaa575fa72f7.pkl,1
D:\08_Dataset\Internal\mar2020\pickle_files\88ff99fcf3ee68613110db03335d3ca9da4cc227.pkl,1
D:\08_Dataset\Internal\mar2020\pickle_files\134206e0f291181cd7b9fc8c38868adfcaba7da4.pkl,1
D:\08_Dataset\Internal\mar2020\pickle_files\76494846314342c5fe74a4e438450765248ab926.pkl,1
D:\08_Dataset\Internal\mar2020\pickle_files\d443301e72290ab767e723172a8f9ffb796aa0ec.pkl,1
D:\08_Dataset\Internal\mar2020\pickle_files\e9d4794d5103149e6986f65d1c6109c988ee2287.pkl,1
D:\08_Dataset\Internal\mar2020\pickle_files\cbb207bacdd0f1129f922d6979121cce2a722970.pkl,1
D:\08_Dataset\Internal\mar2020\pickle_files\68e19604900c8459a71ed796408ce7b77a503b46.pkl,1
D:\08_Dataset\Internal\mar2020\pickle_files\1511cc77eed98cdbb34642b0ed68cfd11bd13872.pkl,1
D:\08_Dataset\Internal\mar2020\pickle_files\f1b72e66bb34ac201021cff665399806a463bd57.pkl,1
D:\08_Dataset\Internal\mar2020\pickle_files\8fbf96e7ec2f517a9f40d89fc882388e9b97f8fc.pkl,1
D:\08_Dataset\Internal\mar2020\pickle_files\f5f835f18de5de466088e9bd48fc995b08ed9dab.pkl,1
D:\08_Dataset\Internal\mar2020\pickle_files\87881bee5de28554b97c0318612aa0830b034b2e.pkl,1
D:\08_Dataset\Internal\mar2020\pickle_files\30a2b4940b77a990ccda029ac3b1039c2670599f.pkl,1
D:\08_Dataset\Internal\mar2020\pickle_files\ad8af6ff254696a44066a35ad28522bcd089a164.pkl,1
D:\08_Dataset\Internal\mar2020\pickle_files\30e288f1b00e25df57d5ed316b978939e5db832e.pkl,1
D:\08_Dataset\Internal\mar2020\pickle_files\3c926f083eb8874f66778ecd33d0e2f7f188befc.pkl,1
D:\08_Dataset\Internal\mar2020\pickle_files\6f538f6ece4ed278cfcb216e61ed32debdad9760.pkl,1
D:\08_Dataset\Internal\mar2020\pickle_files\3b520fd51a616af4c3ccd3f16142edacf0c50b57.pkl,1
D:\08_Dataset\Internal\mar2020\pickle_files\4c2c09962476f1f03bd2e76374fe8f45c6dbd8cc.pkl,1
D:\08_Dataset\Internal\mar2020\pickle_files\3791115418918d8852b347e1fa713c82e98f9fd7.pkl,1
D:\08_Dataset\Internal\mar2020\pickle_files\5e1fe698da0756f86701db4fe6da56d19889cc38.pkl,1
D:\08_Dataset\Internal\mar2020\pickle_files\0cad43aafc894051f6eb23edcb0ef83178aaa330.pkl,1
D:\08_Dataset\Internal\mar2020\pickle_files\34b6f4946fba333843296c2131ff75b7392a9cf9.pkl,1
D:\08_Dataset\Internal\mar2020\pickle_files\06f891bbadf85b7882a710299a838924a6dcee2c.pkl,1
D:\08_Dataset\Internal\mar2020\pickle_files\801b9ad6cadaa84df80f804099a3973750adae99.pkl,1
D:\08_Dataset\Internal\mar2020\pickle_files\a40020719c39702671e2712d5ea131598664f579.pkl,1
D:\08_Dataset\Internal\mar2020\pickle_files\7aa4875bc17d720ba2480101f402841e94de65f4.pkl,1
D:\08_Dataset\Internal\mar2020\pickle_files\367634e282f2679e6069855f2bfedfa6a6284ee4.pkl,1
D:\08_Dataset\Internal\mar2020\pickle_files\c21dae5746ac6d488a6224a7e8bc9acbdccbc8b2.pkl,1
D:\08_Dataset\Internal\mar2020\pickle_files\2b598ac81737d29dacd7b91a1b17febfd848b1fe.pkl,1
D:\08_Dataset\Internal\mar2020\pickle_files\a2519e620c9947f0f2e27f08d0bd6f9e99b5a81f.pkl,1
D:\08_Dataset\Internal\mar2020\pickle_files\c60ab5f6245cc6170c9e0262f61f6bb714cdb284.pkl,1
D:\08_Dataset\Internal\mar2020\pickle_files\08d532c113b025935fb0e3b1a7996026d7aaccce.pkl,1
D:\08_Dataset\Internal\mar2020\pickle_files\a940aa10919e24089f530d7a3f9606f1318c9477.pkl,1
D:\08_Dataset\Internal\mar2020\pickle_files\f34ae9fb4b8a5d4cebe7f34ade16181f051cfa44.pkl,1
D:\08_Dataset\Internal\mar2020\pickle_files\9131db1bb1076c4e59ad1d5d6525f4e414ec2b98.pkl,1
D:\08_Dataset\Internal\mar2020\pickle_files\03946225d8dbf50bd318cdae81e8ef55236d8e69.pkl,1
D:\08_Dataset\Internal\mar2020\pickle_files\fc945934f07b3f35ec7d2d669433458e4e640997.pkl,1
D:\08_Dataset\Internal\mar2020\pickle_files\2d1f7190b0d5a0be1080fa421371fb22d2a7bdc2.pkl,1
D:\08_Dataset\Internal\mar2020\pickle_files\614d757eefcca0ed23dc8e645c3716f63dc6590c.pkl,1
D:\08_Dataset\Internal\mar2020\pickle_files\75a4fdb642dc9edaa14fc0989c600240a1be4646.pkl,1
D:\08_Dataset\Internal\mar2020\pickle_files\6112b551f2509b72b2014584b6477641b4bc2853.pkl,1
D:\08_Dataset\Internal\mar2020\pickle_files\60717151b181e082930ee57125e41941b5964092.pkl,1
D:\08_Dataset\Internal\mar2020\pickle_files\ebba583005e1ccbeb6ac41f3d1bf9b01343b81df.pkl,1
D:\08_Dataset\Internal\mar2020\pickle_files\d65cf6a14f28a5060f31fbf222dc8f0ab98e27df.pkl,1
D:\08_Dataset\Internal\mar2020\pickle_files\a14b0c92e8092a1e9b1995fcb1568174ea774ec2.pkl,1
D:\08_Dataset\Internal\mar2020\pickle_files\6687f7bb643219442c40e04a23246eaa7e2e58f0.pkl,1
D:\08_Dataset\Internal\mar2020\pickle_files\5a6d8f2775f5d20e00fa70023b78171db66bd37c.pkl,1
D:\08_Dataset\Internal\mar2020\pickle_files\d202779c04144ea0008b6d4c9d5c86216a07a08e.pkl,1
D:\08_Dataset\Internal\mar2020\pickle_files\20a97929e5faaa118687eca7681a129851f9230e.pkl,1
D:\08_Dataset\Internal\mar2020\pickle_files\75a2456c9b2c2c4bfdd4eeea7f7a517a3d65666a.pkl,1
D:\08_Dataset\Internal\mar2020\pickle_files\221041e4f899b6deff2c5fab7cd5105d91aab149.pkl,1
D:\08_Dataset\Internal\mar2020\pickle_files\84d1cc63e5bfe1a303f78ca82ff05ecc420a9b4f.pkl,1
D:\08_Dataset\Internal\mar2020\pickle_files\0a74d3911a6e9579102c610fb2125cc26bb717e0.pkl,1
D:\08_Dataset\Internal\mar2020\pickle_files\fc51c59d9be9ff614a6d24df62c856b5df38cc10.pkl,1
D:\08_Dataset\Internal\mar2020\pickle_files\2650eae58903ed8cfd4f2d1ff04f40b8c68b1fd7.pkl,1
D:\08_Dataset\Internal\mar2020\pickle_files\9e1f27d42fbaa6b2fe5eda89543a8256e0502e5d.pkl,1
D:\08_Dataset\Internal\mar2020\pickle_files\cf2f66e51e4ebdc617b1658a5c7e255eff85cdb3.pkl,1
D:\08_Dataset\Internal\mar2020\pickle_files\483a6c834cab264dff4c4ee5105b951a2b770f73.pkl,1
D:\08_Dataset\Internal\mar2020\pickle_files\8654196c2a5a06b6297791e5c49f55f28676098e.pkl,1
D:\08_Dataset\Internal\mar2020\pickle_files\54be4069c124b79d211d3ffc00e708f751046a54.pkl,1
D:\08_Dataset\Internal\mar2020\pickle_files\4026ebd4a8a92ebaea01d9c8185a249a2e64db7a.pkl,1
D:\08_Dataset\Internal\mar2020\pickle_files\5a6cee551b63ac9b1f298626ac0e20884109df99.pkl,1
D:\08_Dataset\Internal\mar2020\pickle_files\978d7d5e6eb75e4be38bd9ff77b1a9a9ef9670c5.pkl,1
D:\08_Dataset\Internal\mar2020\pickle_files\1120a9a4dc715ad9cd0e7d09f65c48334cb4fdfd.pkl,1
D:\08_Dataset\Internal\mar2020\pickle_files\252c6f0524eb4ea0d08acd9156d472b65ed1cdca.pkl,1
D:\08_Dataset\Internal\mar2020\pickle_files\8f8c4fc73707691e7c63a7d9515a44c2ee7c3854.pkl,1
D:\08_Dataset\Internal\mar2020\pickle_files\01a8727c30f9a462b48f7abc93a025cced2ef279.pkl,1
D:\08_Dataset\Internal\mar2020\pickle_files\136b28dfb583cd3a3ada1ddddcbaa65a56a06f4e.pkl,1
D:\08_Dataset\Internal\mar2020\pickle_files\9f1273eec4d4e64ae8499c42984087761f4f1c5a.pkl,1
D:\08_Dataset\Internal\mar2020\pickle_files\fa2fe864823ac79193b289a10effa6999bd5be71.pkl,1
D:\08_Dataset\Internal\mar2020\pickle_files\d47aa10ed7cb7c90204e4cf65afdc7094d4503ae.pkl,1
D:\08_Dataset\Internal\mar2020\pickle_files\b3979e50d4fa19dd3c2eabb86b1c4484dd09ad16.pkl,1
D:\08_Dataset\Internal\mar2020\pickle_files\686fc6ce640724eb5934623750fa1d385da42f0a.pkl,1
D:\08_Dataset\Internal\mar2020\pickle_files\221b95609b5af3b5e69cea4c63c22d688f6847a7.pkl,1
D:\08_Dataset\Internal\mar2020\pickle_files\b5aa739c6931a349a9b8b6ee9a6e408b966b468e.pkl,1
D:\08_Dataset\Internal\mar2020\pickle_files\9d374456cac2e45a0f57b7e536082a31d7f9658f.pkl,1
D:\08_Dataset\Internal\mar2020\pickle_files\291bc490880f5e6504f0de0c54e9e3edb105b915.pkl,1
D:\08_Dataset\Internal\mar2020\pickle_files\3b3edbbbf04a976456aa5af8f17438bcf1ef257d.pkl,1
D:\08_Dataset\Internal\mar2020\pickle_files\e38b34ac6169b2961463df83484a9ba6aa4992b8.pkl,1
D:\08_Dataset\Internal\mar2020\pickle_files\c11796c313756fa6ca7b1f4d19c6ce4e014579ac.pkl,1
D:\08_Dataset\Internal\mar2020\pickle_files\7f05bcc1927cc1e4a195733c2f95b6ae3e380dbc.pkl,1
D:\08_Dataset\Internal\mar2020\pickle_files\449360e280e52d7892172a92a7815751bded5d8c.pkl,1
D:\08_Dataset\Internal\mar2020\pickle_files\0cc3b3704db38e494c3261c2dfab5b4734d63098.pkl,1
D:\08_Dataset\Internal\mar2020\pickle_files\cd7567acf0c82203eccce9604ddd4a33972571a5.pkl,1
D:\08_Dataset\Internal\mar2020\pickle_files\24eb213a102389e85a1fa86068ec2cdcc9819fd3.pkl,1
D:\08_Dataset\Internal\mar2020\pickle_files\6aa8ef76f8de056b1755f4f3957876369cf0b52e.pkl,1
D:\08_Dataset\Internal\mar2020\pickle_files\c0c7762cbdffb7b9c4d8d489349a8260c735dd4c.pkl,1
D:\08_Dataset\Internal\mar2020\pickle_files\eba2295d0992c872345564551fa8e1bd8db161db.pkl,1
D:\08_Dataset\Internal\mar2020\pickle_files\1d620e12949eb29ed75e3604d4071f82865fb75f.pkl,1
D:\08_Dataset\Internal\mar2020\pickle_files\90f425cda17f1757386d0605273c8d2c4941e721.pkl,1
D:\08_Dataset\Internal\mar2020\pickle_files\3acb9c2a17369c4079e89b343576d0145955b3d9.pkl,1
D:\08_Dataset\Internal\mar2020\pickle_files\89ea9a5d1ac614c83b080d49d6c8f97362016403.pkl,1
D:\08_Dataset\Internal\mar2020\pickle_files\922708145b05889c32ca2b706151cd2193adc275.pkl,1
D:\08_Dataset\Internal\mar2020\pickle_files\c7dcbe2231942d6e6db5cded15a2a7d0b4bc742e.pkl,1
D:\08_Dataset\Internal\mar2020\pickle_files\b22f6e0a4e343cb246412c28e2459be8ddef835e.pkl,1
D:\08_Dataset\Internal\mar2020\pickle_files\7f5848c583a2c42342d3f0a53848c9b88d5c9076.pkl,1
D:\08_Dataset\Internal\mar2020\pickle_files\8fae55b16bd94c966ea283fcb0d72d454bbcf880.pkl,1
D:\08_Dataset\Internal\mar2020\pickle_files\f1367b4e467ba4675dd1354f2adaed9f787225ee.pkl,1
D:\08_Dataset\Internal\mar2020\pickle_files\c0a8ccf1f19dd190fab84109e76c98c85b6cc85a.pkl,1
D:\08_Dataset\Internal\mar2020\pickle_files\dfc5a3de66eee580407ac1af31b07dbb01d46c77.pkl,1
D:\08_Dataset\Internal\mar2020\pickle_files\572a6f1c181272adecac88b5a1adc471e1175248.pkl,1
D:\08_Dataset\Internal\mar2020\pickle_files\639e799b2a7b2f4398ccd21d415e59d57b7b521f.pkl,1
D:\08_Dataset\Internal\mar2020\pickle_files\e0024f8ae2b90bc69a52e76a144472b13b37182b.pkl,1
D:\08_Dataset\Internal\mar2020\pickle_files\f8fd786e50f4febadbd1f804945c835d27fee93b.pkl,1
D:\08_Dataset\Internal\mar2020\pickle_files\1c4554ab2cc6d7ae1ee4591352a7066e06c45958.pkl,1
D:\08_Dataset\Internal\mar2020\pickle_files\e5d7cebc085c585be000dd612b4f9d32d3364cbf.pkl,1
D:\08_Dataset\Internal\mar2020\pickle_files\025b0462f1db5ac92f7e1f98c7da338d3a742e10.pkl,1
D:\08_Dataset\Internal\mar2020\pickle_files\c67df6bd0a2dc19a1586bbe6fe5b0fcb8d5b9599.pkl,1
D:\08_Dataset\Internal\mar2020\pickle_files\cd722e001bfbdfb505e935e5669189b9f196b596.pkl,1
D:\08_Dataset\Internal\mar2020\pickle_files\4035189b4b9b220b1f2d7a1f3406d2ab7984e978.pkl,1
D:\08_Dataset\Internal\mar2020\pickle_files\6e45803f94e9c734b8f3c6f98432279abd18440b.pkl,1
D:\08_Dataset\Internal\mar2020\pickle_files\13f49d6d092d30d6747559c99ea1bb7c9757c49e.pkl,1
D:\08_Dataset\Internal\mar2020\pickle_files\ecd2300f40e76a2d010e3061d22b9f8c16284c37.pkl,1
D:\08_Dataset\Internal\mar2020\pickle_files\3e4e66843141f5c9310dd5c727a6d73b3e48e324.pkl,1
D:\08_Dataset\Internal\mar2020\pickle_files\c8de935e60d25b327bc39a6a52d1aa6519155273.pkl,1
D:\08_Dataset\Internal\mar2020\pickle_files\c01f3fcca7b81a8b780a4f63a1f5e0b29e3b3536.pkl,1
D:\08_Dataset\Internal\mar2020\pickle_files\f9dafa5a00e8081248d7969219fd5f0dad88c106.pkl,1
D:\08_Dataset\Internal\mar2020\pickle_files\e467bc64a617b51986762e307f84962b3675f5dd.pkl,1
D:\08_Dataset\Internal\mar2020\pickle_files\e4d0e8387ee591013128606529bc8b3cb9248037.pkl,1
D:\08_Dataset\Internal\mar2020\pickle_files\e64181d097615ae698f92236ca80c8336bb6a2db.pkl,1
D:\08_Dataset\Internal\mar2020\pickle_files\c6a099259c8e3cd4e37e6e03fad3f9438b3abf8d.pkl,1
D:\08_Dataset\Internal\mar2020\pickle_files\79bff026755d09ee8a98e119c2b5f299202758d8.pkl,1
D:\08_Dataset\Internal\mar2020\pickle_files\0eac125dc325944267caf4e40be102c2e6b51d8b.pkl,1
D:\08_Dataset\Internal\mar2020\pickle_files\afb064cb291cb78b758a14c02c53bb26bdfa1ac8.pkl,1
D:\08_Dataset\Internal\mar2020\pickle_files\2abd3a161785dcf8978b8f863be5fba3fccd06b3.pkl,1
D:\08_Dataset\Internal\mar2020\pickle_files\b5a9d9723b462aaa11e34427bb477fff16efe995.pkl,1
D:\08_Dataset\Internal\mar2020\pickle_files\abd67aa9b3749473b6e186afe2bcbe89a2e0af03.pkl,1
D:\08_Dataset\Internal\mar2020\pickle_files\f90b3fd441d4b7911855b8e692df81f0c028d14f.pkl,1
D:\08_Dataset\Internal\mar2020\pickle_files\2060dcbd3d447289eda1e52d790c6f4bc23152c3.pkl,1
D:\08_Dataset\Internal\mar2020\pickle_files\3f4bf46206ccf509adc39f68b76f3398ca87a4c4.pkl,1
D:\08_Dataset\Internal\mar2020\pickle_files\77b059d8a0e883a738a80653cd28f77eca81f9fd.pkl,1
D:\08_Dataset\Internal\mar2020\pickle_files\d6817e516242da2c0846b0805e61a6efe7994c9c.pkl,1
D:\08_Dataset\Internal\mar2020\pickle_files\c1ad1c75c96c310c003c8d7784b159ddc67f8a65.pkl,1
D:\08_Dataset\Internal\mar2020\pickle_files\f51d9a158aa8543b611993f2180bbcc9d95bf291.pkl,1
D:\08_Dataset\Internal\mar2020\pickle_files\19c89c40444dc4f3ef2a1c8046964df593a32b5e.pkl,1
D:\08_Dataset\Internal\mar2020\pickle_files\df26c5380d0101860cb0587d89a7e0619ab6a611.pkl,1
D:\08_Dataset\Internal\mar2020\pickle_files\d676f003a8ba82ad749f1cee84b7499823980f3f.pkl,1
D:\08_Dataset\Internal\mar2020\pickle_files\05062505facd87555072efb81fe3ae63019e547a.pkl,1
D:\08_Dataset\Internal\mar2020\pickle_files\05dc1c6bda95ac626236ae64f8d6b39bff2b7cd8.pkl,1
D:\08_Dataset\Internal\mar2020\pickle_files\2ce4f0ff253e210cc15d9e76f01bbf2b7ea481da.pkl,1
D:\08_Dataset\Internal\mar2020\pickle_files\d218d82eb12764f16e499069900ab8f698ed3a8f.pkl,1
D:\08_Dataset\Internal\mar2020\pickle_files\bd8b9a2dc92c7eedad5992a7ae9dbbaa29fbb59e.pkl,1
D:\08_Dataset\Internal\mar2020\pickle_files\675d86e8637c89f1df5a33a0d769adfdc4fa37af.pkl,1
D:\08_Dataset\Internal\mar2020\pickle_files\90040fcc9d1ebad8bb98db9403b2b24095d6f20e.pkl,1
D:\08_Dataset\Internal\mar2020\pickle_files\eeab164fece91481e36732c6e134770bc0989295.pkl,1
D:\08_Dataset\Internal\mar2020\pickle_files\c2860f3b4169c4365a83197ce90ef771167a9040.pkl,1
D:\08_Dataset\Internal\mar2020\pickle_files\bedc2e914ee3484b7e131ea1c576267b9a84f740.pkl,1
D:\08_Dataset\Internal\mar2020\pickle_files\720818360153df4f816956ba928338aaf713cae8.pkl,1
D:\08_Dataset\Internal\mar2020\pickle_files\4f09aed62c917cb257f03e11b94f007814ff608b.pkl,1
D:\08_Dataset\Internal\mar2020\pickle_files\7be251aee7fc5110ede4da89168dcd9c64ffcf74.pkl,1
D:\08_Dataset\Internal\mar2020\pickle_files\156b3e27568aa946e2ab4501db813f6b95a24abd.pkl,1
D:\08_Dataset\Internal\mar2020\pickle_files\afceda76e5ce33df4b0465cbbf3ab3626c69a661.pkl,1
D:\08_Dataset\Internal\mar2020\pickle_files\b07ffe3603d875d425ddb446d76b28e7db0a783e.pkl,1
D:\08_Dataset\Internal\mar2020\pickle_files\7a3aa2d0ef30754395a843f5d93e9aea05eced13.pkl,1
D:\08_Dataset\Internal\mar2020\pickle_files\dd5fd530c0de3ebc3802561d072b2a9247b4c0e4.pkl,1
D:\08_Dataset\Internal\mar2020\pickle_files\c233efceda71a1cbc26da7654fea298c8a6b8afc.pkl,1
D:\08_Dataset\Internal\mar2020\pickle_files\d67c6b79144463bb0d6faa6c1073d6ed703c21ca.pkl,1
D:\08_Dataset\Internal\mar2020\pickle_files\0088e0b1e7968301000cf843496fdac6f8dc3981.pkl,1
D:\08_Dataset\Internal\mar2020\pickle_files\0710ec50eafcbd5dd4d6ec21cbdfceb12d820962.pkl,1
D:\08_Dataset\Internal\mar2020\pickle_files\5974c99257c6e5b164ea02086a63909cfa008f07.pkl,1
D:\08_Dataset\Internal\mar2020\pickle_files\134ac501da8f2dc8662adfab2974137de36ddb56.pkl,1
D:\08_Dataset\Internal\mar2020\pickle_files\ec8cf6b1f1292315c5b2f7c4e308f150c3380408.pkl,1
D:\08_Dataset\Internal\mar2020\pickle_files\fa9100785bacf86ab0d89b248e39826e0a23ce81.pkl,1
D:\08_Dataset\Internal\mar2020\pickle_files\bbbe0337cc6d9e0c6ad0ecc60d47bd2d42da4108.pkl,1
D:\08_Dataset\Internal\mar2020\pickle_files\3036c086215099d86cad1863cc5e44235561e942.pkl,1
D:\08_Dataset\Internal\mar2020\pickle_files\ece1414fe03dd64187aa8cbef5dc15a798d1fe61.pkl,1
D:\08_Dataset\Internal\mar2020\pickle_files\2199aca6e707d42515b0b0668623828d6827fbf3.pkl,1
D:\08_Dataset\Internal\mar2020\pickle_files\889a2ee6858b321b36dbfd497bcf9f4b971237f4.pkl,1
D:\08_Dataset\Internal\mar2020\pickle_files\f4bc6976cd0097d1f223e9521016e55335d3512c.pkl,1
D:\08_Dataset\Internal\mar2020\pickle_files\f14460fd02caaff471c6f3fcb851b179e1ed4656.pkl,1
D:\08_Dataset\Internal\mar2020\pickle_files\4d98948fed00414ecd6294ff2d0e560a704295fc.pkl,1
D:\08_Dataset\Internal\mar2020\pickle_files\a53b18f3b6b59953cc3279b05c75c7e5060f6e99.pkl,1
D:\08_Dataset\Internal\mar2020\pickle_files\c5729216aba6c325d4680df7cac7cb13bfaf8dd2.pkl,1
D:\08_Dataset\Internal\mar2020\pickle_files\5a59845ad1ae8db8ee650ccd27b0e53f1fb9ae50.pkl,1
D:\08_Dataset\Internal\mar2020\pickle_files\f516f965e1272076846ba0a282d0f699d2048bec.pkl,1
D:\08_Dataset\Internal\mar2020\pickle_files\777016bb09c6b44cef554c551c4ca150b494fa10.pkl,1
D:\08_Dataset\Internal\mar2020\pickle_files\b3173f46f4ea1744de969942c46e8df18a8c4d18.pkl,1
D:\08_Dataset\Internal\mar2020\pickle_files\1335a230dc12737aea2c9b910f9d712e2859e29e.pkl,1
D:\08_Dataset\Internal\mar2020\pickle_files\8f013eb337abf622f1d2a588d3faae10e2535a03.pkl,1
D:\08_Dataset\Internal\mar2020\pickle_files\e7072c92028864fdaa7f23bfbadb286e0b5a1ef7.pkl,1
D:\08_Dataset\Internal\mar2020\pickle_files\1b66b58962c7770f39a15cff608888fc1097b921.pkl,1
D:\08_Dataset\Internal\mar2020\pickle_files\c0a0a4bef3eea7fda804d15f7e157abcb756d6b9.pkl,1
D:\08_Dataset\Internal\mar2020\pickle_files\4c2369720d350c6f63b351644cd186c7731c0912.pkl,1
D:\08_Dataset\Internal\mar2020\pickle_files\784d18c1aa15b284122b2bcb0b2222f8dbace900.pkl,1
D:\08_Dataset\Internal\mar2020\pickle_files\9626082c1a4b74f8e953eaf3feaae8fec87405fd.pkl,1
D:\08_Dataset\Internal\mar2020\pickle_files\e7646eaf5f2c4c30528fcff0dde69fd38c048925.pkl,1
D:\08_Dataset\Internal\mar2020\pickle_files\abfedbf0dde2528f742ed550eab485907866b30c.pkl,1
D:\08_Dataset\Internal\mar2020\pickle_files\54f66fdb23459eeda18caa58088fe3871adcdd6c.pkl,1
D:\08_Dataset\Internal\mar2020\pickle_files\9169b3c401117800c5d387cee98d47bff0c611f1.pkl,1
D:\08_Dataset\Internal\mar2020\pickle_files\2b59c5a51f8ce40172223863812e5c4c73c216f1.pkl,1
D:\08_Dataset\Internal\mar2020\pickle_files\1d59567378bf14665f13d1f96162702cea938bea.pkl,1
D:\08_Dataset\Internal\mar2020\pickle_files\767b61baa44db501cd10654d626edb3a0ce7e953.pkl,1
D:\08_Dataset\Internal\mar2020\pickle_files\f5116465cf2743ac578f7c03aad2bf377c209c2d.pkl,1
D:\08_Dataset\Internal\mar2020\pickle_files\fd050542800340a40552cb86af8af8217484f75b.pkl,1
D:\08_Dataset\Internal\mar2020\pickle_files\8ba193625c52ee70d91fc775e8853a41449593a6.pkl,1
D:\08_Dataset\Internal\mar2020\pickle_files\14d2692544637b29ce364006fe7b60ed4805051e.pkl,1
D:\08_Dataset\Internal\mar2020\pickle_files\09c793c83fffdfda613b1bd884a637f68a3e1906.pkl,1
D:\08_Dataset\Internal\mar2020\pickle_files\48bba1e30114c5136f211a8f47ba2f474483a2c4.pkl,1
D:\08_Dataset\Internal\mar2020\pickle_files\456dc25be704f966144c383494790ab5783a4d81.pkl,1
D:\08_Dataset\Internal\mar2020\pickle_files\7b358416827a1dad4096a786014891ffbf06eb41.pkl,1
D:\08_Dataset\Internal\mar2020\pickle_files\3db4ac014d45f79b990d05f375e7057a25f075c9.pkl,1
D:\08_Dataset\Internal\mar2020\pickle_files\1623b9bbda3409876d39c470fd7a19e9982dbd2e.pkl,1
D:\08_Dataset\Internal\mar2020\pickle_files\a638060fa52d77b2da11b4a5255982f385aaa4b3.pkl,1
D:\08_Dataset\Internal\mar2020\pickle_files\0d492291f6664db084fe3287b4a4aa02b35b6048.pkl,1
D:\08_Dataset\Internal\mar2020\pickle_files\e5ebffd9de2646f727e1242a6f70cbd716a122ca.pkl,1
D:\08_Dataset\Internal\mar2020\pickle_files\bfb4c3839d2d2e9eeece71cd527ec06cdbe912a1.pkl,1
D:\08_Dataset\Internal\mar2020\pickle_files\0ae3c2a0b75d4628085a5aa26e0afd514ebd7c5a.pkl,1
D:\08_Dataset\Internal\mar2020\pickle_files\20b37768ed82b77abfc0abe1427fc28c154f1417.pkl,1
D:\08_Dataset\Internal\mar2020\pickle_files\d6f9861d997642c16d9037ec24835f575145edcf.pkl,1
D:\08_Dataset\Internal\mar2020\pickle_files\623cfaedf0c54363e62fbc3f428e666afc513f20.pkl,1
D:\08_Dataset\Internal\mar2020\pickle_files\87f5e3e4459da0357e368302ef75f297d7e57377.pkl,1
D:\08_Dataset\Internal\mar2020\pickle_files\7ed76629cff86ffe29d8918bbc2dd53707477eb9.pkl,1
D:\08_Dataset\Internal\mar2020\pickle_files\9376a9dda82d52dd34dcc87559a4c2dae5ddb55c.pkl,1
D:\08_Dataset\Internal\mar2020\pickle_files\b8d1a378c09284e5239237cb7488e8f02bdbaa5e.pkl,1
D:\08_Dataset\Internal\mar2020\pickle_files\41a96577795f8178471d413514af80c14000a493.pkl,1
D:\08_Dataset\Internal\mar2020\pickle_files\cf472a1a5758f602cf6e9ca940d14e8709d3ea52.pkl,1
D:\08_Dataset\Internal\mar2020\pickle_files\a21113f4d4420121caac639e446e64eee04afb91.pkl,1
D:\08_Dataset\Internal\mar2020\pickle_files\7a1ab66b85f46b69cda595c9f780e958fbbab390.pkl,1
D:\08_Dataset\Internal\mar2020\pickle_files\a5870b18e3cd75be72b0931ab4c9890579acf74f.pkl,1
D:\08_Dataset\Internal\mar2020\pickle_files\5c0520706cffbe5288f2dd6e955d2064bf030127.pkl,1
D:\08_Dataset\Internal\mar2020\pickle_files\da3ad28d7a33905ab3bb73225d25afa67b2f0f8f.pkl,1
D:\08_Dataset\Internal\mar2020\pickle_files\d8b2b352679f70b94543bcd7258f05506b0c3ac5.pkl,1
D:\08_Dataset\Internal\mar2020\pickle_files\e6cc82ef183bd1a57be08cb2cca510f1686312a4.pkl,1
D:\08_Dataset\Internal\mar2020\pickle_files\e10c5c7ef760ff12f6b0290da32866631f890cfd.pkl,1
D:\08_Dataset\Internal\mar2020\pickle_files\8d7cd32d6c6107935c29a459e4ad6075d4baa6c0.pkl,1
D:\08_Dataset\Internal\mar2020\pickle_files\6eb94114ac42a807173fa02f14c776e6334ffc4b.pkl,1
D:\08_Dataset\Internal\mar2020\pickle_files\b04b12b4ac0ad6743b7c430a046dfb248bfd80f2.pkl,1
D:\08_Dataset\Internal\mar2020\pickle_files\2e24df4681285ea5519e87d5e6f980c93ef7e134.pkl,1
D:\08_Dataset\Internal\mar2020\pickle_files\74c780f15fab0afbece146e9fcaf6c10932d918a.pkl,1
D:\08_Dataset\Internal\mar2020\pickle_files\6f25be72f14b753ecbf2347e22b64ae4192a6873.pkl,1
D:\08_Dataset\Internal\mar2020\pickle_files\f141f5320b31577cf809a2fb4dc2929b9b2c2e41.pkl,1
D:\08_Dataset\Internal\mar2020\pickle_files\802269d9d2f03f2a0964acd10d4984661f35e427.pkl,1
D:\08_Dataset\Internal\mar2020\pickle_files\1e4e2be9484f74f917793de01d6601b12f8b98ec.pkl,1
D:\08_Dataset\Internal\mar2020\pickle_files\0e4950a510b949d1fefe4ea4a609454756cad085.pkl,1
D:\08_Dataset\Internal\mar2020\pickle_files\e55338ab6ff4424ae48fe133d142d48c0fb3d5b6.pkl,1
D:\08_Dataset\Internal\mar2020\pickle_files\5e9d8551e5879ee5ca4cc052ced6c714f1504b8a.pkl,1
D:\08_Dataset\Internal\mar2020\pickle_files\30a14bd0d0f433c6819d0147cceb33ace5bb01b4.pkl,1
D:\08_Dataset\Internal\mar2020\pickle_files\90a02ca171941fa617ab8cb99fab642392098dd0.pkl,1
D:\08_Dataset\Internal\mar2020\pickle_files\3d72e060d319ae193fbbade87c283485a460f065.pkl,1
D:\08_Dataset\Internal\mar2020\pickle_files\6850a1177a2a51868a0c711b03d84b20b3f6b806.pkl,1
D:\08_Dataset\Internal\mar2020\pickle_files\c8b4a94f14b90add8f8f6173a9144a365bc1330b.pkl,1
D:\08_Dataset\Internal\mar2020\pickle_files\99d40622d37bf85b8aa2846e49a8a2b58dff8e35.pkl,1
D:\08_Dataset\Internal\mar2020\pickle_files\14ef98e972eb6a10d3bc588d1280e3b4a9c14ea5.pkl,1
D:\08_Dataset\Internal\mar2020\pickle_files\f06c285d9affe442eb7deaab64db25f49eff18bb.pkl,1
D:\08_Dataset\Internal\mar2020\pickle_files\4a6329576b77ce51eaa22879f38ad98634b5a75e.pkl,1
D:\08_Dataset\Internal\mar2020\pickle_files\15d90c7a8fc9edd925f884a7cf81ffdc89851aa2.pkl,1
D:\08_Dataset\Internal\mar2020\pickle_files\b0bf6d086950e318174fb0bdac193f8a6379e238.pkl,1
D:\08_Dataset\Internal\mar2020\pickle_files\7d604946db4927cfa158a4d204bc8b15b45800ad.pkl,1
D:\08_Dataset\Internal\mar2020\pickle_files\9243a6c102e198cfd69d9d23f681b120ac97f3d1.pkl,1
D:\08_Dataset\Internal\mar2020\pickle_files\526f81c34ffb9fcfc47dce13bb2b16331a932a7c.pkl,1
D:\08_Dataset\Internal\mar2020\pickle_files\df68c76d782f25d284a29fee27205c5cc21fbad6.pkl,1
D:\08_Dataset\Internal\mar2020\pickle_files\691079ff44f158ebf9b96b872ce1a30a172aac74.pkl,1
D:\08_Dataset\Internal\mar2020\pickle_files\9863fcb84d01db16f67da5aebc859fbffbc2b5f0.pkl,1
D:\08_Dataset\Internal\mar2020\pickle_files\d84c853184d3c494b4994a29c51d3081a4692af8.pkl,1
D:\08_Dataset\Internal\mar2020\pickle_files\40baded1337394db7c215111b8640961f1655249.pkl,1
D:\08_Dataset\Internal\mar2020\pickle_files\3e9eda76b6ef7ed77efcf1acbe93f1d711cc087f.pkl,1
D:\08_Dataset\Internal\mar2020\pickle_files\ae81403b35491a2f3fa8388f5984e902560c8c7e.pkl,1
D:\08_Dataset\Internal\mar2020\pickle_files\2776f797935f6fd509aaf9d8d2ee1b5558c359bc.pkl,1
D:\08_Dataset\Internal\mar2020\pickle_files\305bdededd4ae70bf9695d9b7242430a2c68dc41.pkl,1
D:\08_Dataset\Internal\mar2020\pickle_files\224617cc381a7522217bf9192477387ea70dc716.pkl,1
D:\08_Dataset\Internal\mar2020\pickle_files\3d0cd3f9c76c84b9e471921bb972e030d290c82a.pkl,1
D:\08_Dataset\Internal\mar2020\pickle_files\634e3b098370e47f9484517a3f6b37c2ca05eb72.pkl,1
D:\08_Dataset\Internal\mar2020\pickle_files\089dc059a7260c53e6c7cce7638592ec1e529df9.pkl,1
D:\08_Dataset\Internal\mar2020\pickle_files\c5503e41848674a154b98234ab98589de4d44237.pkl,1
D:\08_Dataset\Internal\mar2020\pickle_files\86709f363cf1e1e9e36cdf849ea7cf4354638768.pkl,1
D:\08_Dataset\Internal\mar2020\pickle_files\3310b46a220ac4d01e939479a375cf28e76b0db2.pkl,1
D:\08_Dataset\Internal\mar2020\pickle_files\f6c36cfcdf1085967848ae2ec601304a1d2f0054.pkl,1
D:\08_Dataset\Internal\mar2020\pickle_files\0424098d7b923a82578a1c48831f28bd8cdd4543.pkl,1
D:\08_Dataset\Internal\mar2020\pickle_files\a520a5a18800762e5e5a71f5167f89e56a655939.pkl,1
D:\08_Dataset\Internal\mar2020\pickle_files\b3717fbdfa8ff824cea8addbe855eefe9f2f88e8.pkl,1
D:\08_Dataset\Internal\mar2020\pickle_files\6f568880cd39a51fd9b6c3b5ebec3b9d0f303291.pkl,1
D:\08_Dataset\Internal\mar2020\pickle_files\3fc420247f88c2469c876da9478321330d19ee56.pkl,1
D:\08_Dataset\Internal\mar2020\pickle_files\e0607030f0a17db9c3a3561764005575114f35ee.pkl,1
D:\08_Dataset\Internal\mar2020\pickle_files\2bfdc35b2d2d1c01d633eb4a52a2b1be47dc6e73.pkl,1
D:\08_Dataset\Internal\mar2020\pickle_files\ab0dfac6561c1b57cc1728f31d0f6c915a450e9c.pkl,1
D:\08_Dataset\Internal\mar2020\pickle_files\fe413ad8ab715e37c5c557266a5097b416507407.pkl,1
D:\08_Dataset\Internal\mar2020\pickle_files\4c6f11aca51d3ca3282ac17254a4576e4b41f7c2.pkl,1
D:\08_Dataset\Internal\mar2020\pickle_files\8a02b7ad055c1d6583e2f7faf0a2841d02ca76bc.pkl,1
D:\08_Dataset\Internal\mar2020\pickle_files\7e7c010c794b563d5e4d61d47dfaabae6cb0b620.pkl,1
D:\08_Dataset\Internal\mar2020\pickle_files\697bb2f29e54c8e3943999ca76f2ce8809e46640.pkl,1
D:\08_Dataset\Internal\mar2020\pickle_files\1ce067e63790e49b9ce7ed0aad12beab9ae0ad79.pkl,1
D:\08_Dataset\Internal\mar2020\pickle_files\f9e12dea3c814bd93dd2faaac67f5ce1a022dd08.pkl,1
D:\08_Dataset\Internal\mar2020\pickle_files\07ecdb34d939057389e8794a8a272dcf0ed6c76f.pkl,1
D:\08_Dataset\Internal\mar2020\pickle_files\e3db60173527e05c76a053b49d4d00b734179c1a.pkl,1
D:\08_Dataset\Internal\mar2020\pickle_files\e935f38d91232ae47b379bb10143d20cda5740c0.pkl,1
D:\08_Dataset\Internal\mar2020\pickle_files\f4aeb93ccf530f16486aa5e950be6ed5be4bfbbd.pkl,1
D:\08_Dataset\Internal\mar2020\pickle_files\938488d724342d94eedef3cc3e295fc14bcfa58e.pkl,1
D:\08_Dataset\Internal\mar2020\pickle_files\7f26802425d1a7e5863c3b524b5f7eed955fb8e6.pkl,1
D:\08_Dataset\Internal\mar2020\pickle_files\7b7489f57029891bce7f2a34a8eee7a81bc21734.pkl,1
D:\08_Dataset\Internal\mar2020\pickle_files\458970a5d988b3d7a704e609469cac33e077f45f.pkl,1
D:\08_Dataset\Internal\mar2020\pickle_files\0498ad869d206c0259054ce933f759fe36648964.pkl,1
D:\08_Dataset\Internal\mar2020\pickle_files\2013ecfd6fc334a9cfd6136f89a3a5eeb2b100b1.pkl,1
D:\08_Dataset\Internal\mar2020\pickle_files\7b1e7528e0d8343a5e531c3db53f131487f0d6dc.pkl,1
D:\08_Dataset\Internal\mar2020\pickle_files\37cd53b3a5c9bfd64e13ff60d0f9243318ad8748.pkl,1
D:\08_Dataset\Internal\mar2020\pickle_files\a92ab8ef67d771388d0c057389ab90a3226b3c05.pkl,1
D:\08_Dataset\Internal\mar2020\pickle_files\2510fac726f1c7e864edcdb44ea34f5e5988060f.pkl,1
D:\08_Dataset\Internal\mar2020\pickle_files\8f37328b888dfbc1016e63a496d9c7d527b70f56.pkl,1
D:\08_Dataset\Internal\mar2020\pickle_files\574eddb4fc71b5f8ce27e5d27e89b3ad694635b5.pkl,1
D:\08_Dataset\Internal\mar2020\pickle_files\7b0af0b4aaa431c5125ec6fbc892809b8e9f21a6.pkl,1
D:\08_Dataset\Internal\mar2020\pickle_files\802fca12a1e546cbfa1236a8a99d0fe2883f4156.pkl,1
D:\08_Dataset\Internal\mar2020\pickle_files\53e0421a4c5e9346348069273e879bd589e5fee2.pkl,1
D:\08_Dataset\Internal\mar2020\pickle_files\4c9ee0be97e7187a9d18b1cfd09e451cc77dd47c.pkl,1
D:\08_Dataset\Internal\mar2020\pickle_files\f3fa67fe972f9e666b3458c87dbae4cd8b1d851c.pkl,1
D:\08_Dataset\Internal\mar2020\pickle_files\4cde5957fd1bb2052d160cddf337e0d1057c23be.pkl,1
D:\08_Dataset\Internal\mar2020\pickle_files\a6f8d33dfc6175eb51ba38a3ad5a53c0a190e9d4.pkl,1
D:\08_Dataset\Internal\mar2020\pickle_files\11e7a1cb8d57705a5767904378219721d63ebb77.pkl,1
D:\08_Dataset\Internal\mar2020\pickle_files\64695579e961f7b723f4ddfb6e3200a052a429c3.pkl,1
D:\08_Dataset\Internal\mar2020\pickle_files\4d86b8d971162f5c944908c07e897019daa490e6.pkl,1
D:\08_Dataset\Internal\mar2020\pickle_files\17d01152e0c40036c5cc143cebc7eec4eb2933b5.pkl,1
D:\08_Dataset\Internal\mar2020\pickle_files\5512e3a4b3a5ead22bfb28d8dcf04fb300286581.pkl,1
D:\08_Dataset\Internal\mar2020\pickle_files\d6e82e06e4ce07fb58acef8faa62ef26fbb3d868.pkl,1
D:\08_Dataset\Internal\mar2020\pickle_files\91658bc96fc116bcf1b5fa39513155b577904bb3.pkl,1
D:\08_Dataset\Internal\mar2020\pickle_files\d91f77383681b2fd4e71af2b53f0e986b43dfea8.pkl,1
D:\08_Dataset\Internal\mar2020\pickle_files\3b43531ba7bc8be57e7274051323d9ec5df21b46.pkl,1
D:\08_Dataset\Internal\mar2020\pickle_files\11666fea776114ad7d44f30fbf4e0601ccb5ba84.pkl,1
D:\08_Dataset\Internal\mar2020\pickle_files\0d7e23e88723ebad562525f7239ff7090fbd04be.pkl,1
D:\08_Dataset\Internal\mar2020\pickle_files\d456204220e713cdeb1d78574772e7ba3e9e9b31.pkl,1
D:\08_Dataset\Internal\mar2020\pickle_files\3cdd2de0eb056ecdfece44c01ae332268abefd11.pkl,1
D:\08_Dataset\Internal\mar2020\pickle_files\cbcf87bef3d8abf3318d85cf2b88024f07850628.pkl,1
D:\08_Dataset\Internal\mar2020\pickle_files\8a3b694de7c84266d1d86fcfe84493e5f90739b1.pkl,1
D:\08_Dataset\Internal\mar2020\pickle_files\52b2caf48865efcf2b178656329dc49786b5476e.pkl,1
D:\08_Dataset\Internal\mar2020\pickle_files\7db0f506f30bbc1c679cf84a622e25afeed013bb.pkl,1
D:\08_Dataset\Internal\mar2020\pickle_files\67a2dc4087c8dbedaa6a41268820e8b907b93f9b.pkl,1
D:\08_Dataset\Internal\mar2020\pickle_files\c851780defcb4be337150b6bcaffde0b1dd3d327.pkl,1
D:\08_Dataset\Internal\mar2020\pickle_files\23b67a1a5d0b21b2d6f9f31d444f8838fba8b774.pkl,1
D:\08_Dataset\Internal\mar2020\pickle_files\a7c9f9e7e1d8d126aba4346539678e451dc11a19.pkl,1
D:\08_Dataset\Internal\mar2020\pickle_files\1911b3420355da44dc36e87cc83c58597fd07f56.pkl,1
D:\08_Dataset\Internal\mar2020\pickle_files\7ee6faea3ce6aaad4658037cbdec2d10cb57c7b1.pkl,1
D:\08_Dataset\Internal\mar2020\pickle_files\6d2b7498603550e6c3853c8625fb2db6a41b6f83.pkl,1
D:\08_Dataset\Internal\mar2020\pickle_files\533fd354159c3e343eb820c495f7898ce7e6db9b.pkl,1
D:\08_Dataset\Internal\mar2020\pickle_files\3614c4f5f226bcd3a4f8f0f3fd20e33f7fa3c7ff.pkl,1
D:\08_Dataset\Internal\mar2020\pickle_files\2b81b3c47b7f462bad43b0c6ad5d75a5dd9198eb.pkl,1
D:\08_Dataset\Internal\mar2020\pickle_files\7eff6f25879fd917ce6fcac825eee6fccef0ef35.pkl,1
D:\08_Dataset\Internal\mar2020\pickle_files\81edb7ad766ac7fbc55aff964034e07aaeeb88b2.pkl,1
D:\08_Dataset\Internal\mar2020\pickle_files\5be2dfd534eaba9f2846c82411a38d545c06766a.pkl,1
D:\08_Dataset\Internal\mar2020\pickle_files\ec0a91455e075bb7e66b3d82b9784257b6ad6724.pkl,1
D:\08_Dataset\Internal\mar2020\pickle_files\65cf8c0e510d8537858325257e846fbbc142ac13.pkl,1
D:\08_Dataset\Internal\mar2020\pickle_files\5befe749672415b2e09432e766fb7d112899be71.pkl,1
D:\08_Dataset\Internal\mar2020\pickle_files\3451d08aa09cf312ce79fb0ecd3b556483c79c1a.pkl,1
D:\08_Dataset\Internal\mar2020\pickle_files\8386574ef11f168578e41b2f7c526a215abf8547.pkl,1
D:\08_Dataset\Internal\mar2020\pickle_files\d70bc4cb39848556700377c65aeed71c48518b64.pkl,1
D:\08_Dataset\Internal\mar2020\pickle_files\dd9156440eb370af96b0085d6f00cfb30f9c981f.pkl,1
D:\08_Dataset\Internal\mar2020\pickle_files\ae56ce247dff1d3d7c366b14ebd6e04c076ef707.pkl,1
D:\08_Dataset\Internal\mar2020\pickle_files\7e33cc4079984d6e802d60640d94dd121dd176d2.pkl,1
D:\08_Dataset\Internal\mar2020\pickle_files\38857da4679ae67be2b6acf636593ab7e3c48627.pkl,1
D:\08_Dataset\Internal\mar2020\pickle_files\02d57cb4900b7d5e0252dc1ff5037c54af5230cb.pkl,1
D:\08_Dataset\Internal\mar2020\pickle_files\c5ff86af23ecf5e57e93c8221fc6718a61d7f28a.pkl,1
D:\08_Dataset\Internal\mar2020\pickle_files\acee4dc4542ca393983f9a1327a23e0df33b18ad.pkl,1
D:\08_Dataset\Internal\mar2020\pickle_files\aad0c82e342c61ec92662807e5861413e5cf292f.pkl,1
D:\08_Dataset\Internal\mar2020\pickle_files\4d1d518c7889fcbcab4449db8927423de678e06f.pkl,1
D:\08_Dataset\Internal\mar2020\pickle_files\d852c9bafc5620364a27795beca34fc1f5d69085.pkl,1
D:\08_Dataset\Internal\mar2020\pickle_files\f2d84e7782f4ea9713f9c426a11c691205796a7b.pkl,1
D:\08_Dataset\Internal\mar2020\pickle_files\5a505fb9c2c2432bc97810d2aeaedb31c0133fc6.pkl,1
D:\08_Dataset\Internal\mar2020\pickle_files\cee12af3c63bab40a197170fb2726dfcc0e68f7a.pkl,1
D:\08_Dataset\Internal\mar2020\pickle_files\c75bdc82924f83f327e6521553240b5d93f10971.pkl,1
D:\08_Dataset\Internal\mar2020\pickle_files\f0bea50aae1c1c395b7f985488b54a97dcd4bc1e.pkl,1
D:\08_Dataset\Internal\mar2020\pickle_files\61ed2778d7669d6835823369fd04278626303362.pkl,1
D:\08_Dataset\Internal\mar2020\pickle_files\198b12af2ddb114adc94c5c00e90bf583afa425c.pkl,1
D:\08_Dataset\Internal\mar2020\pickle_files\bb7aca24390ae9db51cbd0068f1ad48be6ad4315.pkl,1
D:\08_Dataset\Internal\mar2020\pickle_files\b266c0e467f8512848302e12bf898b4b3ad3d597.pkl,1
D:\08_Dataset\Internal\mar2020\pickle_files\5c9959cf3a0c80e557eee7008511b522c7d5e5d9.pkl,1
D:\08_Dataset\Internal\mar2020\pickle_files\67fcc1864d148aac8abffa616e7542414a06f417.pkl,1
D:\08_Dataset\Internal\mar2020\pickle_files\16deab851cb5d75f89949e98aba94a7c1d9b0b86.pkl,1
D:\08_Dataset\Internal\mar2020\pickle_files\0f8fd0ab976c9942b9f0a56003e7d8b5b6affc65.pkl,1
D:\08_Dataset\Internal\mar2020\pickle_files\c7c4cce3587c7c9f19afeecb8033457aa75ac879.pkl,1
D:\08_Dataset\Internal\mar2020\pickle_files\46094bacdabe8c78a3b8f2c23e569e5a6175df55.pkl,1
D:\08_Dataset\Internal\mar2020\pickle_files\f0664e6dde383effa7620b069b76f920cf668582.pkl,1
D:\08_Dataset\Internal\mar2020\pickle_files\074d8e1439b38e6e1938091889a3d1b6bf7cb93a.pkl,1
D:\08_Dataset\Internal\mar2020\pickle_files\ba30760c892b529b2a16251a0fafd79dd5de8041.pkl,1
D:\08_Dataset\Internal\mar2020\pickle_files\a1802e4b2c3ba139ae5228e305585ecba5b7cdd5.pkl,1
D:\08_Dataset\Internal\mar2020\pickle_files\486f01682fd51a137e6a6d7f0d72ec1c6ed78e1a.pkl,1
D:\08_Dataset\Internal\mar2020\pickle_files\da35b8a00351d304f96ed0d96de7dd90c1e248a8.pkl,1
D:\08_Dataset\Internal\mar2020\pickle_files\56c3450de390ed68add99e0b8be03b062cec1555.pkl,1
D:\08_Dataset\Internal\mar2020\pickle_files\e14c8004b017c5661ad87dd307ab16f660a0e014.pkl,1
D:\08_Dataset\Internal\mar2020\pickle_files\c6c0c00e910539532f56f2970021b54db7127c68.pkl,1
D:\08_Dataset\Internal\mar2020\pickle_files\7fe817f8e45bc057aa98f70a2189fdb6903c216a.pkl,1
D:\08_Dataset\Internal\mar2020\pickle_files\1ce392a12f9dc1532249c2f356ac1a3084b4bce5.pkl,1
D:\08_Dataset\Internal\mar2020\pickle_files\72b2e5906076108cffd2d9f841a49d55e06bd189.pkl,1
D:\08_Dataset\Internal\mar2020\pickle_files\d917a374b45c8847309abd1d68246dddddd24d70.pkl,1
D:\08_Dataset\Internal\mar2020\pickle_files\44099a0d4abe5ada903e9b2616f2661da2836124.pkl,1
D:\08_Dataset\Internal\mar2020\pickle_files\6dbeeebf53a7b42960c983b44e780bf1dd715f5d.pkl,1
D:\08_Dataset\Internal\mar2020\pickle_files\694a6897721ac6984c95341a2741a4460f9f207b.pkl,1
D:\08_Dataset\Internal\mar2020\pickle_files\bb9ecb7919c1c16d36e55dbf48a992a3555ea4e0.pkl,1
D:\08_Dataset\Internal\mar2020\pickle_files\b72461a35701e532700e2a75361aaf90a4bb46f6.pkl,1
D:\08_Dataset\Internal\mar2020\pickle_files\347746f5c76bbb20041c55864c10fa43a1a8cfdd.pkl,1
D:\08_Dataset\Internal\mar2020\pickle_files\ec70edf1a4d5743b41ad6d4242da07b1193387b1.pkl,1
D:\08_Dataset\Internal\mar2020\pickle_files\39ab705f4d434c007862feaac89e019110022b37.pkl,1
D:\08_Dataset\Internal\mar2020\pickle_files\59cf1d2bc087b814a55d77d1d0218080388eec65.pkl,1
D:\08_Dataset\Internal\mar2020\pickle_files\959fd272ee3b4329fbd29c95580dd556d5ed78b4.pkl,1
D:\08_Dataset\Internal\mar2020\pickle_files\7aba6e754cf44e66b482ee64e64c7dfec47f652b.pkl,1
D:\08_Dataset\Internal\mar2020\pickle_files\e93dc2caded94012522ee2131596092b3ad263d4.pkl,1
D:\08_Dataset\Internal\mar2020\pickle_files\6fe46ffd0977a500d329ebfee3a129bb7ccf8b8a.pkl,1
D:\08_Dataset\Internal\mar2020\pickle_files\a023524f8a5c62378173333faf89dfa7a7d95d25.pkl,1
D:\08_Dataset\Internal\mar2020\pickle_files\01b09e2a2fcaa9a7892d65108e9b0b32c844cb54.pkl,1
D:\08_Dataset\Internal\mar2020\pickle_files\a05a84ff473832d7eff97e863f396af447831902.pkl,1
D:\08_Dataset\Internal\mar2020\pickle_files\286eba7ecbbe15d3a6915066c6ecad539b50e756.pkl,1
D:\08_Dataset\Internal\mar2020\pickle_files\3f42f7436ed1ad47705934b126c0240ae43b981f.pkl,1
D:\08_Dataset\Internal\mar2020\pickle_files\466b8d666c101bc2105b0fcc6edfa78f913f49c0.pkl,1
D:\08_Dataset\Internal\mar2020\pickle_files\3bc00f8f8bf72ea509bf0de21012236aa974b098.pkl,1
D:\08_Dataset\Internal\mar2020\pickle_files\ca114aca85b66775fe347c4501e431a4829625b1.pkl,1
D:\08_Dataset\Internal\mar2020\pickle_files\e6289275db4f69e4cec5830976475f32ce72c91d.pkl,1
D:\08_Dataset\Internal\mar2020\pickle_files\51a190d5aa93ab9b221e6b9888bf43049096ffd1.pkl,1
D:\08_Dataset\Internal\mar2020\pickle_files\f71c83da89be7fbe0aeb8fffda01f1426b01a2a6.pkl,1
D:\08_Dataset\Internal\mar2020\pickle_files\4e83fde15bf40548ad649907c7c04043a0b2f800.pkl,1
D:\08_Dataset\Internal\mar2020\pickle_files\966711c0fdd8583c7d62bfb22af5c73a606e7438.pkl,1
D:\08_Dataset\Internal\mar2020\pickle_files\aa8c361c0745930ec59c587d4bd917bcd907168b.pkl,1
D:\08_Dataset\Internal\mar2020\pickle_files\dc16b667400779662f5cd0c290d94fda2268a9b8.pkl,1
D:\08_Dataset\Internal\mar2020\pickle_files\443fa0db4bccdb03bbb79751e3e858f27087f669.pkl,1
D:\08_Dataset\Internal\mar2020\pickle_files\85d08ef61a1cb87efff6923dafa785e54f89869a.pkl,1
D:\08_Dataset\Internal\mar2020\pickle_files\b4eb73f3c2c684ae6ce17666cf23593c08d7805a.pkl,1
D:\08_Dataset\Internal\mar2020\pickle_files\20279247cd9db0da2c1d8dbd435145ea35d74afe.pkl,1
D:\08_Dataset\Internal\mar2020\pickle_files\2abac3f9e965a30b86b927e07d101b06b3a1501c.pkl,1
D:\08_Dataset\Internal\mar2020\pickle_files\a2e4fb8b0a8f154b86522f1a19c03ce469076375.pkl,1
D:\08_Dataset\Internal\mar2020\pickle_files\97c18ad8910e5e01fb4c2e297c98f0e256247bd8.pkl,1
D:\08_Dataset\Internal\mar2020\pickle_files\6d275ddf5676490243664f133a146db67d2ca3ef.pkl,1
D:\08_Dataset\Internal\mar2020\pickle_files\8f326d82761aa33e194593f971e5289f8e17ae27.pkl,1
D:\08_Dataset\Internal\mar2020\pickle_files\0f876259906d2e8bdb848e3c5d42126905304f50.pkl,1
D:\08_Dataset\Internal\mar2020\pickle_files\d8451e14ae9ad75ac3d920c2f565df4b894bf1d4.pkl,1
D:\08_Dataset\Internal\mar2020\pickle_files\c192a309f2856bca91ff453ed1112858e48d0535.pkl,1
D:\08_Dataset\Internal\mar2020\pickle_files\c8b3ba4a309dd18f41f50064ebe5c8fcf4eded18.pkl,1
D:\08_Dataset\Internal\mar2020\pickle_files\d63a272f1d66f76cdac219c62f0dceff1f6c47ec.pkl,1
D:\08_Dataset\Internal\mar2020\pickle_files\1fb76a72c175769362155b79cf0c6ff11c0c3c1f.pkl,1
D:\08_Dataset\Internal\mar2020\pickle_files\fb24a090bc0314a4557701a3c0d75faeb595b080.pkl,1
D:\08_Dataset\Internal\mar2020\pickle_files\f1b81d60853d60e88d791a0cdfad88ccbbd3c8fb.pkl,1
D:\08_Dataset\Internal\mar2020\pickle_files\cafe596bd4b33f03599444ad4c6a4df70f39b072.pkl,1
D:\08_Dataset\Internal\mar2020\pickle_files\abb7daafe475b19c165fe0fa28562f7482967f98.pkl,1
D:\08_Dataset\Internal\mar2020\pickle_files\47772efb1f2ec0df351ee610d952fb314fce6efa.pkl,1
D:\08_Dataset\Internal\mar2020\pickle_files\d841fdd0a081372a2aca8df6c2e7a50422909440.pkl,1
D:\08_Dataset\Internal\mar2020\pickle_files\17e0dbcbc0416e697cf00aa987dd8fdc488abc47.pkl,1
D:\08_Dataset\Internal\mar2020\pickle_files\c90d67f3897d56de8b36eb529be77d6a057b0ec3.pkl,1
D:\08_Dataset\Internal\mar2020\pickle_files\afbfd83e9d549bac24a2763594e0e3de624aa11c.pkl,1
D:\08_Dataset\Internal\mar2020\pickle_files\07a779d2120614f1709796a090d6cc43edb02a4c.pkl,1
D:\08_Dataset\Internal\mar2020\pickle_files\3f4e032ba633624cab8befadc53ab5229257f4cf.pkl,1
D:\08_Dataset\Internal\mar2020\pickle_files\98878e7d6ed30f375122a8fb448e66ca7440aa6d.pkl,1
D:\08_Dataset\Internal\mar2020\pickle_files\159c9ca02c6ed1fefb0dd11b3a7c23f904f077e5.pkl,1
D:\08_Dataset\Internal\mar2020\pickle_files\21d62d7026d412604db42c4d0fc2102eafb70bb8.pkl,1
D:\08_Dataset\Internal\mar2020\pickle_files\a818b12cf9ab2f5f8cb313ec46fe637a7d416488.pkl,1
D:\08_Dataset\Internal\mar2020\pickle_files\88e5fba7a0d3c82acaa3b03741c1b04c61f81f4d.pkl,1
D:\08_Dataset\Internal\mar2020\pickle_files\a6b4c03b77d5b333abcde2e25721e04e1f7ffcd5.pkl,1
D:\08_Dataset\Internal\mar2020\pickle_files\539cf80685c08dc145e664b88dde9240a262de82.pkl,1
D:\08_Dataset\Internal\mar2020\pickle_files\8cc773cf32b822f5ae56c3c8c5ce80fb6dbd315f.pkl,1
D:\08_Dataset\Internal\mar2020\pickle_files\93b11fa2da552b36d3263a0ec7d975dc7cb7cb89.pkl,1
D:\08_Dataset\Internal\mar2020\pickle_files\ede70deafa2ddcca02c6d51d45d8e135377d8699.pkl,1
D:\08_Dataset\Internal\mar2020\pickle_files\a768ed704dcae59edfee99768ea5e93d438d3416.pkl,1
D:\08_Dataset\Internal\mar2020\pickle_files\a887fb9c80a2f668f2c21177e09af8b6d2eff28b.pkl,1
D:\08_Dataset\Internal\mar2020\pickle_files\0b109ce28d066627372b6dd07611269c300ff67a.pkl,1
D:\08_Dataset\Internal\mar2020\pickle_files\321271c0cca3abd7f55317284297fc5f33e0968c.pkl,1
D:\08_Dataset\Internal\mar2020\pickle_files\75041db4913d23ef13e0276a4184b7ddf74cc2f7.pkl,1
D:\08_Dataset\Internal\mar2020\pickle_files\9389eb756932b3220319d40431e9bcc8bafc5d7e.pkl,1
D:\08_Dataset\Internal\mar2020\pickle_files\ac9191234a6841487cb1400a0ac5523aa2ab6a79.pkl,1
D:\08_Dataset\Internal\mar2020\pickle_files\9210931dec278a73a99a5bd7a3ca858fed16430e.pkl,1
D:\08_Dataset\Internal\mar2020\pickle_files\ab67342ed37a541c7b156abb8ba6d83b8d9c902b.pkl,1
D:\08_Dataset\Internal\mar2020\pickle_files\20d5a4032644bdc647476415b0369fa8e138bfc3.pkl,1
D:\08_Dataset\Internal\mar2020\pickle_files\c75cd44aff894de57b69bca3fb276d854c9c2882.pkl,1
D:\08_Dataset\Internal\mar2020\pickle_files\ad1fa62ca421b1643000c20da10a9fad9d63d155.pkl,1
D:\08_Dataset\Internal\mar2020\pickle_files\8711f9d86286bf648c6fa2eb33ff6cd6e1f19ba9.pkl,1
D:\08_Dataset\Internal\mar2020\pickle_files\4177dd46917b7b49f24d056c145de5e99c47f0dc.pkl,1
D:\08_Dataset\Internal\mar2020\pickle_files\30ec016507a07b084c5f21e15a44003099d68298.pkl,1
D:\08_Dataset\Internal\mar2020\pickle_files\9f4a203caa24dd0f7c46cf0b85e45288eb2ff181.pkl,1
D:\08_Dataset\Internal\mar2020\pickle_files\4a4eb1311a031804768f5770f74f266d77f13a6a.pkl,1
D:\08_Dataset\Internal\mar2020\pickle_files\f6221c99e24d47f375f521a5cdb9bb9989c8e02f.pkl,1
D:\08_Dataset\Internal\mar2020\pickle_files\70b68979f67a081b7e59bafbd1213039ac1d9477.pkl,1
D:\08_Dataset\Internal\mar2020\pickle_files\2cc1b01bef54600d2bdaa74c16befea077787305.pkl,1
D:\08_Dataset\Internal\mar2020\pickle_files\ba91e119b4feb9889565bbe97a0322b570d1a67c.pkl,1
D:\08_Dataset\Internal\mar2020\pickle_files\9c2540ddd642afa80c1264b679466f62737e64e5.pkl,1
D:\08_Dataset\Internal\mar2020\pickle_files\c7d20d544c1baa27fa7e2245228ef07708c9efce.pkl,1
D:\08_Dataset\Internal\mar2020\pickle_files\fa979646d6d8bd9bcd8246ef02d7e9785379bcaf.pkl,1
D:\08_Dataset\Internal\mar2020\pickle_files\3848ecd5b9c4cd628f38d44391787948a57ef376.pkl,1
D:\08_Dataset\Internal\mar2020\pickle_files\fc239a1a78621e79a6b8681d12fbd58aa5f5161c.pkl,1
D:\08_Dataset\Internal\mar2020\pickle_files\c0854040d60fe14c400ae8e615ae221e72b04ed5.pkl,1
D:\08_Dataset\Internal\mar2020\pickle_files\875209cf15f009796e9504bfd85e28437823da42.pkl,1
D:\08_Dataset\Internal\mar2020\pickle_files\79a4afee5ed24a84958d1f30cd1dac879d1e74b9.pkl,1
D:\08_Dataset\Internal\mar2020\pickle_files\d33552ce4b4667dbc527aeec516f0500a9e615a2.pkl,1
D:\08_Dataset\Internal\mar2020\pickle_files\595be263534777ff231e9294e05f95e6a843a05e.pkl,1
D:\08_Dataset\Internal\mar2020\pickle_files\7fc5084cdda1249f6172e2a75c7472006045fdbc.pkl,1
D:\08_Dataset\Internal\mar2020\pickle_files\2866a8889cb52e08be2497d8dc3bf2c0f6d15338.pkl,1
D:\08_Dataset\Internal\mar2020\pickle_files\324cd9e75b0a668fd194e4608d09efe72a2cdacb.pkl,1
D:\08_Dataset\Internal\mar2020\pickle_files\b321b16a9e835892c2042d69262f111d170227cd.pkl,1
D:\08_Dataset\Internal\mar2020\pickle_files\afcfdb9aa4305a005f2bc9a245c4d40dde27523f.pkl,1
D:\08_Dataset\Internal\mar2020\pickle_files\5e571538e1cffc1b5d268fd76d9aa56f02dba1cf.pkl,1
D:\08_Dataset\Internal\mar2020\pickle_files\5b5454ef62a343a9548a257ddf1a2e75b2e23315.pkl,1
D:\08_Dataset\Internal\mar2020\pickle_files\95d0b53b68efc35661338d3421e0a409717a878e.pkl,1
D:\08_Dataset\Internal\mar2020\pickle_files\b38ee2da8a0c46d0f916fb951ef5b2c2312b520f.pkl,1
D:\08_Dataset\Internal\mar2020\pickle_files\07bb32a3b9ea79cb0d89ad6439e8c38adbc183c5.pkl,1
D:\08_Dataset\Internal\mar2020\pickle_files\e728eb0b216ef94b3645a7e8f9234293363cc31e.pkl,1
D:\08_Dataset\Internal\mar2020\pickle_files\6ade5da08aecc69485dcdcfe7dc73cac4b043947.pkl,1
D:\08_Dataset\Internal\mar2020\pickle_files\66050e1e5fe1fef910b5066032869d51b9a75111.pkl,1
D:\08_Dataset\Internal\mar2020\pickle_files\4da64f577cf3b699bc5963f25af48394ee811ef8.pkl,1
D:\08_Dataset\Internal\mar2020\pickle_files\e68224c0928f44ff26b68ce033dca74c28cdc01f.pkl,1
D:\08_Dataset\Internal\mar2020\pickle_files\6cbffa4b6e23a83dd2035aeb391710f7ef374b64.pkl,1
D:\08_Dataset\Internal\mar2020\pickle_files\118d43a72274c5ee8bcc63e7dac53b09ea92e1c0.pkl,1
D:\08_Dataset\Internal\mar2020\pickle_files\e32884561a3a84f17b6172cbab3a8c1d03dcca4f.pkl,1
D:\08_Dataset\Internal\mar2020\pickle_files\2250e1470825d7557267bba105e70ab38b9955db.pkl,1
D:\08_Dataset\Internal\mar2020\pickle_files\6296f88856ebe400f03eecfdbea1ad183ef5f9eb.pkl,1
D:\08_Dataset\Internal\mar2020\pickle_files\70edb49ebc499e1c2ced5b294e079301168b9e28.pkl,1
D:\08_Dataset\Internal\mar2020\pickle_files\7dbd3784e01749d306026cfa9bfa2cd8f9299e67.pkl,1
D:\08_Dataset\Internal\mar2020\pickle_files\3b39388f6071d55b1bc17f7259a7330646fc473d.pkl,1
D:\08_Dataset\Internal\mar2020\pickle_files\61a808bebc95cf9d81a55047d4ade560c254d215.pkl,1
D:\08_Dataset\Internal\mar2020\pickle_files\10b71947cce6a973a716851bf9c044faf16e7814.pkl,1
D:\08_Dataset\Internal\mar2020\pickle_files\88e445e409962c50a3d0bccf048b8c549ccdb710.pkl,1
D:\08_Dataset\Internal\mar2020\pickle_files\52e58c6b351370bb88b5f7880af35a362cb5cc45.pkl,1
D:\08_Dataset\Internal\mar2020\pickle_files\615a8832aa4e5dda6ab49d92983ef0e2dd394fc4.pkl,1
D:\08_Dataset\Internal\mar2020\pickle_files\170c837e2dd7d50e982a5d7858f337eef3db026f.pkl,1
D:\08_Dataset\Internal\mar2020\pickle_files\f9c72e2e4791d988f4df6ec13a44cb711465af76.pkl,1
D:\08_Dataset\Internal\mar2020\pickle_files\b95815be2d029aac0f49e817a29d216dbfb1d4b8.pkl,1
D:\08_Dataset\Internal\mar2020\pickle_files\125416a3f84c327f2e0cbf6a7f2d0b7eec47460f.pkl,1
D:\08_Dataset\Internal\mar2020\pickle_files\f836b1b96f873b004ed51adb43058a8530356cdd.pkl,1
D:\08_Dataset\Internal\mar2020\pickle_files\ace014d89035250c9a0bebf92bdf62469b87ec0c.pkl,1
D:\08_Dataset\Internal\mar2020\pickle_files\5091ef7a1c87eff0cc738779a83d50f359bff5ab.pkl,1
D:\08_Dataset\Internal\mar2020\pickle_files\e4101ec18b6c9bf3fe21df91242856449725b15e.pkl,1
D:\08_Dataset\Internal\mar2020\pickle_files\50bbbe73e79e69e2054e139226fd2b2cd0589bbc.pkl,1
D:\08_Dataset\Internal\mar2020\pickle_files\a06be0e3aca58f3f1f27e0e5d9bd8172752fbc0f.pkl,1
D:\08_Dataset\Internal\mar2020\pickle_files\3dac7ed10f47330b332178a627f48c2aacd1af48.pkl,1
D:\08_Dataset\Internal\mar2020\pickle_files\6693a0ddb9980b4a6f29ef1e3e6da5c7a06fe35b.pkl,1
D:\08_Dataset\Internal\mar2020\pickle_files\4c326db5a502c2727dc3d79b1381195ede51ef9e.pkl,1
D:\08_Dataset\Internal\mar2020\pickle_files\30720cd21c86f6714639d35da9e411e43fdfce66.pkl,1
D:\08_Dataset\Internal\mar2020\pickle_files\443a618421be70ed838f6549063fe0daac53a894.pkl,1
D:\08_Dataset\Internal\mar2020\pickle_files\c2b1241be50fda5fd0d4ed73587947cec4c84cd8.pkl,1
D:\08_Dataset\Internal\mar2020\pickle_files\f04e5f14183300262e10bf7143df359a8cc73689.pkl,1
D:\08_Dataset\Internal\mar2020\pickle_files\287825d53270c075a936f55f065e9ff7193083f8.pkl,1
D:\08_Dataset\Internal\mar2020\pickle_files\13019f6d1029df3476aa9703ecd9d3351a610d2c.pkl,1
D:\08_Dataset\Internal\mar2020\pickle_files\3b0be4b461f43beffb9e54f375290d74fd6720d8.pkl,1
D:\08_Dataset\Internal\mar2020\pickle_files\20d0b75cb069e3591057360c91fa40812e89a811.pkl,1
D:\08_Dataset\Internal\mar2020\pickle_files\44cb472a07c44f44d98629786e6d39de5ee74771.pkl,1
D:\08_Dataset\Internal\mar2020\pickle_files\a1a6b837f19757e7496b71451010d6101691424a.pkl,1
D:\08_Dataset\Internal\mar2020\pickle_files\87a1603e8f9a1f5193932fd3f74a4a740b2e68e3.pkl,1
D:\08_Dataset\Internal\mar2020\pickle_files\73f9fe4c59cae9e5a005d80dc08e230947784e48.pkl,1
D:\08_Dataset\Internal\mar2020\pickle_files\d1ee4cf40668a2ac90cbcc405dd3a809c0d80b2d.pkl,1
D:\08_Dataset\Internal\mar2020\pickle_files\a84a78a36b9a5d46d4f499b118c7ce7cd2e528f7.pkl,1
D:\08_Dataset\Internal\mar2020\pickle_files\56455b0832c4e1bcac009f23cbddd0e1e242c51b.pkl,1
D:\08_Dataset\Internal\mar2020\pickle_files\870b2cf21d7682d4a0941959819e0b43ebb1bf94.pkl,1
D:\08_Dataset\Internal\mar2020\pickle_files\02ad307b0f4f919f661224c8821e84df118ba12e.pkl,1
D:\08_Dataset\Internal\mar2020\pickle_files\f4bb3b4d7363b3859791b9013257e4df5e89b1a3.pkl,1
D:\08_Dataset\Internal\mar2020\pickle_files\abd6db320fb00d61da3e853c67cab21fa8fa52b9.pkl,1
D:\08_Dataset\Internal\mar2020\pickle_files\a70f378014cebc8a99ae1c036f6e3a6a9c483ab1.pkl,1
D:\08_Dataset\Internal\mar2020\pickle_files\56d4958ac8694970d1aa0745cec59bcf67faab2a.pkl,1
D:\08_Dataset\Internal\mar2020\pickle_files\72a84d4ee3a4a4d2fe19a8c139cbe6d86f4e7cb1.pkl,1
D:\08_Dataset\Internal\mar2020\pickle_files\23340710f17084c97b9b2392c8217c3e996ed45b.pkl,1
D:\08_Dataset\Internal\mar2020\pickle_files\f4454f847024a31a3056158554f46285591b9f72.pkl,1
D:\08_Dataset\Internal\mar2020\pickle_files\b06b938fc084d21dbac1a3c8f5be80ba5f745915.pkl,1
D:\08_Dataset\Internal\mar2020\pickle_files\07de219e7d1db661aa4430eac35a8d6ffafee94d.pkl,1
D:\08_Dataset\Internal\mar2020\pickle_files\0c87a50c88078da77eaaad1ec4988b4569433adf.pkl,1
D:\08_Dataset\Internal\mar2020\pickle_files\7c037b84c032de243b5d3cbe5e8a98a7dc0dadd6.pkl,1
D:\08_Dataset\Internal\mar2020\pickle_files\df314aa2980f9fcd49cbdd0aed71f8cca4fb2636.pkl,1
D:\08_Dataset\Internal\mar2020\pickle_files\d5faef88ee6ae2f53b69c31aa4fca63df8a54773.pkl,1
D:\08_Dataset\Internal\mar2020\pickle_files\b6d94b48ea63f12ba427f95c6604b15468ff3bdf.pkl,1
D:\08_Dataset\Internal\mar2020\pickle_files\3566ed5c664ecdce744561796295a43a0f2eb8b6.pkl,1
D:\08_Dataset\Internal\mar2020\pickle_files\eb15462747d532e10684430779155a986b8e815b.pkl,1
D:\08_Dataset\Internal\mar2020\pickle_files\1102aff25f6ac01613cc4eb966fe75d287bdbb96.pkl,1
D:\08_Dataset\Internal\mar2020\pickle_files\dc1c8e916864858dc5b8dfbd57ad3a891ba24df6.pkl,1
D:\08_Dataset\Internal\mar2020\pickle_files\1b5eb56c94d748057ab45e9819dfae654e9f110d.pkl,1
D:\08_Dataset\Internal\mar2020\pickle_files\44d1d33b0dd2827d207ef3a644f754481b7ffb60.pkl,1
D:\08_Dataset\Internal\mar2020\pickle_files\d7af3b7b1e229f0435a34af97309e1d2be9f0399.pkl,1
D:\08_Dataset\Internal\mar2020\pickle_files\af1b7ca51b627ebb32d417710c9ab72a386c441f.pkl,1
D:\08_Dataset\Internal\mar2020\pickle_files\5afcbac7f0b75e2ca6b9593058db459eb061d8b9.pkl,1
D:\08_Dataset\Internal\mar2020\pickle_files\e80ffe24d8ba309a8111627d01784e189b3dee90.pkl,1
D:\08_Dataset\Internal\mar2020\pickle_files\7945e231dcae6b0debd68e9e6a4425c07e611ad2.pkl,1
D:\08_Dataset\Internal\mar2020\pickle_files\bcf98bb0550e4766e38309ddaf77887c728cf7b4.pkl,1
D:\08_Dataset\Internal\mar2020\pickle_files\5aa57942e98a65c1c90e1dec2410cf6f7e5100b8.pkl,1
D:\08_Dataset\Internal\mar2020\pickle_files\0a5d377ffb6a3b34e53c36a88a9a3441d34e238f.pkl,1
D:\08_Dataset\Internal\mar2020\pickle_files\505bf49f99ce4eeeeab910ec144375d4ea72c750.pkl,1
D:\08_Dataset\Internal\mar2020\pickle_files\51406cace2c662f0cbd97c416a218640511cf2ae.pkl,1
D:\08_Dataset\Internal\mar2020\pickle_files\29ff42243db07428306fa8bab206387e1e774772.pkl,1
D:\08_Dataset\Internal\mar2020\pickle_files\b6cb3a7640d85a747a46dfac766efccee4c173ec.pkl,1
D:\08_Dataset\Internal\mar2020\pickle_files\f283799a6a9e3b53eaebec4ad634ccc3e8818b0c.pkl,1
D:\08_Dataset\Internal\mar2020\pickle_files\cc0f8d62661b0b4f4bbd760e9eeb4ed17a926ba0.pkl,1
D:\08_Dataset\Internal\mar2020\pickle_files\c5b8a69af87e7269b54e26db9d0c0169b13bc154.pkl,1
D:\08_Dataset\Internal\mar2020\pickle_files\35482628d2d7947696e81575059a334fdfa9e5b0.pkl,1
D:\08_Dataset\Internal\mar2020\pickle_files\bdfce6946d8dde75b06c99b6392965d9019bd77c.pkl,1
D:\08_Dataset\Internal\mar2020\pickle_files\4523693587a5aa3d8cc688aa1a6f05698f7e11a1.pkl,1
D:\08_Dataset\Internal\mar2020\pickle_files\542c809be61f9579aee91ffbd5ba3f94051d6b4c.pkl,1
D:\08_Dataset\Internal\mar2020\pickle_files\177fdfb6179602e56ac26cb9e6587b8e6f2e128b.pkl,1
D:\08_Dataset\Internal\mar2020\pickle_files\59b1b91c7f4f3ccbe22063ab76e077af42fbf93a.pkl,1
D:\08_Dataset\Internal\mar2020\pickle_files\23345478a41144ab188bc045bf67e9807cb63fd1.pkl,1
D:\08_Dataset\Internal\mar2020\pickle_files\c34a704a53a81556a1e9d13622f1e7e4d2515ffa.pkl,1
D:\08_Dataset\Internal\mar2020\pickle_files\c9b34605dfb3863fc59bef2f546e3a722d5a50f9.pkl,1
D:\08_Dataset\Internal\mar2020\pickle_files\fd34b5cd3b5c1971fb8209ebdccd77cc47a239e0.pkl,1
D:\08_Dataset\Internal\mar2020\pickle_files\d27a286dbef10ebed779d41f183444a587ab98b3.pkl,1
D:\08_Dataset\Internal\mar2020\pickle_files\b4c444eb6b6a9ba67f23ce8ac7a583e5a1b0e3b5.pkl,1
D:\08_Dataset\Internal\mar2020\pickle_files\609d75e39f6bb41d28da1e2afdd7d10d397dfe3f.pkl,1
D:\08_Dataset\Internal\mar2020\pickle_files\12618e50dc185ad55c73b4f0763247953cd48364.pkl,1
D:\08_Dataset\Internal\mar2020\pickle_files\a7fed774e3e7f1dcc4300b06c1e26bf49f03fbdd.pkl,1
D:\08_Dataset\Internal\mar2020\pickle_files\e6eb7688dae8c461ed407f6c864c323a99c75d50.pkl,1
D:\08_Dataset\Internal\mar2020\pickle_files\d17a4263fa79dbc45935648ac0ae8b233541af62.pkl,1
D:\08_Dataset\Internal\mar2020\pickle_files\bbf935523c146713a771deb9ae6027718fd4caf4.pkl,1
D:\08_Dataset\Internal\mar2020\pickle_files\b429fa1c7b4353479683789ad6c81db228c28468.pkl,1
D:\08_Dataset\Internal\mar2020\pickle_files\f55b48e655cc1d091dfcaef24a00c53d65533531.pkl,1
D:\08_Dataset\Internal\mar2020\pickle_files\61578818f97b4edf78d4f76e315826cee1266f4f.pkl,1
D:\08_Dataset\Internal\mar2020\pickle_files\ec9ee6b8101cbb9a50d26503ae2adf18cb65e656.pkl,1
D:\08_Dataset\Internal\mar2020\pickle_files\0f4962b73446682e632a9de2bf5896324328d52f.pkl,1
D:\08_Dataset\Internal\mar2020\pickle_files\66029bbfb69cd8bb20dd73529cf4de98428f1984.pkl,1
D:\08_Dataset\Internal\mar2020\pickle_files\e934e5cfd5fb9baa966fa6d9abd76e4a4f63c410.pkl,1
D:\08_Dataset\Internal\mar2020\pickle_files\0d6a9dd8894146a45dc8e0da55fb94c4a6b304fb.pkl,1
D:\08_Dataset\Internal\mar2020\pickle_files\57ca42f5f44695392fa149bfdc5e3947d74ac664.pkl,1
D:\08_Dataset\Internal\mar2020\pickle_files\113478dd5e9c868ab05d9cc237713d2cf6ef8ab6.pkl,1
D:\08_Dataset\Internal\mar2020\pickle_files\98622753cf7d5c89f5dd4bc7688c0d89d476b182.pkl,1
D:\08_Dataset\Internal\mar2020\pickle_files\3367863da1df1bc2b48ddab73c56c32a96b78476.pkl,1
D:\08_Dataset\Internal\mar2020\pickle_files\d05f89d5d6f717e6ba43c5db1520795a14b424a7.pkl,1
D:\08_Dataset\Internal\mar2020\pickle_files\6062c284954440a095c6ce7af3caa0a3295c9fd6.pkl,1
D:\08_Dataset\Internal\mar2020\pickle_files\2b14f00fcec7be004599edc69dafb32ce9666f2e.pkl,1
D:\08_Dataset\Internal\mar2020\pickle_files\b0ee7c2807ba5ae982593644bfcb346ec0176f45.pkl,1
D:\08_Dataset\Internal\mar2020\pickle_files\5e8ff194132686b4dd96b93c4731d5a3f186fc37.pkl,1
D:\08_Dataset\Internal\mar2020\pickle_files\ec527af0cf42dacdf3aa3e7ca2bdfc9c69c065e9.pkl,1
D:\08_Dataset\Internal\mar2020\pickle_files\5189e451bbd4575a6dba7ae3b99e4ec83525f8a3.pkl,1
D:\08_Dataset\Internal\mar2020\pickle_files\20704a8b58b4068228ece083085df6486f7f50f5.pkl,1
D:\08_Dataset\Internal\mar2020\pickle_files\c2570b6d75c6b96a3060a18d8804365fdc5f2233.pkl,1
D:\08_Dataset\Internal\mar2020\pickle_files\bd6bb02053d38deb0f4fe11491b1e54defac6628.pkl,1
D:\08_Dataset\Internal\mar2020\pickle_files\6e71983d0a808e192e6923ba53348b991f6b192d.pkl,1
D:\08_Dataset\Internal\mar2020\pickle_files\e3477dc88ef96244456d1d513eb38bb6490ccd23.pkl,1
D:\08_Dataset\Internal\mar2020\pickle_files\7dc2d6d2aa1a29becf026b73991ca2d2e197e61b.pkl,1
D:\08_Dataset\Internal\mar2020\pickle_files\cfeb7cbc991e43e7e0e9841d595f5dd0c8feaaf2.pkl,1
D:\08_Dataset\Internal\mar2020\pickle_files\bcbdf7a51569d1acc158181cff1e2b8b7a732f1c.pkl,1
D:\08_Dataset\Internal\mar2020\pickle_files\4413a5378c77c8b05f3481fd283de3efcc89fc75.pkl,1
D:\08_Dataset\Internal\mar2020\pickle_files\d1bf139b87717b88279077278fbb47e272c0c729.pkl,1
D:\08_Dataset\Internal\mar2020\pickle_files\4702c8fff3554c8b228475f8117514cae251cd37.pkl,1
D:\08_Dataset\Internal\mar2020\pickle_files\f6f68070e5753fbb8107f9d4a4a3a0ead2a50846.pkl,1
D:\08_Dataset\Internal\mar2020\pickle_files\150f12b51d53f2c44f9923618488bfd7d11ae601.pkl,1
D:\08_Dataset\Internal\mar2020\pickle_files\c60c3253adcded26dedca046b002893349e66eb8.pkl,1
D:\08_Dataset\Internal\mar2020\pickle_files\9f725eb1c3727208d106404b92f1102742aaca89.pkl,1
D:\08_Dataset\Internal\mar2020\pickle_files\9120f8a59a6c5d5d84bcda8968226e1b51f53a5e.pkl,1
D:\08_Dataset\Internal\mar2020\pickle_files\0af19f73cd0f54e675d27f35c024dc886b385690.pkl,1
D:\08_Dataset\Internal\mar2020\pickle_files\b97b17ee35d4f7fff50d17dc1b65cfd23a4d32ce.pkl,1
D:\08_Dataset\Internal\mar2020\pickle_files\5685bba95b0f5698733b7b1eaba906e6756956b2.pkl,1
D:\08_Dataset\Internal\mar2020\pickle_files\050010af2655b1deff4e8ee3e19bc00f5b5001ab.pkl,1
D:\08_Dataset\Internal\mar2020\pickle_files\83a22a0f97876f3a82a12d3b921b5d7343730cfc.pkl,1
D:\08_Dataset\Internal\mar2020\pickle_files\bd1cdb0b65f9e56ee55cbbff864c88eab70e9837.pkl,1
D:\08_Dataset\Internal\mar2020\pickle_files\aefa4eb50a7e1a4fc554d6410ff4465d00f09cfd.pkl,1
D:\08_Dataset\Internal\mar2020\pickle_files\da22500e6d6bdade8b9369eeb96c4fe02dd5ba58.pkl,1
D:\08_Dataset\Internal\mar2020\pickle_files\bd586e8c364c98d6c85bea865bb04f09072a620a.pkl,1
D:\08_Dataset\Internal\mar2020\pickle_files\22138b3c86303a6d1fc2983e4e4fad78e7c9bc74.pkl,1
D:\08_Dataset\Internal\mar2020\pickle_files\4526014e152fa12540943a09aa04187c4af9522f.pkl,1
D:\08_Dataset\Internal\mar2020\pickle_files\04b827cd52b2244c9c3f92579297aec2e0d80b50.pkl,1
D:\08_Dataset\Internal\mar2020\pickle_files\2fc18b21d65b5c344eabfec0fbed5cb7cf31acf5.pkl,1
D:\08_Dataset\Internal\mar2020\pickle_files\4d992d7a9127e6d2f0f9c48549780a285061b902.pkl,1
D:\08_Dataset\Internal\mar2020\pickle_files\e46ca32224d8a8429aa7eb29f8c1d8c8b09b03c3.pkl,1
D:\08_Dataset\Internal\mar2020\pickle_files\0951b0bebe7d292c6305125e6b7ef9952203f3e4.pkl,1
D:\08_Dataset\Internal\mar2020\pickle_files\426e50c744f9e3e8db79000bbdc08d7c08efa8ec.pkl,1
D:\08_Dataset\Internal\mar2020\pickle_files\2d2fe4b4e664cecbf3f555351f0a7a4a2f30cd87.pkl,1
D:\08_Dataset\Internal\mar2020\pickle_files\054a29b2c5ab2904427347da41c42ad7c97577fb.pkl,1
D:\08_Dataset\Internal\mar2020\pickle_files\402314bcc3b1841509e2e357023b688697b04e62.pkl,1
D:\08_Dataset\Internal\mar2020\pickle_files\6c6eac9c2e74963a64f983431e20be48bf15af8e.pkl,1
D:\08_Dataset\Internal\mar2020\pickle_files\2be2617a4f6ec723d41de3b8f56cdb6729745a64.pkl,1
D:\08_Dataset\Internal\mar2020\pickle_files\b6566e4a49c5ef4e1de4ec01b20bd11c36bb91b6.pkl,1
D:\08_Dataset\Internal\mar2020\pickle_files\d45cdde78d47af820a10457c569ba5c486432258.pkl,1
D:\08_Dataset\Internal\mar2020\pickle_files\edc7245239ae80b2a94b48eb2ca6242d89ea58ff.pkl,1
D:\08_Dataset\Internal\mar2020\pickle_files\b83db24238850fa791f301c43531f7fd3f5a63c9.pkl,1
D:\08_Dataset\Internal\mar2020\pickle_files\f91d4a9e561c8869ee798a71bfb0e8a8b12360d0.pkl,1
D:\08_Dataset\Internal\mar2020\pickle_files\d97f2056793214f6d2e33c9eb8677a3bd37352ba.pkl,1
D:\08_Dataset\Internal\mar2020\pickle_files\88710718da0a886e13a3f8e7ffd62c0aa1b3949e.pkl,1
D:\08_Dataset\Internal\mar2020\pickle_files\27d9bf360cf80d840c0b1140dffb9f4a656683de.pkl,1
D:\08_Dataset\Internal\mar2020\pickle_files\80d1764bc67a8d93287b4b309c7c8cae308c753f.pkl,1
D:\08_Dataset\Internal\mar2020\pickle_files\2cc783ba05bdeb6b596ec374c21c542e28519bac.pkl,1
D:\08_Dataset\Internal\mar2020\pickle_files\48ac238a9d30fbf37eb1f330e04f6d1c560afac2.pkl,1
D:\08_Dataset\Internal\mar2020\pickle_files\d2d041d01e2366964a71c953d0cd21bbdeb6b4aa.pkl,1
D:\08_Dataset\Internal\mar2020\pickle_files\c4476e2fca5da697c458b468880502a5ae399af4.pkl,1
D:\08_Dataset\Internal\mar2020\pickle_files\64e01cb44f8a73e9bfe083219e52f39677f7de65.pkl,1
D:\08_Dataset\Internal\mar2020\pickle_files\390b3576626abbd9f6bfb285ba2881cfa9a1f030.pkl,1
D:\08_Dataset\Internal\mar2020\pickle_files\2caff44583319024bb3a665935c80db737302e3a.pkl,1
D:\08_Dataset\Internal\mar2020\pickle_files\143175311989ee69156d1d2dc9bc334eaec55167.pkl,1
D:\08_Dataset\Internal\mar2020\pickle_files\ce10564ec61c3a6a459dba14969c96e2fba6c6fe.pkl,1
D:\08_Dataset\Internal\mar2020\pickle_files\3e19f6750b5f1db957a8162eb9af7b082fd56468.pkl,1
D:\08_Dataset\Internal\mar2020\pickle_files\a2f36a57d90cc4017b23f60beb18aee93f725eb4.pkl,1
D:\08_Dataset\Internal\mar2020\pickle_files\523dc925132535b9cf4e56dceb2f2c590fee3da0.pkl,1
D:\08_Dataset\Internal\mar2020\pickle_files\e35b0f5eb62b80056782dd94ec2a5070cd381e81.pkl,1
D:\08_Dataset\Internal\mar2020\pickle_files\8c119543852fbdc9c5bc720da1f2c8e85388e490.pkl,1
D:\08_Dataset\Internal\mar2020\pickle_files\8da2a8156ff2ceeeccbe053aa385282a6b84a2cf.pkl,1
D:\08_Dataset\Internal\mar2020\pickle_files\64d75337c85aa0f95541b331a0d40cd1dd19008a.pkl,1
D:\08_Dataset\Internal\mar2020\pickle_files\3ba50e8136146780faed06fe07cecc5c592b7219.pkl,1
D:\08_Dataset\Internal\mar2020\pickle_files\230d220b9e237a5f2de0b2ad05039d96647cf041.pkl,1
D:\08_Dataset\Internal\mar2020\pickle_files\90f93d52f2952fe9503e34afdac014cfe7931d09.pkl,1
D:\08_Dataset\Internal\mar2020\pickle_files\6a4e05d899b146f632b2291ccb4a3d5749cc4074.pkl,1
D:\08_Dataset\Internal\mar2020\pickle_files\7a954dbae0cb1fb924d9c7cef0358283fdcddf35.pkl,1
D:\08_Dataset\Internal\mar2020\pickle_files\1fde8ba7ebf3ec23635c9eb61cee055e9a629e50.pkl,1
D:\08_Dataset\Internal\mar2020\pickle_files\71478e424c1b916960c7eb81f6b1168b13100676.pkl,1
D:\08_Dataset\Internal\mar2020\pickle_files\705b69428414f43afb6763a51c97c0468b503095.pkl,1
D:\08_Dataset\Internal\mar2020\pickle_files\240317e88d05eeb4a15050cc1434d9460968b0a6.pkl,1
D:\08_Dataset\Internal\mar2020\pickle_files\4d8295f79270b3f599d793c0135fbccc86004e86.pkl,1
D:\08_Dataset\Internal\mar2020\pickle_files\99401de5a870e44c1c886ed9146cf8867346c5ba.pkl,1
D:\08_Dataset\Internal\mar2020\pickle_files\b9f6bdda2dbf8d2ef3cf6d226675b9368c9ad111.pkl,1
D:\08_Dataset\Internal\mar2020\pickle_files\debc982283c6367f0b35964553c77e78cc6c1af5.pkl,1
D:\08_Dataset\Internal\mar2020\pickle_files\78815dceb86b1412dbe38245c39a6d1e8fdde8ee.pkl,1
D:\08_Dataset\Internal\mar2020\pickle_files\82b089bc6718206391c13828e7d51f2c6d3b2b38.pkl,1
D:\08_Dataset\Internal\mar2020\pickle_files\41bb72b8c05c489a6e150c01c7c33a5838eb38a9.pkl,1
D:\08_Dataset\Internal\mar2020\pickle_files\8cff1d126bf286f52e11dbf70d77afde5c7f8c3c.pkl,1
D:\08_Dataset\Internal\mar2020\pickle_files\9bf641c4a6dae2d048940bca49fa24bafb6676b6.pkl,1
D:\08_Dataset\Internal\mar2020\pickle_files\b840a29b5a3e5caf6d050534a799174e190d81b7.pkl,1
D:\08_Dataset\Internal\mar2020\pickle_files\30e07893a4afbadd2f9022f69c52a28033e86f3a.pkl,1
D:\08_Dataset\Internal\mar2020\pickle_files\acf664d4d08e2835c2ce285ffae970904ccd2738.pkl,1
D:\08_Dataset\Internal\mar2020\pickle_files\f9add82736b381cf6263f841a2c95ab76a3aa0b5.pkl,1
D:\08_Dataset\Internal\mar2020\pickle_files\ae680924e61c001a93384994770353fb2e5eba67.pkl,1
D:\08_Dataset\Internal\mar2020\pickle_files\c302f2782d8ed0072ffa158d16d8859cc9cc9756.pkl,1
D:\08_Dataset\Internal\mar2020\pickle_files\ef2f5c49f7f3d6badde0a2228668f7b76cc16846.pkl,1
D:\08_Dataset\Internal\mar2020\pickle_files\e649ded64312759e27a6c1dbaa982fc382a6b748.pkl,1
D:\08_Dataset\Internal\mar2020\pickle_files\c8b9c86e94ef7fa786a88eda6a0544496255dcdf.pkl,1
D:\08_Dataset\Internal\mar2020\pickle_files\ad7e03b1d70efeb3bd265f95d3b3c588bef1313a.pkl,1
D:\08_Dataset\Internal\mar2020\pickle_files\0475df8c28d5f3d55370f52915ac68de496b5d01.pkl,1
D:\08_Dataset\Internal\mar2020\pickle_files\3a8a4100b3f57c8148b3b9a3e343f32a7bd1754e.pkl,1
D:\08_Dataset\Internal\mar2020\pickle_files\0e290a812a6a7c28cf337ee30312bb5ddf323f3f.pkl,1
D:\08_Dataset\Internal\mar2020\pickle_files\e6bdfce6bf5ca778b76c02cdc6f2b40d2fb18b27.pkl,1
D:\08_Dataset\Internal\mar2020\pickle_files\db431d98c5a190ccd26496dafa61c182306614eb.pkl,1
D:\08_Dataset\Internal\mar2020\pickle_files\fe6b5d39c47d72c5fdcea4f0216ce8b0e13b43ec.pkl,1
D:\08_Dataset\Internal\mar2020\pickle_files\c891d6091f545739802989c61ed0e05bc869007c.pkl,1
D:\08_Dataset\Internal\mar2020\pickle_files\f19b6a8ee5bb0d83d36563ef56d9cea5bafe1a75.pkl,1
D:\08_Dataset\Internal\mar2020\pickle_files\2b9b32a0b9e9a51b2c25ef0d3c47987b1770caeb.pkl,1
D:\08_Dataset\Internal\mar2020\pickle_files\6bb0772c0b62ca417d64dbb902900dd799e3cc02.pkl,1
D:\08_Dataset\Internal\mar2020\pickle_files\e8d62ca5d7e9cdc22ce0221c8b009958260d92ae.pkl,1
D:\08_Dataset\Internal\mar2020\pickle_files\c23a7949dc8f686e10273da53f4b9a25451c960d.pkl,1
D:\08_Dataset\Internal\mar2020\pickle_files\fe05ee3c43c728098b01832811f70fcf1e868a72.pkl,1
D:\08_Dataset\Internal\mar2020\pickle_files\382e48745911cb469455f28ab82fa7fc8fe54695.pkl,1
D:\08_Dataset\Internal\mar2020\pickle_files\622db1e45e3e8471b14e3338a36ce0800a2425aa.pkl,1
D:\08_Dataset\Internal\mar2020\pickle_files\502239924492c05e6f3aaaeca8a73e94313ba5b6.pkl,1
D:\08_Dataset\Internal\mar2020\pickle_files\0538a0812c1a8f58b42399ebaf3aaf44336d2a50.pkl,1
D:\08_Dataset\Internal\mar2020\pickle_files\c0675e6c0de7f9456240aef0b6a77a7c396dd531.pkl,1
D:\08_Dataset\Internal\mar2020\pickle_files\ebdd452e0bfcb9e997d6fe8fc859b48826b737d1.pkl,1
D:\08_Dataset\Internal\mar2020\pickle_files\bcbd8c44dc4cb22b3561fd9d86be16d752c28b29.pkl,1
D:\08_Dataset\Internal\mar2020\pickle_files\3e563ac5eed234b5f948b3e80ec19d1bd11b277b.pkl,1
D:\08_Dataset\Internal\mar2020\pickle_files\b708e3f07c2ef205b63f9abef1d8c71c80147899.pkl,1
D:\08_Dataset\Internal\mar2020\pickle_files\c932620967068a604e0fc287af9f90d91db42934.pkl,1
D:\08_Dataset\Internal\mar2020\pickle_files\c43544cca541b360b4ec997e9832a31d8107a4ad.pkl,1
D:\08_Dataset\Internal\mar2020\pickle_files\351297fa5d8053636262481423d6904f7571d922.pkl,1
D:\08_Dataset\Internal\mar2020\pickle_files\3363ddc6ef762af2cbd536a3abee9039ccaadb30.pkl,1
D:\08_Dataset\Internal\mar2020\pickle_files\3214f16536809c405a5bf4f11f127dbb1526c64f.pkl,1
D:\08_Dataset\Internal\mar2020\pickle_files\e03a82c423fbd39fe74a91b78b1667f737c6ee3e.pkl,1
D:\08_Dataset\Internal\mar2020\pickle_files\6f3b35c4474772a725b2eb2561fe62de8b6232dc.pkl,1
D:\08_Dataset\Internal\mar2020\pickle_files\b609c26f33507a68670e97ee7ce437d9c0bff00d.pkl,1
D:\08_Dataset\Internal\mar2020\pickle_files\ff78208b76306b632db2cecc4623b44f3c63c5ad.pkl,1
D:\08_Dataset\Internal\mar2020\pickle_files\d92d2f770a9e31fae2cab5e3b1927ffec3906fb7.pkl,1
D:\08_Dataset\Internal\mar2020\pickle_files\84d7fec3a6cc30fcc54674d524f4f1f78259543c.pkl,1
D:\08_Dataset\Internal\mar2020\pickle_files\de3ba1515e88dea722c4f8cd42ced724e38095a9.pkl,1
D:\08_Dataset\Internal\mar2020\pickle_files\d6d40f46afa5a51d821fd51b04733b103599abfa.pkl,1
D:\08_Dataset\Internal\mar2020\pickle_files\1d5c831d9637eb8e6255e7d1d22d9b682f84a320.pkl,1
D:\08_Dataset\Internal\mar2020\pickle_files\600a8be1e63682a14116d8ede4867729c06cee47.pkl,1
D:\08_Dataset\Internal\mar2020\pickle_files\7bfeb6521b979a9063ba026903d33c27b5604100.pkl,1
D:\08_Dataset\Internal\mar2020\pickle_files\98e216523d47cc6c188607320e80bfe98607e2c0.pkl,1
D:\08_Dataset\Internal\mar2020\pickle_files\b25981ee3ac06454491badf57f44ce6101b8e8c9.pkl,1
D:\08_Dataset\Internal\mar2020\pickle_files\4f2679795b17fd590792157bae0bf80386a870c1.pkl,1
D:\08_Dataset\Internal\mar2020\pickle_files\d32acf546a298fd7110c979915fe7241630998f8.pkl,1
D:\08_Dataset\Internal\mar2020\pickle_files\1fad1f8f9b0d59b2059181b649388de7e043b7ce.pkl,1
D:\08_Dataset\Internal\mar2020\pickle_files\4eecd5af544292b3f8de8bf5e7d8c1e49428e938.pkl,1
D:\08_Dataset\Internal\mar2020\pickle_files\3499e66abcc9d1a3ddfb920ea4eb3b6105b00bbd.pkl,1
D:\08_Dataset\Internal\mar2020\pickle_files\a06617c1d41cf49a8e1595a455f50fccce244e39.pkl,1
D:\08_Dataset\Internal\mar2020\pickle_files\01b81fa5973ed4f70bfdfc8c78a76675993d7033.pkl,1
D:\08_Dataset\Internal\mar2020\pickle_files\ca289bd547b97a56636e56eb5c9b2ffc12fa345e.pkl,1
D:\08_Dataset\Internal\mar2020\pickle_files\38dd72917b867878abe8ebf6f3280036cc8d8328.pkl,1
D:\08_Dataset\Internal\mar2020\pickle_files\9025aadf88de3b07f8ff949b40d0034df3aaed35.pkl,1
D:\08_Dataset\Internal\mar2020\pickle_files\d5070f510e0238ed68aa5873d348f391324e5b5b.pkl,1
D:\08_Dataset\Internal\mar2020\pickle_files\807e61a9c4443ce4723c68da7174d4933b3b04f3.pkl,1
D:\08_Dataset\Internal\mar2020\pickle_files\51f101b807354ad47112d20852151124ab009b47.pkl,1
D:\08_Dataset\Internal\mar2020\pickle_files\a15d9a2e47ae9b02b19db70cf70fb9861f18f3e6.pkl,1
D:\08_Dataset\Internal\mar2020\pickle_files\7507e52bf7e666deac8db2c35d984df7c65b30c8.pkl,1
D:\08_Dataset\Internal\mar2020\pickle_files\a8de153cc594a9cbc036de0187dd021b08b9f8b3.pkl,1
D:\08_Dataset\Internal\mar2020\pickle_files\fe93522c78c8a1a1f85d13114c4d72b62ef2e0b9.pkl,1
D:\08_Dataset\Internal\mar2020\pickle_files\dc946d4f27460977dadbe5876bbbd9c3b1701b8f.pkl,1
D:\08_Dataset\Internal\mar2020\pickle_files\9fc0e5f9bd29a60cf70458ad1cb0954948cb6aad.pkl,1
D:\08_Dataset\Internal\mar2020\pickle_files\1dbeb24a87cc7e740ca3abd4655460ddd71d1800.pkl,1
D:\08_Dataset\Internal\mar2020\pickle_files\30157dda601759630ea415f1b989cb7b3e8bfa18.pkl,1
D:\08_Dataset\Internal\mar2020\pickle_files\17c3f8d2cbf49bafed9bef0ac322ec955bf70b22.pkl,1
D:\08_Dataset\Internal\mar2020\pickle_files\588ab5fa620d122701c00b66993a917a1a003c35.pkl,1
D:\08_Dataset\Internal\mar2020\pickle_files\488920d2b160a87d0d3fd639199ee47526985ec9.pkl,1
D:\08_Dataset\Internal\mar2020\pickle_files\1b6177ea103cf5589fabdd41b0443e45bad6667a.pkl,1
D:\08_Dataset\Internal\mar2020\pickle_files\fd4dad9bee5c0eed20d99ffba8071cc82c12da7c.pkl,1
D:\08_Dataset\Internal\mar2020\pickle_files\785157ef5ba8060d16c94ac7acb1fd00b092e201.pkl,1
D:\08_Dataset\Internal\mar2020\pickle_files\c2facfbcbadf681b72076ad84535748596332745.pkl,1
D:\08_Dataset\Internal\mar2020\pickle_files\b23e44e29094e424c24312ce30150bba19ccde05.pkl,1
D:\08_Dataset\Internal\mar2020\pickle_files\c438bf936722c5fffe66dae4a4cafcf9557a0a40.pkl,1
D:\08_Dataset\Internal\mar2020\pickle_files\0c92cb3139b11529bc55353871d4c3ed39f3f78b.pkl,1
D:\08_Dataset\Internal\mar2020\pickle_files\86f9e7b57283359534f83cd8218d3ccc39e171df.pkl,1
D:\08_Dataset\Internal\mar2020\pickle_files\6118b4738e574bb054a2fdca6412312695a4cf38.pkl,1
D:\08_Dataset\Internal\mar2020\pickle_files\0bd1b62681786edec03e05672da92a962fb74d9b.pkl,1
D:\08_Dataset\Internal\mar2020\pickle_files\41dca2407b6cea7171d9991caa9d3c0e779eeb1a.pkl,1
D:\08_Dataset\Internal\mar2020\pickle_files\b40319026bb9fcea02274a3b473e864d631f7a1f.pkl,1
D:\08_Dataset\Internal\mar2020\pickle_files\9a93c8077de31b0ce2791b0dcc20f2e1c64a73d4.pkl,1
D:\08_Dataset\Internal\mar2020\pickle_files\e96bfc339ddde58a7f3ba2a69e4c49d2f93b3855.pkl,1
D:\08_Dataset\Internal\mar2020\pickle_files\c63438a7b11d93cbbd1fa9a8114fc5058273ea86.pkl,1
D:\08_Dataset\Internal\mar2020\pickle_files\9b03df74a38f9ddf7c90fb4c13b8cb6f638579ad.pkl,1
D:\08_Dataset\Internal\mar2020\pickle_files\7266209c70a30ff369f673e7a3b5cfd021a30098.pkl,1
D:\08_Dataset\Internal\mar2020\pickle_files\f2a3c32ebfd48e662861e5f44daf418c9ee001fe.pkl,1
D:\08_Dataset\Internal\mar2020\pickle_files\41dcfc41645ede58c0899508118bc15f2afac9c5.pkl,1
D:\08_Dataset\Internal\mar2020\pickle_files\ca06ac00c88407a57768be8563465945277cea59.pkl,1
D:\08_Dataset\Internal\mar2020\pickle_files\c355039b81de8ff7b8634c5b7184c1d4c1c4fe5c.pkl,1
D:\08_Dataset\Internal\mar2020\pickle_files\1550a2ed29e499f2bf593ca0efbbf65086cff435.pkl,1
D:\08_Dataset\Internal\mar2020\pickle_files\cdff7be4cd7ebc62de0b80b6063e25ae4be99287.pkl,1
D:\08_Dataset\Internal\mar2020\pickle_files\f765bc4f24bab3cb28dcc790104387ab7699de4b.pkl,1
D:\08_Dataset\Internal\mar2020\pickle_files\c3608291614f05ae9c7bba07f9cb2efff3b83f53.pkl,1
D:\08_Dataset\Internal\mar2020\pickle_files\f4f0971278f22d42516a9fd1d90197b26e7f9360.pkl,1
D:\08_Dataset\Internal\mar2020\pickle_files\d0819411be65e88aa232067dd94e8f84948900d9.pkl,1
D:\08_Dataset\Internal\mar2020\pickle_files\2f027caf82e1efc06f3957691d0fc1445dbe6a53.pkl,1
D:\08_Dataset\Internal\mar2020\pickle_files\07f2dee9fe11d7a653d8c1053dabadbcd88b2912.pkl,1
D:\08_Dataset\Internal\mar2020\pickle_files\bce1a31b7e8bf30a5edce8ee91656e00a20a5c73.pkl,1
D:\08_Dataset\Internal\mar2020\pickle_files\493f4a116e6b0729e6a686793e0528c4f83255ce.pkl,1
D:\08_Dataset\Internal\mar2020\pickle_files\83833951517f56335b7fb945453f57e4fb5aa75b.pkl,1
D:\08_Dataset\Internal\mar2020\pickle_files\213df9244deb5224a91acc318adb3f6bb32a94d3.pkl,1
D:\08_Dataset\Internal\mar2020\pickle_files\974f916d19418351fff7536c8e5a97fedac9caba.pkl,1
D:\08_Dataset\Internal\mar2020\pickle_files\048b32fc7e49b9ac453869ee55ef9d4195f67997.pkl,1
D:\08_Dataset\Internal\mar2020\pickle_files\09d11e11252e8e999949d319294100be5de2a254.pkl,1
D:\08_Dataset\Internal\mar2020\pickle_files\4e3831f866a7dce3769c6e370ea2ee9f3884e7dc.pkl,1
D:\08_Dataset\Internal\mar2020\pickle_files\0324fb846cedb8bcf1425fcfbd7cb2c836031de2.pkl,1
D:\08_Dataset\Internal\mar2020\pickle_files\663a0514d7b9451bfd6b60df43d84fdb75510375.pkl,1
D:\08_Dataset\Internal\mar2020\pickle_files\5473a5695e2eb2c0e299f7dbec3a00077a0cc6d5.pkl,1
D:\08_Dataset\Internal\mar2020\pickle_files\2a96182b17a3342fc71ad25c3450a31309dac8c9.pkl,1
D:\08_Dataset\Internal\mar2020\pickle_files\22e95ee735c5df964e7bf83e6c2649599190bef9.pkl,1
D:\08_Dataset\Internal\mar2020\pickle_files\431a94e3e4117b2de7d5141237587835fae0e2d5.pkl,1
D:\08_Dataset\Internal\mar2020\pickle_files\31c099442c7c2bac996ab4e7b098d17b78fdff93.pkl,1
D:\08_Dataset\Internal\mar2020\pickle_files\3751859c90391b334bc5643a1cae2207eceb45be.pkl,1
D:\08_Dataset\Internal\mar2020\pickle_files\bbe52758c6a162cd4cfd57f95931b78daa0998e5.pkl,1
D:\08_Dataset\Internal\mar2020\pickle_files\e31e30bf81570377e39f70963739c76335966a33.pkl,1
D:\08_Dataset\Internal\mar2020\pickle_files\81b6bf6f6a82e6faabef05fb7b4ecdd361404271.pkl,1
D:\08_Dataset\Internal\mar2020\pickle_files\63c3a65de6bf7fce4183596a1922e7ccd6bf820e.pkl,1
D:\08_Dataset\Internal\mar2020\pickle_files\ff16fdbf9224dd8053f252021c2d52b951445b96.pkl,1
D:\08_Dataset\Internal\mar2020\pickle_files\0316a3f12e4cc8dc4d71304c1e8d8fe90efe15da.pkl,1
D:\08_Dataset\Internal\mar2020\pickle_files\a304fc01d0f3a0e84e70388c0ace9a20e0867cf4.pkl,1
D:\08_Dataset\Internal\mar2020\pickle_files\a05ae4b31e55ec237b29a30bd8357991808d54f0.pkl,1
D:\08_Dataset\Internal\mar2020\pickle_files\f8f8174c5fe3a4288f124bdae37f985bb4143a95.pkl,1
D:\08_Dataset\Internal\mar2020\pickle_files\f159d305f2574ebaedbee8986a7730c3fd759d2b.pkl,1
D:\08_Dataset\Internal\mar2020\pickle_files\2361df0d1075b37af4cd4a27b98fa69ac0da5fae.pkl,1
D:\08_Dataset\Internal\mar2020\pickle_files\3dd2ed359bf833a365ebea3462dd030a64c02a34.pkl,1
D:\08_Dataset\Internal\mar2020\pickle_files\84a9b97b6f83ff77c55236f8d551c67983382977.pkl,1
D:\08_Dataset\Internal\mar2020\pickle_files\e5172cfd39787fbf9b22173b71ffd917d75caec4.pkl,1
D:\08_Dataset\Internal\mar2020\pickle_files\f8dfe901124fa232c22d38889462325c6c5d1ed5.pkl,1
D:\08_Dataset\Internal\mar2020\pickle_files\5d8971ec46fa6db15c671915081d86d83e279698.pkl,1
D:\08_Dataset\Internal\mar2020\pickle_files\2442ad03930a4d529090f9134deaf1a631f288a6.pkl,1
D:\08_Dataset\Internal\mar2020\pickle_files\06c158b1ca856261f1c47450e1ab83dfc03ed336.pkl,1
D:\08_Dataset\Internal\mar2020\pickle_files\8f6af6c5be5f9a269497e31cf2dcaa75d91f9022.pkl,1
D:\08_Dataset\Internal\mar2020\pickle_files\050a84572fa2dbf27381a682c337b15c2ea1b355.pkl,1
D:\08_Dataset\Internal\mar2020\pickle_files\01864dd74ff1a59bacba11a9773bbb3897eb03cf.pkl,1
D:\08_Dataset\Internal\mar2020\pickle_files\e35c5d032d53f031bfed253ea484724a35cac536.pkl,1
D:\08_Dataset\Internal\mar2020\pickle_files\9eb3f80e49cc3be22f52e3371b8b18fbe9b05c1e.pkl,1
D:\08_Dataset\Internal\mar2020\pickle_files\f5b3ddf276d663b1a59cd66a981c1c79e6fcb991.pkl,1
D:\08_Dataset\Internal\mar2020\pickle_files\23af16e82a19dc94c761220695ad1cf3e55fd2a4.pkl,1
D:\08_Dataset\Internal\mar2020\pickle_files\051c204a16d41931f5ad3b107ae3711b24a87fc5.pkl,1
D:\08_Dataset\Internal\mar2020\pickle_files\c28e3c786a05dc83d093b7b93d9b6585621ca501.pkl,1
D:\08_Dataset\Internal\mar2020\pickle_files\3c6357e913fefa8c68bc5226d5a86e052f67a018.pkl,1
D:\08_Dataset\Internal\mar2020\pickle_files\bf8bc1f94fbbc1d37be896fcd5998bda0c0a3a01.pkl,1
D:\08_Dataset\Internal\mar2020\pickle_files\686a99e4a2fb75d46e89c863df29d02394f4f087.pkl,1
D:\08_Dataset\Internal\mar2020\pickle_files\588d589225bc50d3076bbc201beb2bbfa8c58a7c.pkl,1
D:\08_Dataset\Internal\mar2020\pickle_files\62b9ba289e5369f688f36aae4fafe964921189d2.pkl,1
D:\08_Dataset\Internal\mar2020\pickle_files\0e30b99ec349e9cdac270549ac7c9922b85c1ce1.pkl,1
D:\08_Dataset\Internal\mar2020\pickle_files\c9b7e5cde23741d67748a9ebe02bd73f0b9f49c5.pkl,1
D:\08_Dataset\Internal\mar2020\pickle_files\d80e4092490c262e210773a634dd2ebc7675ca26.pkl,1
D:\08_Dataset\Internal\mar2020\pickle_files\a39430d3415a9dd7f90273af16f1520427e3b90d.pkl,1
D:\08_Dataset\Internal\mar2020\pickle_files\d81e4750435064e646b8d5858f99d5708473b772.pkl,1
D:\08_Dataset\Internal\mar2020\pickle_files\7903d736537682481f40aadbe6e0749245f727db.pkl,1
D:\08_Dataset\Internal\mar2020\pickle_files\b92b01931be33cc3fe8ac987a54b2dd78031733e.pkl,1
D:\08_Dataset\Internal\mar2020\pickle_files\38d11be961ba4218e9f5a8ee447977951e34e3b7.pkl,1
D:\08_Dataset\Internal\mar2020\pickle_files\27d42a5e78628a738615f05ad2309f5b612b1a0d.pkl,1
D:\08_Dataset\Internal\mar2020\pickle_files\0e55eb0ecb6b0f2307a204ae7ef24b54844f1b4f.pkl,1
D:\08_Dataset\Internal\mar2020\pickle_files\be7c200b8fb6802f9ba54f88c7824101f5e42526.pkl,1
D:\08_Dataset\Internal\mar2020\pickle_files\e951296b0f433c42e40875eae224a444f7c58bcf.pkl,1
D:\08_Dataset\Internal\mar2020\pickle_files\ae510c142b0f7459a2d8c718b80b7d5963cbd939.pkl,1
D:\08_Dataset\Internal\mar2020\pickle_files\20291959a11d196898d4141426f7ebb49070f77f.pkl,1
D:\08_Dataset\Internal\mar2020\pickle_files\11cf5ccbfd095add7a05c09d0b09346b324e68aa.pkl,1
D:\08_Dataset\Internal\mar2020\pickle_files\288d4a7af87e83304b447ed0831fabd7f82698a3.pkl,1
D:\08_Dataset\Internal\mar2020\pickle_files\aeb86850e9b97bc03ed7c92eb4945baf2a6da0c1.pkl,1
D:\08_Dataset\Internal\mar2020\pickle_files\b6d57aa292be7428cf16f83076fb7429722a2ce9.pkl,1
D:\08_Dataset\Internal\mar2020\pickle_files\5d71d1829cba2c51fdb54f59e3788b74865c6eab.pkl,1
D:\08_Dataset\Internal\mar2020\pickle_files\059d6f7bcca7f4185d2d4eb1c7b164f59d22b4ed.pkl,1
D:\08_Dataset\Internal\mar2020\pickle_files\b009c31ecc8b58146461b82a1761f48bbcf8bc3b.pkl,1
D:\08_Dataset\Internal\mar2020\pickle_files\169eee14ae48755517637a2e49d0be5cbc940e86.pkl,1
D:\08_Dataset\Internal\mar2020\pickle_files\8ae2e669a3706f6800099cce4d9c917abe764c9a.pkl,1
D:\08_Dataset\Internal\mar2020\pickle_files\4895bedd7ba8a19bfc9074d9ec5afb1d4290e01c.pkl,1
D:\08_Dataset\Internal\mar2020\pickle_files\2157da8914fdc6c3de4ef52c13ce86244e19fc32.pkl,1
D:\08_Dataset\Internal\mar2020\pickle_files\2b1a67a787fefdcc8d6020390e5ee91dfb4a88f7.pkl,1
D:\08_Dataset\Internal\mar2020\pickle_files\185585c0b19546af8c2603fccad7ed80a544cdaf.pkl,1
D:\08_Dataset\Internal\mar2020\pickle_files\5facd74ce61e5cef44ff3730e7fe9aa4537001eb.pkl,1
D:\08_Dataset\Internal\mar2020\pickle_files\06a4e1b640a7f6c3da6cafe565f3b536cec2de11.pkl,1
D:\08_Dataset\Internal\mar2020\pickle_files\349448855a2278689c46442d1e9ab8ea86a58393.pkl,1
D:\08_Dataset\Internal\mar2020\pickle_files\b55688e29709b1512bb41b766690d1cb300589a9.pkl,1
D:\08_Dataset\Internal\mar2020\pickle_files\e661870e8b7f6550b479a51d334f6b0d34cbe49e.pkl,1
D:\08_Dataset\Internal\mar2020\pickle_files\64e1a55b8978f2431d3dd0d24eed8a8214a873b7.pkl,1
D:\08_Dataset\Internal\mar2020\pickle_files\55353662c53b89b3e9e84c187be25db5f0bb1e86.pkl,1
D:\08_Dataset\Internal\mar2020\pickle_files\ef0e5e0961ffd94b9e37eab82904ca2547a8b202.pkl,1
D:\08_Dataset\Internal\mar2020\pickle_files\ebfd03b5169dafcc3a98322ba3812213f2df3250.pkl,1
D:\08_Dataset\Internal\mar2020\pickle_files\afc88b7c5a87209e21c3511be22a18a3c8be1c33.pkl,1
D:\08_Dataset\Internal\mar2020\pickle_files\d8bbae88b25f62a4737bf4c8e1d8b1f0a266c447.pkl,1
D:\08_Dataset\Internal\mar2020\pickle_files\b5b99fee9b5afc1d9d6e1dfdf621a242ddcd4009.pkl,1
D:\08_Dataset\Internal\mar2020\pickle_files\bfe74793d42474553a78c6a4d4e928ae499414de.pkl,1
D:\08_Dataset\Internal\mar2020\pickle_files\9b248b8cc126bcfe9b2bb9cb79406614497e5e3a.pkl,1
D:\08_Dataset\Internal\mar2020\pickle_files\b5e6716390f97dd8facea50500145496226a4850.pkl,1
D:\08_Dataset\Internal\mar2020\pickle_files\b6fdc99efea172bb56aba610c3749b627e16f5c2.pkl,1
D:\08_Dataset\Internal\mar2020\pickle_files\fb62b7bc3d00caa4dbca8eedaa527d04ff345905.pkl,1
D:\08_Dataset\Internal\mar2020\pickle_files\dc149d59422f28bcf8c012f07611330f101dced1.pkl,1
D:\08_Dataset\Internal\mar2020\pickle_files\1bd1e16ffd71b4a2009b98f707775443a75f41ac.pkl,1
D:\08_Dataset\Internal\mar2020\pickle_files\653cdfac0d7b797a77710a276fcdc80896f24493.pkl,1
D:\08_Dataset\Internal\mar2020\pickle_files\e391d6b60c89f9f35fd5494a502c55bd0f437e14.pkl,1
D:\08_Dataset\Internal\mar2020\pickle_files\71ab8df68f55bfe2703ad2391d4d4ee7f0599b98.pkl,1
D:\08_Dataset\Internal\mar2020\pickle_files\3e80d783cfe00d812dff5b627222d124d3b4d5d7.pkl,1
D:\08_Dataset\Internal\mar2020\pickle_files\df09532aec52fb1fc48dca39fea86b60df941045.pkl,1
D:\08_Dataset\Internal\mar2020\pickle_files\d162ef3ff1fe136548ab20573c2f2e57ccf2da25.pkl,1
D:\08_Dataset\Internal\mar2020\pickle_files\ba838017ab4df988e4a7edacec91a2c5a963dca6.pkl,1
D:\08_Dataset\Internal\mar2020\pickle_files\2d989bca05e0a3acf92f315b465f4b3cce209fdd.pkl,1
D:\08_Dataset\Internal\mar2020\pickle_files\1b34645e1e0f76673f16ba4be84789cf880cfdd0.pkl,1
D:\08_Dataset\Internal\mar2020\pickle_files\49caa3a2385a98bcabba602525173246820285aa.pkl,1
D:\08_Dataset\Internal\mar2020\pickle_files\916bc939e7a4e537c05dd5e411fd113197b15ca7.pkl,1
D:\08_Dataset\Internal\mar2020\pickle_files\d16b3033d3bbeb9cf235897cb4bfaba27b3d1248.pkl,1
D:\08_Dataset\Internal\mar2020\pickle_files\ec949ea76743e8b39562117faf3b1c20b46d7f74.pkl,1
D:\08_Dataset\Internal\mar2020\pickle_files\434602294f048da185618469563a326dcfea2460.pkl,1
D:\08_Dataset\Internal\mar2020\pickle_files\97c56894db6e2635832050b65d6d66a0885d2dee.pkl,1
D:\08_Dataset\Internal\mar2020\pickle_files\9dc04f8b70f028b20ccc5cd540c68834d0dae790.pkl,1
D:\08_Dataset\Internal\mar2020\pickle_files\b0227da68d791b7b063e133b8d566b76b6c67d2b.pkl,1
D:\08_Dataset\Internal\mar2020\pickle_files\333dd681a8fb15e2e5a333750199f8cc6db1d9a3.pkl,1
D:\08_Dataset\Internal\mar2020\pickle_files\f740ac402368f415382abef9fdbff8ce7d529ee7.pkl,1
D:\08_Dataset\Internal\mar2020\pickle_files\d045721615ddde4b37c9a13775df60a11a4f08b5.pkl,1
D:\08_Dataset\Internal\mar2020\pickle_files\5b2f8cee5576302d133c848f787fc5fba9ba8d10.pkl,1
D:\08_Dataset\Internal\mar2020\pickle_files\b0ee548b03d7fb74984a63874aced1ca6724658c.pkl,1
D:\08_Dataset\Internal\mar2020\pickle_files\05f6b575bab33498cce3b40ca3f2051d32f20d55.pkl,1
D:\08_Dataset\Internal\mar2020\pickle_files\cbb196147bd70684ae02531a849e9ee91f0a0306.pkl,1
D:\08_Dataset\Internal\mar2020\pickle_files\fd53999f5af8c6b40a8e36fb649168bd839f5cc4.pkl,1
D:\08_Dataset\Internal\mar2020\pickle_files\499481bf6c9bb2169ab9bcd8bd2e9c6198fb5f73.pkl,1
D:\08_Dataset\Internal\mar2020\pickle_files\0e454a452a97b1fba320eafccf80ee46b5229909.pkl,1
D:\08_Dataset\Internal\mar2020\pickle_files\256849ee9bb77d6456bb7f1c8721ae88b80c390e.pkl,1
D:\08_Dataset\Internal\mar2020\pickle_files\296c55a2f5f0371278805bf0bb3f2b5ea0b45eed.pkl,1
D:\08_Dataset\Internal\mar2020\pickle_files\a508b6276452131e5d15a72c53a64869ff5f3074.pkl,1
D:\08_Dataset\Internal\mar2020\pickle_files\9eb65a246a151e90e639df1fe4b5551457ab46b6.pkl,1
D:\08_Dataset\Internal\mar2020\pickle_files\faf0409f3393c9088a880498e356dfd435129dfe.pkl,1
D:\08_Dataset\Internal\mar2020\pickle_files\20567dc6c64d4af5c14f951c0de63be8365ea1c2.pkl,1
D:\08_Dataset\Internal\mar2020\pickle_files\39cd93e65ed4c63545aa050a9398b9c525817279.pkl,1
D:\08_Dataset\Internal\mar2020\pickle_files\45d1f413ff48dd29f57ff0a3a91c8b87b02817df.pkl,1
D:\08_Dataset\Internal\mar2020\pickle_files\16cfe0c0ad944da520e748b9de538def17216ea3.pkl,1
D:\08_Dataset\Internal\mar2020\pickle_files\938980b15ed765f829c0ac799d9fd23b3bc82b1e.pkl,1
D:\08_Dataset\Internal\mar2020\pickle_files\e400e1f0f40241440d5071efc09d4eafaaa0e904.pkl,1
D:\08_Dataset\Internal\mar2020\pickle_files\546761fb0a0de38fd7d215f6a008f6b76a579e9d.pkl,1
D:\08_Dataset\Internal\mar2020\pickle_files\b1ef49e631e5f15cd0b98f7969077dd0afe187b2.pkl,1
D:\08_Dataset\Internal\mar2020\pickle_files\7f5696ed72037d32f72cbecf93293f8cf3128bda.pkl,1
D:\08_Dataset\Internal\mar2020\pickle_files\df82bae24f7ae4e890241fac604fe6fc515d7dea.pkl,1
D:\08_Dataset\Internal\mar2020\pickle_files\26ba756a142dab52f97c0f20f5377a500701e74b.pkl,1
D:\08_Dataset\Internal\mar2020\pickle_files\773d7ede001d9037ee8aeb7902c82dd7edb70dde.pkl,1
D:\08_Dataset\Internal\mar2020\pickle_files\6fb8b2aedac0dd061e0c6adbcdcaae5d336d38ec.pkl,1
D:\08_Dataset\Internal\mar2020\pickle_files\092ea1198daea78e3dffaa6dde4960993d0d0b98.pkl,1
D:\08_Dataset\Internal\mar2020\pickle_files\58d220ddbee4edc1f526e35cfef03d14630451e2.pkl,1
D:\08_Dataset\Internal\mar2020\pickle_files\9fee9eaa112f68ad3e212f581ded51455d93e9ad.pkl,1
D:\08_Dataset\Internal\mar2020\pickle_files\bba065b5efe39a9445adebe2a0459cb297ede523.pkl,1
D:\08_Dataset\Internal\mar2020\pickle_files\31ee58a319daabf8d10da52e17502bb0fd90453b.pkl,1
D:\08_Dataset\Internal\mar2020\pickle_files\c5215758d12862ebe139e2b8249189ffdd5391c3.pkl,1
D:\08_Dataset\Internal\mar2020\pickle_files\a4561fc116eb80c0cae6f6f6de52c1b41784cabf.pkl,1
D:\08_Dataset\Internal\mar2020\pickle_files\e9dfd0d85546ba37d94de65d40dad047b6a36f95.pkl,1
D:\08_Dataset\Internal\mar2020\pickle_files\4a3729c53ac630bd0531a3aa34bb59f0023f3514.pkl,1
D:\08_Dataset\Internal\mar2020\pickle_files\952fc2300904de34709112abc4a48614703ff422.pkl,1
D:\08_Dataset\Internal\mar2020\pickle_files\f790b61c9c3d97699411b9c81a12f321ed7cc99f.pkl,1
D:\08_Dataset\Internal\mar2020\pickle_files\994f875749cd0093fcfb27009b851212aea41acf.pkl,1
D:\08_Dataset\Internal\mar2020\pickle_files\e633f0a92c8244f894b765bbc4bec22dce0b33c8.pkl,1
D:\08_Dataset\Internal\mar2020\pickle_files\7c042fbdf0893bbf76d80ea8596b6f85a0203307.pkl,1
D:\08_Dataset\Internal\mar2020\pickle_files\f73c26021ad56d4c85169eacb80e7635d433fb62.pkl,1
D:\08_Dataset\Internal\mar2020\pickle_files\b8cb67546de567218aff1545c1df675227a5c515.pkl,1
D:\08_Dataset\Internal\mar2020\pickle_files\15530294921a2dced6f6274ea197d01c2c508b04.pkl,1
D:\08_Dataset\Internal\mar2020\pickle_files\7daa5d7c9beaca28fc0df4381153ca98f17e9034.pkl,1
D:\08_Dataset\Internal\mar2020\pickle_files\1915caf335a72a99e7142ccbb76e12469fcfaa06.pkl,1
D:\08_Dataset\Internal\mar2020\pickle_files\caf244978c4894e20477d02348e8c2e07751d9a3.pkl,1
D:\08_Dataset\Internal\mar2020\pickle_files\c710567b0af99c15a57fa1fbe4a8fd66b36a5215.pkl,1
D:\08_Dataset\Internal\mar2020\pickle_files\5b2de78c44374e75d390eae56977c3dbc94de361.pkl,1
D:\08_Dataset\Internal\mar2020\pickle_files\7cb925d1e3bfd0cce69c30e3b05693759c988bcd.pkl,1
D:\08_Dataset\Internal\mar2020\pickle_files\445b4d78d9c0a911eee6df35324b531f24e5a58d.pkl,1
D:\08_Dataset\Internal\mar2020\pickle_files\588f0673fa7619f6f8161e9c190f2fbde361ce78.pkl,1
D:\08_Dataset\Internal\mar2020\pickle_files\5c159dced7119bf4069df4d12033a652b01c47bc.pkl,1
D:\08_Dataset\Internal\mar2020\pickle_files\1fbad5aafc28382bbef809a8f1dbda05368fb04c.pkl,1
D:\08_Dataset\Internal\mar2020\pickle_files\b36fcd16e38f0b9c7c1b374a37a04444c82178ab.pkl,1
D:\08_Dataset\Internal\mar2020\pickle_files\78cb85217065f1fdbbf1e05f4445096ff392d898.pkl,1
D:\08_Dataset\Internal\mar2020\pickle_files\a3805867e44d535f3fe1e82c324c13102956566d.pkl,1
D:\08_Dataset\Internal\mar2020\pickle_files\310f6b5cf4abc53d505a3ad789f38adc40a3d264.pkl,1
D:\08_Dataset\Internal\mar2020\pickle_files\508806884b65ec2238f1fa89a13d410afbed80c9.pkl,1
D:\08_Dataset\Internal\mar2020\pickle_files\be4eb847bd1ad690e6133b439f0c8486373ed452.pkl,1
D:\08_Dataset\Internal\mar2020\pickle_files\d083dd893b2d0885f815fd6319b6c021c1c620b9.pkl,1
D:\08_Dataset\Internal\mar2020\pickle_files\83c188fcad6ec0a52550e3a23f3cd4e30502acbe.pkl,1
D:\08_Dataset\Internal\mar2020\pickle_files\a2dafc6068366b3d882826a359beedb9a5a5d4ef.pkl,1
D:\08_Dataset\Internal\mar2020\pickle_files\c33938b05a9dccc699effd28478ff989b459ab8e.pkl,1
D:\08_Dataset\Internal\mar2020\pickle_files\9751bbc066404360858f1c6194081bbc94b63ea6.pkl,1
D:\08_Dataset\Internal\mar2020\pickle_files\7010c92d6c7e022b251ee0dad1b9ab6a532a434e.pkl,1
D:\08_Dataset\Internal\mar2020\pickle_files\d1dc6f4f5bdc78e5e8072aceda5e7d4b57ce19ee.pkl,1
D:\08_Dataset\Internal\mar2020\pickle_files\59f1a916a706d7ac79b73e9ac5a24bfd822e9162.pkl,1
D:\08_Dataset\Internal\mar2020\pickle_files\8bc54c1f2c1b8f165f8bf52db965a80c7f4189a4.pkl,1
D:\08_Dataset\Internal\mar2020\pickle_files\ef461c73b2d0e0eae486c6615750e47f2a496a4a.pkl,1
D:\08_Dataset\Internal\mar2020\pickle_files\6bc9876a3beb5284f23aaee5db447d186dc1e99a.pkl,1
D:\08_Dataset\Internal\mar2020\pickle_files\6e76474d2fca3ad6ecbdbbb925aeabc4b46ad23e.pkl,1
D:\08_Dataset\Internal\mar2020\pickle_files\d5994e2ceae8bdfe87b400649dece01c43bd42c8.pkl,1
D:\08_Dataset\Internal\mar2020\pickle_files\4da96ee5d9432ed5a72560a04894ec3d1079d384.pkl,1
D:\08_Dataset\Internal\mar2020\pickle_files\5dc14ea3b18f69d3775f3b3a9b809ca55bfcd2a6.pkl,1
D:\08_Dataset\Internal\mar2020\pickle_files\347e750bea0e09bc226dd4707c05944cabc4ae25.pkl,1
D:\08_Dataset\Internal\mar2020\pickle_files\b62ed57d7a92baed38627ff26a231b2f4418ffea.pkl,1
D:\08_Dataset\Internal\mar2020\pickle_files\80b1dc4f4a61c66bdb744102e45cd751df9c8d20.pkl,1
D:\08_Dataset\Internal\mar2020\pickle_files\f4b7f877282360daf2744660a11e235d61dc6d51.pkl,1
D:\08_Dataset\Internal\mar2020\pickle_files\f02b620c6257c8b783ca535d8649ca0b07843adc.pkl,1
D:\08_Dataset\Internal\mar2020\pickle_files\e19fc40b57c0547fceae8b380b5e73b1100da1ed.pkl,1
D:\08_Dataset\Internal\mar2020\pickle_files\1be6d6b1210d238ac6e9244473a3db3c87c653fb.pkl,1
D:\08_Dataset\Internal\mar2020\pickle_files\61614c1cd83f10fdcb9bbbadd9974cf909b05b2b.pkl,1
D:\08_Dataset\Internal\mar2020\pickle_files\d9ac6b954af99e6d5e8d942e0ea632f51a82c0d1.pkl,1
D:\08_Dataset\Internal\mar2020\pickle_files\896c989e0da1d5c38fa6d11a1bb0b29d6e20558b.pkl,1
D:\08_Dataset\Internal\mar2020\pickle_files\caa5339de010d051c748a0f9068a129f98aa0b70.pkl,1
D:\08_Dataset\Internal\mar2020\pickle_files\d5d18aae33dccb0d61029ed8177c976243f6caf5.pkl,1
D:\08_Dataset\Internal\mar2020\pickle_files\e49a03e0b04c26149ec361e91cf13b866ec58324.pkl,1
D:\08_Dataset\Internal\mar2020\pickle_files\0ff284b0d01897afe5f9de88be60c6c5221b1d21.pkl,1
D:\08_Dataset\Internal\mar2020\pickle_files\394bd70e674b56179ab6f9d103ced446dd4c9969.pkl,1
D:\08_Dataset\Internal\mar2020\pickle_files\68b4f17bd4c850ba41c5eb178be215b171e6a3d4.pkl,1
D:\08_Dataset\Internal\mar2020\pickle_files\e9351668636430567863e1382d007b5a231e60ee.pkl,1
D:\08_Dataset\Internal\mar2020\pickle_files\3ff1549365e3d331f99f2a6da490d9b3fdc4f7ad.pkl,1
D:\08_Dataset\Internal\mar2020\pickle_files\72c6643ed5e47d326f4b19744b7cbdbf43f46c8c.pkl,1
D:\08_Dataset\Internal\mar2020\pickle_files\29f7e5dd45bd2a3d1929952c589be65aa6ceebeb.pkl,1
D:\08_Dataset\Internal\mar2020\pickle_files\d5566769dcc684cea91b685772f4d0c2fe814d2d.pkl,1
D:\08_Dataset\Internal\mar2020\pickle_files\d093e3143bef07a83dc7849e30409befa90c0b79.pkl,1
D:\08_Dataset\Internal\mar2020\pickle_files\0883498358f6b79a833f9c2bb3f1b38641e1cb27.pkl,1
D:\08_Dataset\Internal\mar2020\pickle_files\07bd934069c20eba0dab6a67eda4f68a6f9936ef.pkl,1
D:\08_Dataset\Internal\mar2020\pickle_files\0b1bddf42ae17e4ee9fd1e5b49c2519561a8138d.pkl,1
D:\08_Dataset\Internal\mar2020\pickle_files\c4a6d034d027b13e77cd7359eef7f8ff35fb3a8f.pkl,1
D:\08_Dataset\Internal\mar2020\pickle_files\21bcc98cc08b189a8bb9c489aa29c19c5382c97c.pkl,1
D:\08_Dataset\Internal\mar2020\pickle_files\c4ab3114a6fe3c395b776f4429e911fa303476a5.pkl,1
D:\08_Dataset\Internal\mar2020\pickle_files\775bf9a6cbc8a9ff2868c2dff4faeb83ba060d5a.pkl,1
D:\08_Dataset\Internal\mar2020\pickle_files\187b5098d64b44a4ccc0ccd99ddd476b48e92ad6.pkl,1
D:\08_Dataset\Internal\mar2020\pickle_files\b9e63563de30eb2caae8b4100034d1a34fe05116.pkl,1
D:\08_Dataset\Internal\mar2020\pickle_files\9bc94648fe4334f7d3edcf18de78edb6e05e342a.pkl,1
D:\08_Dataset\Internal\mar2020\pickle_files\a19f4921b48aaaab2fa58dcb71ec47a7a37fc1b6.pkl,1
D:\08_Dataset\Internal\mar2020\pickle_files\9b6976d944a8889063aa35196c7e9f07832d0592.pkl,1
D:\08_Dataset\Internal\mar2020\pickle_files\3bb73d79d743ea19cbcf94e14b903b213de03a22.pkl,1
D:\08_Dataset\Internal\mar2020\pickle_files\13dfeb47e9a52f927221366ae1b75a6afd68077d.pkl,1
D:\08_Dataset\Internal\mar2020\pickle_files\020b0ff28af5fd56b2eb6d91cd750da89da195e8.pkl,1
D:\08_Dataset\Internal\mar2020\pickle_files\415ba183e163cf512e7a551eb5a1f1edf55d1a0a.pkl,1
D:\08_Dataset\Internal\mar2020\pickle_files\eba5acaede374af19fad39aad1152e384f5b438d.pkl,1
D:\08_Dataset\Internal\mar2020\pickle_files\0b3727120d2bd8a04d10b303dd15360a5d0b97d3.pkl,1
D:\08_Dataset\Internal\mar2020\pickle_files\8ebbab67dcacad386d6a0edf7832b807e7d19be2.pkl,1
D:\08_Dataset\Internal\mar2020\pickle_files\66036c7e37860a2e717202bd2b75d22d4e7305d8.pkl,1
D:\08_Dataset\Internal\mar2020\pickle_files\3673089fbb1b2ae970326cf6d82095294f8f683b.pkl,1
D:\08_Dataset\Internal\mar2020\pickle_files\7edec263dbf2827668f424256ebafc8f5f65b795.pkl,1
D:\08_Dataset\Internal\mar2020\pickle_files\c1fe664518424813dcfc8cf4307fc13b032b4768.pkl,1
D:\08_Dataset\Internal\mar2020\pickle_files\75527258b5e9d29854867c43f25ddb1091a45127.pkl,1
D:\08_Dataset\Internal\mar2020\pickle_files\1b38b21f5cc891e033a805d0cb3f213019d81323.pkl,1
D:\08_Dataset\Internal\mar2020\pickle_files\c74b123808eac8bc48e6e6fe717785e2b4b21590.pkl,1
D:\08_Dataset\Internal\mar2020\pickle_files\c816e856156d8f9fc916e2ba519e9bdd007cfccd.pkl,1
D:\08_Dataset\Internal\mar2020\pickle_files\2ee66b0e96e31b7c011f93989fbde9612c728f2e.pkl,1
D:\08_Dataset\Internal\mar2020\pickle_files\3b7e0e297d1abedd1824351840556fdaa0d756e5.pkl,1
D:\08_Dataset\Internal\mar2020\pickle_files\0ebdf0eae7964d4a6b1711871a80c4c8933bc933.pkl,1
D:\08_Dataset\Internal\mar2020\pickle_files\cb024b73ef8fb8abaf3cfb729d79cf26522dbef4.pkl,1
D:\08_Dataset\Internal\mar2020\pickle_files\127a8292fb262298e6e221bec41d7f4a61aeae55.pkl,1
D:\08_Dataset\Internal\mar2020\pickle_files\3c9199f13a933a9d9c5cff8a0cfc2fb9f8f8f636.pkl,1
D:\08_Dataset\Internal\mar2020\pickle_files\aebf5d25abc231445deb8728134036b852530ccc.pkl,1
D:\08_Dataset\Internal\mar2020\pickle_files\a4c1b1470b9960ad3e8275900a93e6dfaab424e2.pkl,1
D:\08_Dataset\Internal\mar2020\pickle_files\631c27cd473775ae86e84b51872a648501384b9f.pkl,1
D:\08_Dataset\Internal\mar2020\pickle_files\745e5d07b908e2aa2dc87615abdb7b007892fe3b.pkl,1
D:\08_Dataset\Internal\mar2020\pickle_files\bc73515e8040e9a2f070631a109650de24d7ccd3.pkl,1
D:\08_Dataset\Internal\mar2020\pickle_files\9f29b238e342265874d52d30b8a5523c02c67c1d.pkl,1
D:\08_Dataset\Internal\mar2020\pickle_files\d9f0a544bf233bd9316281e965bc23120232c07a.pkl,1
D:\08_Dataset\Internal\mar2020\pickle_files\46763986822a0ecd01ac864f93e9af897f147255.pkl,1
D:\08_Dataset\Internal\mar2020\pickle_files\5a31473aa96563d1910b3e5fd854b04087e8db64.pkl,1
D:\08_Dataset\Internal\mar2020\pickle_files\02382bf4670df2cb4620566eee77a7467052920b.pkl,1
D:\08_Dataset\Internal\mar2020\pickle_files\12596686c9323efdf09fc578c01748590bc9a7e5.pkl,1
D:\08_Dataset\Internal\mar2020\pickle_files\f58b023d01feb7c72cab26c03b15ad712178e0ec.pkl,1
D:\08_Dataset\Internal\mar2020\pickle_files\7adb8e4c44d13ff29b840919ec2410c03990e48d.pkl,1
D:\08_Dataset\Internal\mar2020\pickle_files\4a0792052b55b7c4734e182ea79395bb97e69b36.pkl,1
D:\08_Dataset\Internal\mar2020\pickle_files\d0d30ff9ec14e3b64bc2ffd2f2d85e9c66da5d0b.pkl,1
D:\08_Dataset\Internal\mar2020\pickle_files\3a22c15f3e60cdc6e4b0b74aabd6282ec6f7b30b.pkl,1
D:\08_Dataset\Internal\mar2020\pickle_files\d2c18fb15f9af777087d2f30796da939a4fdbc15.pkl,1
D:\08_Dataset\Internal\mar2020\pickle_files\3171dcd128c2b023236490f913086c6315f9fee6.pkl,1
D:\08_Dataset\Internal\mar2020\pickle_files\0205ac779b6003956eaf44be40219c6c2e44f421.pkl,1
D:\08_Dataset\Internal\mar2020\pickle_files\d2b8ee77ea8e0ae5c807aa9850d1c6b92bc0a741.pkl,1
D:\08_Dataset\Internal\mar2020\pickle_files\08a3bdddb62907e4616db940de39d8f57abc0145.pkl,1
D:\08_Dataset\Internal\mar2020\pickle_files\179f251be0a4f164286ccf6b659e01eb09e8e5e9.pkl,1
D:\08_Dataset\Internal\mar2020\pickle_files\1120032d30a79471989d1da14a576c47a9996b15.pkl,1
D:\08_Dataset\Internal\mar2020\pickle_files\2b44dcec26fb3ff8b3bb13da1bbcbd76b0240347.pkl,1
D:\08_Dataset\Internal\mar2020\pickle_files\52669cfb68d4f71dd711c75df464adc3760380b5.pkl,1
D:\08_Dataset\Internal\mar2020\pickle_files\cec406aac6bf103da63f9118c98b16422e451a35.pkl,1
D:\08_Dataset\Internal\mar2020\pickle_files\7709554dbfcab5afe50d2a94d6c94d7913337368.pkl,1
D:\08_Dataset\Internal\mar2020\pickle_files\a406538e94ea94faf4e1874560c15ccea0da4eae.pkl,1
D:\08_Dataset\Internal\mar2020\pickle_files\f25400f582e326e5739c80e071dac8285deb2a7e.pkl,1
D:\08_Dataset\Internal\mar2020\pickle_files\6ef47bc90efc57aed30e90b4097b97e5eb7d09ca.pkl,1
D:\08_Dataset\Internal\mar2020\pickle_files\b436178c9fadbc1d02d7e6052b89c6e8f288e255.pkl,1
D:\08_Dataset\Internal\mar2020\pickle_files\25315bdea5826324180b34c0865e92dd5d539dd6.pkl,1
D:\08_Dataset\Internal\mar2020\pickle_files\4a02206268c20f9161df8032ab965a970c803650.pkl,1
D:\08_Dataset\Internal\mar2020\pickle_files\ae9bf72277666b53a6921e584ee092b8c35c0875.pkl,1
D:\08_Dataset\Internal\mar2020\pickle_files\962c8bf1c39c5abd29147caf118fa1f5d24af0bd.pkl,1
D:\08_Dataset\Internal\mar2020\pickle_files\fd91606c858bd44abd9783a4c9745b0b52d09687.pkl,1
D:\08_Dataset\Internal\mar2020\pickle_files\049f8d70d663177c1bc7dec0522685496a249112.pkl,1
D:\08_Dataset\Internal\mar2020\pickle_files\340a9ecb52d9faefa9e9acf17271c041fe65dbcf.pkl,1
D:\08_Dataset\Internal\mar2020\pickle_files\03552e10a90629eb6d2956bd9be00ab467518d4f.pkl,1
D:\08_Dataset\Internal\mar2020\pickle_files\6d03d14adbacc98e3a8516f65eedcecc6b18282f.pkl,1
D:\08_Dataset\Internal\mar2020\pickle_files\266d8010b5627fb0385cf8627b6291e733122b17.pkl,1
D:\08_Dataset\Internal\mar2020\pickle_files\a5747857afd37dc5576f9b254719d1890e47de7b.pkl,1
D:\08_Dataset\Internal\mar2020\pickle_files\5a51978677d8492ea8ce99c96e5488b2d6cd1d77.pkl,1
D:\08_Dataset\Internal\mar2020\pickle_files\990e578b266d3bf062b250c1ed8c67d54210d92d.pkl,1
D:\08_Dataset\Internal\mar2020\pickle_files\e59a3cc3036c5271e5f5f179f6bebd9e18903e9f.pkl,1
D:\08_Dataset\Internal\mar2020\pickle_files\8c5a9cb9d38ebed094074c709c88f1c5217108c5.pkl,1
D:\08_Dataset\Internal\mar2020\pickle_files\0abb98791912c1372b0386c95d51b31d1ad2754d.pkl,1
D:\08_Dataset\Internal\mar2020\pickle_files\9e48145e94bf72d01898763b66bc0f6c00cbc510.pkl,1
D:\08_Dataset\Internal\mar2020\pickle_files\1590eda01140a16359e0f0eeb9a552fb7c5208f2.pkl,1
D:\08_Dataset\Internal\mar2020\pickle_files\7064f7088da7f017273662a3e8b9161aafad4573.pkl,1
D:\08_Dataset\Internal\mar2020\pickle_files\a259c424298f894f69d3cbdfe9a0a662f06e55ab.pkl,1
D:\08_Dataset\Internal\mar2020\pickle_files\a2d0cc9b9eb69d7adab6dcf67b8148611446b5ab.pkl,1
D:\08_Dataset\Internal\mar2020\pickle_files\86c19a134ea4395694b4cfde31073f3e276bc32c.pkl,1
D:\08_Dataset\Internal\mar2020\pickle_files\aa5b28256ae5e93b944afb6d7acd0bb0eb313345.pkl,1
D:\08_Dataset\Internal\mar2020\pickle_files\4e7b60a819471379d273e4b6f1ecb2653d76884e.pkl,1
D:\08_Dataset\Internal\mar2020\pickle_files\657ac3b7fa0e4af49c57c8d334634dc5e12a06ff.pkl,1
D:\08_Dataset\Internal\mar2020\pickle_files\cc23c20ee062ff50bfdfb52f392c4f1486752797.pkl,1
D:\08_Dataset\Internal\mar2020\pickle_files\ab1ed37934c4a2ec98d75f2a41db5e2f28473966.pkl,1
D:\08_Dataset\Internal\mar2020\pickle_files\5746b847647c70a38c1aba5d4e69139e1f4f88d9.pkl,1
D:\08_Dataset\Internal\mar2020\pickle_files\600d3dd17f80b61106889047fe271b6bba905762.pkl,1
D:\08_Dataset\Internal\mar2020\pickle_files\b096d3ced19d3cac1b0132a7fde28ca202d4c4f6.pkl,1
D:\08_Dataset\Internal\mar2020\pickle_files\68ed38090d89a0408457dc1aefea766f06747ba4.pkl,1
D:\08_Dataset\Internal\mar2020\pickle_files\2f9e64814fa7846cece030f1a05986535b4d3378.pkl,1
D:\08_Dataset\Internal\mar2020\pickle_files\23885dc903a757c205c337358083cdbfe10acb2c.pkl,1
D:\08_Dataset\Internal\mar2020\pickle_files\f8fea1ef9646e39726e726f99fc9c9d104cc7d63.pkl,1
D:\08_Dataset\Internal\mar2020\pickle_files\334a436fa6c638434cb854683b31f717402a57bb.pkl,1
D:\08_Dataset\Internal\mar2020\pickle_files\40175dcccadc5a2074e7cd111bbe96d2a25d2023.pkl,1
D:\08_Dataset\Internal\mar2020\pickle_files\6c65e2153c2315558489f9ac1dea4f4462db34e6.pkl,1
D:\08_Dataset\Internal\mar2020\pickle_files\a18903885cb8174e4fc7a3d2fd326aaaf96c91e4.pkl,1
D:\08_Dataset\Internal\mar2020\pickle_files\a0af39f488df98c7d871150ac014cd22ad331527.pkl,1
D:\08_Dataset\Internal\mar2020\pickle_files\3d3321e78024a6d9a80354160387f94bc5a1e225.pkl,1
D:\08_Dataset\Internal\mar2020\pickle_files\953556457ba02ee62316366da4cd94dd4c87ecb1.pkl,1
D:\08_Dataset\Internal\mar2020\pickle_files\b648ae1a190fc50696d785a1f08557cfb9f300df.pkl,1
D:\08_Dataset\Internal\mar2020\pickle_files\7bc402c09ace3a15b1e8b7542e8d37c5ed2eb4bc.pkl,1
D:\08_Dataset\Internal\mar2020\pickle_files\484090f9db8abc8caa671e582b17d0975335dd6d.pkl,1
D:\08_Dataset\Internal\mar2020\pickle_files\0fc543bd6007d88ee99a3a6a46abb7e5ab7874b5.pkl,1
D:\08_Dataset\Internal\mar2020\pickle_files\6740ceb6e573c49153c119319a0133d0d7ab0cb9.pkl,1
D:\08_Dataset\Internal\mar2020\pickle_files\46b0a635edde65b3dc71b8c7e3c79de0e32350c1.pkl,1
D:\08_Dataset\Internal\mar2020\pickle_files\9318b207810ca1e434fb936a4ba567d14f9f1fc7.pkl,1
D:\08_Dataset\Internal\mar2020\pickle_files\bdc44150c38288fe045da3bc637b12422cdb31c4.pkl,1
D:\08_Dataset\Internal\mar2020\pickle_files\3639cac7058fe2a4a79da070517f2fb65e04dce2.pkl,1
D:\08_Dataset\Internal\mar2020\pickle_files\2dccf7c753677d72437fc7d092d67bebb7b27e19.pkl,1
D:\08_Dataset\Internal\mar2020\pickle_files\157b2fde2e1ccf95fa2c5152d953b5d2d1c572fa.pkl,1
D:\08_Dataset\Internal\mar2020\pickle_files\aecf3fe73a8039b5841d02c2df19c18e5258e4c8.pkl,1
D:\08_Dataset\Internal\mar2020\pickle_files\1bdf2ee2b885a6adcfff65ea091d6e0778427714.pkl,1
D:\08_Dataset\Internal\mar2020\pickle_files\404b9643ab3f698f2140842df9e08bc6e45bf82b.pkl,1
D:\08_Dataset\Internal\mar2020\pickle_files\182be402e9244b4b98c53dbc22bca7714363723e.pkl,1
D:\08_Dataset\Internal\mar2020\pickle_files\5dfd26282f769f4f9dce5dd447ece7abd01074a0.pkl,1
D:\08_Dataset\Internal\mar2020\pickle_files\10a24fe97977318cf9216c85b5fbb57841522081.pkl,1
D:\08_Dataset\Internal\mar2020\pickle_files\52eb3aca37f18bd564f1eb35d2c9bfc13a5bb5b7.pkl,1
D:\08_Dataset\Internal\mar2020\pickle_files\32db650306dfc756a0c96c03ac2de4ff5ed579bc.pkl,1
D:\08_Dataset\Internal\mar2020\pickle_files\664e095924d95017b4e72365e7551fec52fb81b9.pkl,1
D:\08_Dataset\Internal\mar2020\pickle_files\ac87d50fc11f5c45c61b5524c43cfb3d88023336.pkl,1
D:\08_Dataset\Internal\mar2020\pickle_files\030b5250173dc22e6b685dcc7dfb9e59dc119276.pkl,1
D:\08_Dataset\Internal\mar2020\pickle_files\475a90c75ef9756b62a5c38af73c2686eb3fc949.pkl,1
D:\08_Dataset\Internal\mar2020\pickle_files\35558c0163f4bdf361b8983fa5606dad4fa8f380.pkl,1
D:\08_Dataset\Internal\mar2020\pickle_files\7ec6b9fab4c42e74e146eaa1790551a0983fa5e9.pkl,1
D:\08_Dataset\Internal\mar2020\pickle_files\a25600f269c499202ce6b9f13f313527e60ae6f1.pkl,1
D:\08_Dataset\Internal\mar2020\pickle_files\fff846704fe08a3ee8d3dd855fbb52d83fcec127.pkl,1
D:\08_Dataset\Internal\mar2020\pickle_files\661d6700fd5feb3ee3e2d490cb97b49d69c161fe.pkl,1
D:\08_Dataset\Internal\mar2020\pickle_files\cc960689bf0e736e2dc164438bccb7ada01833e7.pkl,1
D:\08_Dataset\Internal\mar2020\pickle_files\1f1661c2a0bfe4abb743660c72f45c608c3b5dc6.pkl,1
D:\08_Dataset\Internal\mar2020\pickle_files\9351748ffdd32684315fbcc4ba101935e7425199.pkl,1
D:\08_Dataset\Internal\mar2020\pickle_files\d87b101f4195fed7478a548ed90e9150a4d4704d.pkl,1
D:\08_Dataset\Internal\mar2020\pickle_files\370bc020e4f1eb0dd3b67a5b8466c65939fee65e.pkl,1
D:\08_Dataset\Internal\mar2020\pickle_files\3ce1b1db2963965eab992d6c2724bbd754da96df.pkl,1
D:\08_Dataset\Internal\mar2020\pickle_files\5b3bcc6d2e23bbb46f038871fd5a76140eac8eff.pkl,1
D:\08_Dataset\Internal\mar2020\pickle_files\281430d2ea7246a79f17b02868f20992a5fddfe9.pkl,1
D:\08_Dataset\Internal\mar2020\pickle_files\bdc55e6237bb114e02dcc5be2c674d6ec36d395d.pkl,1
D:\08_Dataset\Internal\mar2020\pickle_files\c1086ca2c1fb38334b9f1391c1cd42c04d6775d5.pkl,1
D:\08_Dataset\Internal\mar2020\pickle_files\75d938e9853b261beb1f8eec8820d423d4d71347.pkl,1
D:\08_Dataset\Internal\mar2020\pickle_files\dc671d7e8ca54683b275d475a164a55127d085dd.pkl,1
D:\08_Dataset\Internal\mar2020\pickle_files\2d9084ec146112382379549f08bc4ad9edb28b2a.pkl,1
D:\08_Dataset\Internal\mar2020\pickle_files\c338e4fbec02c019e6d5663168e217bf5b582c0f.pkl,1
D:\08_Dataset\Internal\mar2020\pickle_files\fe4fb5ca1abe2f6d7cf4b81e75895e227554d4cb.pkl,1
D:\08_Dataset\Internal\mar2020\pickle_files\79a1b012c854b04cdc06c5f96489df893df71b88.pkl,1
D:\08_Dataset\Internal\mar2020\pickle_files\322639e202d9dbfb490929fb9c3bc0baef5058e6.pkl,1
D:\08_Dataset\Internal\mar2020\pickle_files\8cecc65e6c7f3fbbc86bd10ecbc01eaff748e934.pkl,1
D:\08_Dataset\Internal\mar2020\pickle_files\b6317270e99cbd63b8098b66de42b217dab32b56.pkl,1
D:\08_Dataset\Internal\mar2020\pickle_files\c89ebba78d7ce1165db876656a02b09f6a72c336.pkl,1
D:\08_Dataset\Internal\mar2020\pickle_files\6728b9a84cdf2c657292133c9d546b4044625b7f.pkl,1
D:\08_Dataset\Internal\mar2020\pickle_files\8e28306fb1624b582213f6ab113577eb2132d343.pkl,1
D:\08_Dataset\Internal\mar2020\pickle_files\75e1d78c1aa771e59e17775f9d7a80f26ab5aa02.pkl,1
D:\08_Dataset\Internal\mar2020\pickle_files\1661663d1527e9f67f7b1772a60a42b0ad921654.pkl,1
D:\08_Dataset\Internal\mar2020\pickle_files\fdb951618a60953d83f57b5435564a8e10e35d36.pkl,1
D:\08_Dataset\Internal\mar2020\pickle_files\6a00b7cb9cd26afe293724b25bb7e01755f766b0.pkl,1
D:\08_Dataset\Internal\mar2020\pickle_files\38c45476f870bde33fe4f3367a88e35b8936f9a3.pkl,1
D:\08_Dataset\Internal\mar2020\pickle_files\34324c6ea2b79ac4faa67ba5858a4e03218e322c.pkl,1
D:\08_Dataset\Internal\mar2020\pickle_files\5d9fe44a504b4d34c81804071a5eb79d0f8080c8.pkl,1
D:\08_Dataset\Internal\mar2020\pickle_files\a177c3dc847f9bf79bbf706c2b03014ac865dbeb.pkl,1
D:\08_Dataset\Internal\mar2020\pickle_files\836677da773cbaba978f45b7cdb27725358a2d1e.pkl,1
D:\08_Dataset\Internal\mar2020\pickle_files\c0db9bded14a7e014577ebee96becfbe6a776250.pkl,1
D:\08_Dataset\Internal\mar2020\pickle_files\e5e63377fa839bfbd896990b2fd3d31e12f45e80.pkl,1
D:\08_Dataset\Internal\mar2020\pickle_files\b09adc67a69d53226744c5534e2daae50737a1b9.pkl,1
D:\08_Dataset\Internal\mar2020\pickle_files\4650c30694196d0675d76e830859bb6a6ea8d207.pkl,1
D:\08_Dataset\Internal\mar2020\pickle_files\52970382ac0af27f099a643751ffdf2a3e9b41cb.pkl,1
D:\08_Dataset\Internal\mar2020\pickle_files\4bebdbac6c23fb15df795314e799798a750787b4.pkl,1
D:\08_Dataset\Internal\mar2020\pickle_files\ea21bda924eeeef5d4a8bf9aee0769494c58e6ec.pkl,1
D:\08_Dataset\Internal\mar2020\pickle_files\4062099e3c84db37c29ad95f2b20718b58ecb0aa.pkl,1
D:\08_Dataset\Internal\mar2020\pickle_files\11da1b742a6c89a43093e002dd992e244c030b50.pkl,1
D:\08_Dataset\Internal\mar2020\pickle_files\dcb9bb68f816615b296917c203e21daba37c986f.pkl,1
D:\08_Dataset\Internal\mar2020\pickle_files\b57c9994fe977890f44c9faeeb139539cca6cd4e.pkl,1
D:\08_Dataset\Internal\mar2020\pickle_files\7be035db002fd63380d4cdb607946d2401d8df98.pkl,1
D:\08_Dataset\Internal\mar2020\pickle_files\cdb2938d60d5e79ebfdac69130a4dc14421cb267.pkl,1
D:\08_Dataset\Internal\mar2020\pickle_files\81d9772de13d4ae032995b3a34587d239d64292b.pkl,1
D:\08_Dataset\Internal\mar2020\pickle_files\3be9f09e631f708e4596711857fe1b1809e0f858.pkl,1
D:\08_Dataset\Internal\mar2020\pickle_files\cba63cd0bf9858a933e4a8a149f791ba0eb93095.pkl,1
D:\08_Dataset\Internal\mar2020\pickle_files\1993a8a4bd85f7b85e6c8c0262fc0ef422f6291b.pkl,1
D:\08_Dataset\Internal\mar2020\pickle_files\0ddb479c621230c475c110e6ecc7032ef912a133.pkl,1
D:\08_Dataset\Internal\mar2020\pickle_files\44aa7da8dab16a37899e84693a1e49b02d3694c2.pkl,1
D:\08_Dataset\Internal\mar2020\pickle_files\37822278f597da7594209c9d38362d02fc699946.pkl,1
D:\08_Dataset\Internal\mar2020\pickle_files\79f96e86c2030c7cab7cfa15facba97e98a1cfa0.pkl,1
D:\08_Dataset\Internal\mar2020\pickle_files\ab80852dc7492ca3293f98f9c1538cec2c3d2ff4.pkl,1
D:\08_Dataset\Internal\mar2020\pickle_files\ef89df55151cc23c0769aa5c595e48268bafaa79.pkl,1
D:\08_Dataset\Internal\mar2020\pickle_files\d581ef810736743e927df83f3ddeca02ba223297.pkl,1
D:\08_Dataset\Internal\mar2020\pickle_files\08ead4281ada5455f0ef1a3fbe7a7dddfa6efd63.pkl,1
D:\08_Dataset\Internal\mar2020\pickle_files\701969c3c85b5b293547331cb51cb368ce4ffd20.pkl,1
D:\08_Dataset\Internal\mar2020\pickle_files\a9604498192fd3f61dd8c9224b312a8a17260d4b.pkl,1
D:\08_Dataset\Internal\mar2020\pickle_files\32a2b20242140fe44a813603acdbf705c31c1263.pkl,1
D:\08_Dataset\Internal\mar2020\pickle_files\ffd9a11037f291a41508bbf956133966ffa398cc.pkl,1
D:\08_Dataset\Internal\mar2020\pickle_files\52ffbfa35978c45cb93db472ad60da24d62f4513.pkl,1
D:\08_Dataset\Internal\mar2020\pickle_files\0033b0669bfcc601e8426bbdd4874a25678d6c5e.pkl,1
D:\08_Dataset\Internal\mar2020\pickle_files\26c638f7074f38ea7a727d91d590c5a36323b627.pkl,1
D:\08_Dataset\Internal\mar2020\pickle_files\665b3e591f9aa206f22bcecf0d36ce867a2ff2a3.pkl,1
D:\08_Dataset\Internal\mar2020\pickle_files\19a2cc859776401101a73a6f9a5d9f9640d2dd03.pkl,1
D:\08_Dataset\Internal\mar2020\pickle_files\f0acff698bf09f5ab5a42d2b9e77a8acabe10f6d.pkl,1
D:\08_Dataset\Internal\mar2020\pickle_files\e3e93952ff393c7a05fa264039c8eb8057d65384.pkl,1
D:\08_Dataset\Internal\mar2020\pickle_files\36ac26a12345d1205f3014a889731cbc2c547b6c.pkl,1
D:\08_Dataset\Internal\mar2020\pickle_files\ff3ed0bb9d12a94919631862bd994d3b6139bbcd.pkl,1
D:\08_Dataset\Internal\mar2020\pickle_files\198124376b4ddb9ab17fbf80e0993f72007c9074.pkl,1
D:\08_Dataset\Internal\mar2020\pickle_files\3a2321ceeb337a801cfc6785af41e2c1c8cce864.pkl,1
D:\08_Dataset\Internal\mar2020\pickle_files\37e01e0e13140cdb570103b02a4051fbc0f8e145.pkl,1
D:\08_Dataset\Internal\mar2020\pickle_files\e6a454d42f77594520696e550458b3108afe978a.pkl,1
D:\08_Dataset\Internal\mar2020\pickle_files\8ad0061a7e8dfcf04f1f39d198b010d8ec934737.pkl,1
D:\08_Dataset\Internal\mar2020\pickle_files\a22423c621dd998fd9960d35f4ef14c53bc9ea09.pkl,1
D:\08_Dataset\Internal\mar2020\pickle_files\22d27b07ab6d415de2db620bef50cee00b60fd7f.pkl,1
D:\08_Dataset\Internal\mar2020\pickle_files\bbc0906e5a8105df493ff7ef27404bbfa3ebb346.pkl,1
D:\08_Dataset\Internal\mar2020\pickle_files\8a531226afbd79880c1f613b1edcd10de456fdd6.pkl,1
D:\08_Dataset\Internal\mar2020\pickle_files\c5fc7d655825d4066b7cf0c15a72058e85c5c824.pkl,1
D:\08_Dataset\Internal\mar2020\pickle_files\797b443bd191a9dfe1d18cbd908e67e7290fd6d0.pkl,1
D:\08_Dataset\Internal\mar2020\pickle_files\a7e1c2f2c28fa6455cadc1d91fc9d4c1807e0c4b.pkl,1
D:\08_Dataset\Internal\mar2020\pickle_files\7468af05366cd6c1bccaebb2f2de38b0073c97b4.pkl,1
D:\08_Dataset\Internal\mar2020\pickle_files\d8e990c959b3268b62c0332c5896b1c76a71a662.pkl,1
D:\08_Dataset\Internal\mar2020\pickle_files\f543fa2df69e24d3fe9a43ec34e3c802c949cc28.pkl,1
D:\08_Dataset\Internal\mar2020\pickle_files\8dc73c17c5b95611ea79d1a430d6638ec5a46a1b.pkl,1
D:\08_Dataset\Internal\mar2020\pickle_files\7a9e30a65327dd0d5888d46b49e8cb3181411df3.pkl,1
D:\08_Dataset\Internal\mar2020\pickle_files\eee9aea8bd9ce65b2a1f555d7833d3c442530f10.pkl,1
D:\08_Dataset\Internal\mar2020\pickle_files\7948ae24d7f1943b278ca481ddd5c0948fcd41cb.pkl,1
D:\08_Dataset\Internal\mar2020\pickle_files\a02cadb1847531c90aa5d0deb3de952f6a43d25d.pkl,1
D:\08_Dataset\Internal\mar2020\pickle_files\5f00f6a1fd6a56fde861442553967ec197f89d4c.pkl,1
D:\08_Dataset\Internal\mar2020\pickle_files\c310c7627992dd1f4ca0b651a3688be08b615796.pkl,1
D:\08_Dataset\Internal\mar2020\pickle_files\cacf6086cb954f8dfb2e1a9f589944bbdbcf67e0.pkl,1
D:\08_Dataset\Internal\mar2020\pickle_files\ece21f151a16700c0547d1d2b4d74e80741be26d.pkl,1
D:\08_Dataset\Internal\mar2020\pickle_files\2cc3b3fb6c89b010156962700eeb13cac2f56857.pkl,1
D:\08_Dataset\Internal\mar2020\pickle_files\4451db9c9ee8f83e4a2871f9fdd52a3cd52c7809.pkl,1
D:\08_Dataset\Internal\mar2020\pickle_files\42757cb747e8b5049580dfddfef5a3b58672a1e1.pkl,1
D:\08_Dataset\Internal\mar2020\pickle_files\ba1935c076d686cc0c96ed3b35e3ac2f0e555eea.pkl,1
D:\08_Dataset\Internal\mar2020\pickle_files\91a912c2a585afdda906223a91dd1a8d29f95d05.pkl,1
D:\08_Dataset\Internal\mar2020\pickle_files\6230e033abd35e6e934e72b66dd51aed380ad77c.pkl,1
D:\08_Dataset\Internal\mar2020\pickle_files\4f1a15303c5b51e2b9bd8fcf9bedff1e0d7a1737.pkl,1
D:\08_Dataset\Internal\mar2020\pickle_files\d13a9733d5c116de483a9e73f151a39cfa138fe9.pkl,1
D:\08_Dataset\Internal\mar2020\pickle_files\143e6e46063d4f215ee9b565adc29fba406cb5ee.pkl,1
D:\08_Dataset\Internal\mar2020\pickle_files\52975b731665db68817d7076a22660a7374c24c4.pkl,1
D:\08_Dataset\Internal\mar2020\pickle_files\a19111138bce768047b5e50e5672fea725d068ae.pkl,1
D:\08_Dataset\Internal\mar2020\pickle_files\ad347b3d06dd44a181c6d0030581cbf35bbdc7f9.pkl,1
D:\08_Dataset\Internal\mar2020\pickle_files\bd1c02fe4c5a9c69383dec960cb647ad98ca4bac.pkl,1
D:\08_Dataset\Internal\mar2020\pickle_files\9a1decfbb453951ff181902a89f283926dc4e928.pkl,1
D:\08_Dataset\Internal\mar2020\pickle_files\28234d31435da78fdea77bc74ca5bb3f135eb3c3.pkl,1
D:\08_Dataset\Internal\mar2020\pickle_files\334fa18424df9c5b108792f3abc8f9f2fed6e3b1.pkl,1
D:\08_Dataset\Internal\mar2020\pickle_files\1d29305cbf84bf8c73dfc4f67fba7142f2c92724.pkl,1
D:\08_Dataset\Internal\mar2020\pickle_files\dc9d30d6a15c7d5007ba56ea0ee5fd4de3b499b6.pkl,1
D:\08_Dataset\Internal\mar2020\pickle_files\b4316bec9f237c21f8a9843f712aaedde807d7db.pkl,1
D:\08_Dataset\Internal\mar2020\pickle_files\cbf69eba361556ec0481bae72c9f75f2474f0623.pkl,1
D:\08_Dataset\Internal\mar2020\pickle_files\adf97e5e9bedc8d88ca7d4a4bf24495e2945adbc.pkl,1
D:\08_Dataset\Internal\mar2020\pickle_files\798378f818e61dee65c43c0b276112d77015f3f8.pkl,1
D:\08_Dataset\Internal\mar2020\pickle_files\3196159402157037c485db28d4ff51fa56697450.pkl,1
D:\08_Dataset\Internal\mar2020\pickle_files\a35db8f565e35d025fbba3bf01fb47800dd7c5f7.pkl,1
D:\08_Dataset\Internal\mar2020\pickle_files\a00e46cc6d7eaf55d78516603d0f2c5447c538bb.pkl,1
D:\08_Dataset\Internal\mar2020\pickle_files\c9144ae380b2719032c38d3ac6885c887af0be3b.pkl,1
D:\08_Dataset\Internal\mar2020\pickle_files\ac8d410e8321eaa25317b6e6bf427fe80a1c5f38.pkl,1
D:\08_Dataset\Internal\mar2020\pickle_files\4c80e8e95a936cb2ff35fcc38e634e39ffb7b2fa.pkl,1
D:\08_Dataset\Internal\mar2020\pickle_files\b8af00c2f1c29e9ada73b8ea340da083ebae01b8.pkl,1
D:\08_Dataset\Internal\mar2020\pickle_files\26cea64952265ecb00c930bb12a5e0985488dc23.pkl,1
D:\08_Dataset\Internal\mar2020\pickle_files\be892024ea76049cf453751aa7b5e93711883fc5.pkl,1
D:\08_Dataset\Internal\mar2020\pickle_files\31a5fb78b04a10cbf959027f7457a0f5566f82ed.pkl,1
D:\08_Dataset\Internal\mar2020\pickle_files\7d92133428d3910a2eadef155aaadc15814a582a.pkl,1
D:\08_Dataset\Internal\mar2020\pickle_files\bc639776621e92cfc75d1039325536a7eb355d9d.pkl,1
D:\08_Dataset\Internal\mar2020\pickle_files\0e764ae8e7bc5579d9552b0983f78a77403413f1.pkl,1
D:\08_Dataset\Internal\mar2020\pickle_files\5ae98bb60bb007e594c2d23d295969ae9ade36e6.pkl,1
D:\08_Dataset\Internal\mar2020\pickle_files\c6c5d7f978e5202ac21554ac28f3b1f82993210a.pkl,1
D:\08_Dataset\Internal\mar2020\pickle_files\adef78e655941d2dc0dc53d1373353e331d6b1b6.pkl,1
D:\08_Dataset\Internal\mar2020\pickle_files\5e12a6ecc54c633bffd460aa2e5530c07a725edc.pkl,1
D:\08_Dataset\Internal\mar2020\pickle_files\2c47ff76c2f8debc668e21f3faff2eb446fcc5e3.pkl,1
D:\08_Dataset\Internal\mar2020\pickle_files\7152d856fe2fca9ee418b16f55052a4cd7aa11d8.pkl,1
D:\08_Dataset\Internal\mar2020\pickle_files\e879872fef8ca8a99acdfc17dfe4f80fbad37759.pkl,1
D:\08_Dataset\Internal\mar2020\pickle_files\6b4382b2c117ce65f607b9f72b628caf145faaba.pkl,1
D:\08_Dataset\Internal\mar2020\pickle_files\84a0eb2a88e5b2e3fdc1c471164699f196e07621.pkl,1
D:\08_Dataset\Internal\mar2020\pickle_files\745ae0b2643fd28e7b77fd53c2c7f869dbcae4d1.pkl,1
D:\08_Dataset\Internal\mar2020\pickle_files\5521bb8e01c6a7b5250f35e1cbc1569d4ace1982.pkl,1
D:\08_Dataset\Internal\mar2020\pickle_files\5697cb910b3923654ce75982ceb6b635fdcce77e.pkl,1
D:\08_Dataset\Internal\mar2020\pickle_files\a87cc1b298366dd9518293b4d130e724d3c71526.pkl,1
D:\08_Dataset\Internal\mar2020\pickle_files\819e836e7c1a294748e35811213c04c732e2d1e5.pkl,1
D:\08_Dataset\Internal\mar2020\pickle_files\b39e50ed7001b0b8c8b1481b9825b6db97b148db.pkl,1
D:\08_Dataset\Internal\mar2020\pickle_files\6c3bcfbac4166496d01e899e3ff8fb2a8ed0c0c2.pkl,1
D:\08_Dataset\Internal\mar2020\pickle_files\d57eff64118f8a00d8569a3995e1d525eb31b934.pkl,1
D:\08_Dataset\Internal\mar2020\pickle_files\ad0c463869a1bf425abcadebd504e2ad08324f1a.pkl,1
D:\08_Dataset\Internal\mar2020\pickle_files\14a8557bf7e70dccf74ea37269ebb2f1266a178b.pkl,1
D:\08_Dataset\Internal\mar2020\pickle_files\8eb9d5f9dcfbe5df4123ab5dd5b8fb5ba21b6a63.pkl,1
D:\08_Dataset\Internal\mar2020\pickle_files\e109a1cb9209e86d0f1fa6c58dcc9593b48b9609.pkl,1
D:\08_Dataset\Internal\mar2020\pickle_files\9a910d96077825e849429d8be8caf64f88758313.pkl,1
D:\08_Dataset\Internal\mar2020\pickle_files\b47df3e563a3b67c92c0a3e210486bb86fb7d4f3.pkl,1
D:\08_Dataset\Internal\mar2020\pickle_files\ef2c55bc47234bb6d625a90dc544d9e9ca076fc2.pkl,1
D:\08_Dataset\Internal\mar2020\pickle_files\b54f1cdfe0bb974a8b3babf8685baf903bf059eb.pkl,1
D:\08_Dataset\Internal\mar2020\pickle_files\de551a90cdaa50f9ae2e867a20213f3ec7185c28.pkl,1
D:\08_Dataset\Internal\mar2020\pickle_files\847a673d08064e0689c04528bd74cdbcbb19d11c.pkl,1
D:\08_Dataset\Internal\mar2020\pickle_files\f9dc34480e9d0c17d67101cf0e9fa65815824220.pkl,1
D:\08_Dataset\Internal\mar2020\pickle_files\3cd1eb7d5c410c61df1ec97c46bfa4201fe4d0c5.pkl,1
D:\08_Dataset\Internal\mar2020\pickle_files\54896c977baf8b7abe9027973634a2411c87c878.pkl,1
D:\08_Dataset\Internal\mar2020\pickle_files\52819dfdd43bc21853a2024b72403092b8e2a215.pkl,1
D:\08_Dataset\Internal\mar2020\pickle_files\2302d53b86d2e29f0863dfd1e12d40b09a8727d3.pkl,1
D:\08_Dataset\Internal\mar2020\pickle_files\83df63165b132cbcd8ca7bdc510099eeecaccb9a.pkl,1
D:\08_Dataset\Internal\mar2020\pickle_files\037da57d4a267ad6452eb5f95b753e0a0b447838.pkl,1
D:\08_Dataset\Internal\mar2020\pickle_files\1eb6bff4d762f6677824a99535fa71c16b5dd4e5.pkl,1
D:\08_Dataset\Internal\mar2020\pickle_files\620468c08e5dfe815551773a6526ca001e74db0c.pkl,1
D:\08_Dataset\Internal\mar2020\pickle_files\402fcfaa2a68f589e17fd9a9f86e90e0489b0307.pkl,1
D:\08_Dataset\Internal\mar2020\pickle_files\23113faa3f2a16b0f3ccd52ebffac17b6f8dbc52.pkl,1
D:\08_Dataset\Internal\mar2020\pickle_files\f47dfad3df401acc392cfcac56042fafa0d1b06d.pkl,1
D:\08_Dataset\Internal\mar2020\pickle_files\31798b442ac412a57a74d7381a66a1712e0f9e9c.pkl,1
D:\08_Dataset\Internal\mar2020\pickle_files\b6828dd7af86fa2681b865f9bda9bc0be336c58b.pkl,1
D:\08_Dataset\Internal\mar2020\pickle_files\35e7f62f499d1b21604aaa70a0081cca615addda.pkl,1
D:\08_Dataset\Internal\mar2020\pickle_files\c65d1907b737bd422c2edf6f7b6e95bcc5d9df85.pkl,1
D:\08_Dataset\Internal\mar2020\pickle_files\074a66263fe71773340bc32a984a83b0318199eb.pkl,1
D:\08_Dataset\Internal\mar2020\pickle_files\7c82b635343704aaffd3d44def054818fe61f0a5.pkl,1
D:\08_Dataset\Internal\mar2020\pickle_files\f2abf9ca30d1e98517029d323834c257279b626c.pkl,1
D:\08_Dataset\Internal\mar2020\pickle_files\9cc5c7ac7f03a5907b0d9e01f67a39be67f325c8.pkl,1
D:\08_Dataset\Internal\mar2020\pickle_files\739dc8ab7b87cd81c0957312fdd01c3dbf46028d.pkl,1
D:\08_Dataset\Internal\mar2020\pickle_files\b26ac9e441b05cdc38702567ab286ff1a3c45128.pkl,1
D:\08_Dataset\Internal\mar2020\pickle_files\e1e643e05f5e0a27a08876692e91be848f1a383d.pkl,1
D:\08_Dataset\Internal\mar2020\pickle_files\1916a15359b524ccb5839af24f14da7c8bf8dbb8.pkl,1
D:\08_Dataset\Internal\mar2020\pickle_files\6531622929c2a10fb54f0b2a317640c6b6f73a12.pkl,1
D:\08_Dataset\Internal\mar2020\pickle_files\fe2ac2677d03694722d67dff2187d5eab7786a43.pkl,1
D:\08_Dataset\Internal\mar2020\pickle_files\7ddf9c874e8577d0774db87eb099964842eeaf0b.pkl,1
D:\08_Dataset\Internal\mar2020\pickle_files\d1f5f969a07ae68f49690ce19e2eb521c576ff45.pkl,1
D:\08_Dataset\Internal\mar2020\pickle_files\bb1991ed9a963d93e895cf974db7c8c8b5b11534.pkl,1
D:\08_Dataset\Internal\mar2020\pickle_files\1ef9706d860a879e97c973b671b3886a8a6def95.pkl,1
D:\08_Dataset\Internal\mar2020\pickle_files\91c8f01a557387070b3c31f9c6063460bfa14edf.pkl,1
D:\08_Dataset\Internal\mar2020\pickle_files\e9fde1d5682d7b8709fe9e385f2b756dcdbfb06b.pkl,1
D:\08_Dataset\Internal\mar2020\pickle_files\59552e5c4d51d211431ec67d6a4453cf42c10d13.pkl,1
D:\08_Dataset\Internal\mar2020\pickle_files\3c6e1a45714a9173a809bbbb090a1d2a57d0fbd5.pkl,1
D:\08_Dataset\Internal\mar2020\pickle_files\87c35eb80e3b48225b6f132f87150d0a890ef37e.pkl,1
D:\08_Dataset\Internal\mar2020\pickle_files\dad1e62908f4b7a35c1bb7697d0acac8471c6f1a.pkl,1
D:\08_Dataset\Internal\mar2020\pickle_files\7b0139feb0c6ebbcc6a754da2a20866396e68c9c.pkl,1
D:\08_Dataset\Internal\mar2020\pickle_files\33cb40f578fb1fb89838c2d0028f0681ba343e08.pkl,1
D:\08_Dataset\Internal\mar2020\pickle_files\506d1d535c5f956bd8f66123e15487b567384785.pkl,1
D:\08_Dataset\Internal\mar2020\pickle_files\98cbb325eab6dc32747dc07c496fe217f8700e10.pkl,1
D:\08_Dataset\Internal\mar2020\pickle_files\f9215f57e8f5492f158fdd77fa47c500e7f01f3e.pkl,1
D:\08_Dataset\Internal\mar2020\pickle_files\4ae0515504d70c7c9fdd1b457e8226f0c19f2a4a.pkl,1
D:\08_Dataset\Internal\mar2020\pickle_files\c375590607c638de78d9c7964eaacf58177c9142.pkl,1
D:\08_Dataset\Internal\mar2020\pickle_files\001fcf1842a4d68e2851f6265cc3242e3f75bfdc.pkl,1
D:\08_Dataset\Internal\mar2020\pickle_files\83e047774916839e7d387afef301bf1e3511e3a0.pkl,1
D:\08_Dataset\Internal\mar2020\pickle_files\de4f240023bd98e43a5a3d3a9ce96ffe3126b1ce.pkl,1
D:\08_Dataset\Internal\mar2020\pickle_files\662760a38f705fca4e15dd454484f3a0158aad27.pkl,1
D:\08_Dataset\Internal\mar2020\pickle_files\b3664dac72693780720b823026f03b2647bb5b03.pkl,1
D:\08_Dataset\Internal\mar2020\pickle_files\84bdbe39742330f655a04e9eac3d87a7dee4b79f.pkl,1
D:\08_Dataset\Internal\mar2020\pickle_files\9e8a83e86e154061e9ae68ba5b4dce6fbfeafb34.pkl,1
D:\08_Dataset\Internal\mar2020\pickle_files\43bc0b7e43406ee5d4ceb61edbee4e0898b6a0e9.pkl,1
D:\08_Dataset\Internal\mar2020\pickle_files\c0461133658a34a83b80841ecff6dd8b84dd0070.pkl,1
D:\08_Dataset\Internal\mar2020\pickle_files\38bf2266f1cd0e4aa282d8095ef5db32f77fb403.pkl,1
D:\08_Dataset\Internal\mar2020\pickle_files\2eca355919248a41cd1c6bd58d31694fd5c40473.pkl,1
D:\08_Dataset\Internal\mar2020\pickle_files\48b02374e897588943729de68547c69389b6a25f.pkl,1
D:\08_Dataset\Internal\mar2020\pickle_files\e6e64be9caccf4b037cd4f8ee66ea75b481bd799.pkl,1
D:\08_Dataset\Internal\mar2020\pickle_files\8dc735c5ac97816ebd57783e2f686f42283b66be.pkl,1
D:\08_Dataset\Internal\mar2020\pickle_files\3520adb31e9362f48290575998e3825b85ebcd5c.pkl,1
D:\08_Dataset\Internal\mar2020\pickle_files\bb142c1788440c91c43103dcd09df8c6b411aae0.pkl,1
D:\08_Dataset\Internal\mar2020\pickle_files\69d3e21d4eecf38893f2fac234b8b73abed2a3d7.pkl,1
D:\08_Dataset\Internal\mar2020\pickle_files\bbeabaa87958a65fafa29bb3a1675a962e4cafa7.pkl,1
D:\08_Dataset\Internal\mar2020\pickle_files\a2e31d6d498cdc7b125a455f5c8c72b732ed1835.pkl,1
D:\08_Dataset\Internal\mar2020\pickle_files\5d2f80554f009287cc43da4fa4418d155f40b505.pkl,1
D:\08_Dataset\Internal\mar2020\pickle_files\7039c18d3a3cfc5feace2571398ae739b872a6d9.pkl,1
D:\08_Dataset\Internal\mar2020\pickle_files\a0aa3a6c44f9373aa9b2affa1ddc8f6c805abf21.pkl,1
D:\08_Dataset\Internal\mar2020\pickle_files\ce86657f5e616de1d711b6efd8b0e2021f1d741d.pkl,1
D:\08_Dataset\Internal\mar2020\pickle_files\c4fc1cf7a08b4cf60f76cb74f30da27cf1849ae8.pkl,1
D:\08_Dataset\Internal\mar2020\pickle_files\1ae785718217df7f735785c2f3aeff402ba5d283.pkl,1
D:\08_Dataset\Internal\mar2020\pickle_files\1e13466f4e32453ebb1efa1421938ff017a61084.pkl,1
D:\08_Dataset\Internal\mar2020\pickle_files\bccb2562944b9366ab1ba24d46f66bd5eb45d723.pkl,1
D:\08_Dataset\Internal\mar2020\pickle_files\46f19f0c500aae267dce76e062eb775965e721e2.pkl,1
D:\08_Dataset\Internal\mar2020\pickle_files\f52f105a20211442369aeb2ed0141535cdb7e529.pkl,1
D:\08_Dataset\Internal\mar2020\pickle_files\df57c325338fcfc56a7b838caf109adaf6c3e53a.pkl,1
D:\08_Dataset\Internal\mar2020\pickle_files\a18673c746c7981cb7ed140c1c3bbe4319577c28.pkl,1
D:\08_Dataset\Internal\mar2020\pickle_files\f9ea2fd8142bb92559d1df20288841c80653c10b.pkl,1
D:\08_Dataset\Internal\mar2020\pickle_files\03f759d8f42c3ed9f6ad6972397c210ca7698837.pkl,1
D:\08_Dataset\Internal\mar2020\pickle_files\f6ce926fd441292f343a192f78574cf52cdea4b2.pkl,1
D:\08_Dataset\Internal\mar2020\pickle_files\71ef3ab98f66fcfca54e12fc726e28e0b81145fe.pkl,1
D:\08_Dataset\Internal\mar2020\pickle_files\2dbf4220ed7cd698ec842743c288cebf5e0183dd.pkl,1
D:\08_Dataset\Internal\mar2020\pickle_files\05046356544ca3e9ff420c2b71d22820beebca9a.pkl,1
D:\08_Dataset\Internal\mar2020\pickle_files\c47195dfe2a3bfe5c33f1af7f22d4fb382bfe5ec.pkl,1
D:\08_Dataset\Internal\mar2020\pickle_files\0ad1ff1b1d57d71e6dda0a2c8af4d2740fc6bae0.pkl,1
D:\08_Dataset\Internal\mar2020\pickle_files\71ead592fb3986686cb3d4fea789e661b9ae1ec6.pkl,1
D:\08_Dataset\Internal\mar2020\pickle_files\d183449bed8a0fb055f8497aa0856832116a403c.pkl,1
D:\08_Dataset\Internal\mar2020\pickle_files\e42a839ea819d5985e33dd576c2ad8db04d9b46f.pkl,1
D:\08_Dataset\Internal\mar2020\pickle_files\a7264b756551cf327db828dc88757c8579033591.pkl,1
D:\08_Dataset\Internal\mar2020\pickle_files\e6f4f027bc55ef0bf895228ce17f4bde28fa2818.pkl,1
D:\08_Dataset\Internal\mar2020\pickle_files\d7c161be640d8844d046d67f8969e88acc28a33e.pkl,1
D:\08_Dataset\Internal\mar2020\pickle_files\9c1bf650856b9c9abb8793c350fcd7349d9ea2d8.pkl,1
D:\08_Dataset\Internal\mar2020\pickle_files\9f7afa214cc37d82259506f5de60240ade856789.pkl,1
D:\08_Dataset\Internal\mar2020\pickle_files\6e4a8b7046a8f7c9074f5daba70f6c5549617af0.pkl,1
D:\08_Dataset\Internal\mar2020\pickle_files\739d7b080a36eddd4571390da9bb107dcc3ea47f.pkl,1
D:\08_Dataset\Internal\mar2020\pickle_files\f0b83455aaf7a3556dc78e0a867d4cb499ae9098.pkl,1
D:\08_Dataset\Internal\mar2020\pickle_files\bfb66c00b4296f410bce53612e978efcd1f72ade.pkl,1
D:\08_Dataset\Internal\mar2020\pickle_files\b5f4621752c5a0b4b43193684687bb4ecffb5418.pkl,1
D:\08_Dataset\Internal\mar2020\pickle_files\09830cc626dace5f54108e853ec7d595fa156358.pkl,1
D:\08_Dataset\Internal\mar2020\pickle_files\1e099c3ddb064010cea9fa0b9ce49b22c27a7cfe.pkl,1
D:\08_Dataset\Internal\mar2020\pickle_files\7961eecccae89b5096acf1949473a76e8a8a7441.pkl,1
D:\08_Dataset\Internal\mar2020\pickle_files\b41d412ed0f1abb008320b6c3335e8e998901d43.pkl,1
D:\08_Dataset\Internal\mar2020\pickle_files\85097e24c7c9a25abd8881801df6d3057f607568.pkl,1
D:\08_Dataset\Internal\mar2020\pickle_files\0885cc564c6940172543a0b7daa13ba1e8ee95a8.pkl,1
D:\08_Dataset\Internal\mar2020\pickle_files\1747dce1f04b8d1520bb3f42dcd1f97b950fee78.pkl,1
D:\08_Dataset\Internal\mar2020\pickle_files\42fd02c9e3fa0d52c926242bd4ce3bebbcb7f6ad.pkl,1
D:\08_Dataset\Internal\mar2020\pickle_files\96e5710df87848bf11ed3e2134e127766bbec281.pkl,1
D:\08_Dataset\Internal\mar2020\pickle_files\8e8304ee6ececcb652e4573159c39ac9fa39d841.pkl,1
D:\08_Dataset\Internal\mar2020\pickle_files\71a66f8b6e34aa724151afdfca28b29c1434b52f.pkl,1
D:\08_Dataset\Internal\mar2020\pickle_files\9f8b71fc4192ef8c2ba1ad88e51d813ec96a0823.pkl,1
D:\08_Dataset\Internal\mar2020\pickle_files\518404ff0096b700e5833123835e713a076bd1ac.pkl,1
D:\08_Dataset\Internal\mar2020\pickle_files\aceccd14b13affd99ccc96ba3869f190438715b2.pkl,1
D:\08_Dataset\Internal\mar2020\pickle_files\38832b27d590e3d1d30caca70961d6280a9fe84d.pkl,1
D:\08_Dataset\Internal\mar2020\pickle_files\e483663314ec44bbc585aec1efb6c62a21199bd2.pkl,1
D:\08_Dataset\Internal\mar2020\pickle_files\d238dc47a2def4bccf0a18e4aefb0e56d9835dd4.pkl,1
D:\08_Dataset\Internal\mar2020\pickle_files\50a404078cbf27328492db6451c88ede23707b50.pkl,1
D:\08_Dataset\Internal\mar2020\pickle_files\63b89269c5a023989d44503ca5e95944e44ec7bf.pkl,1
D:\08_Dataset\Internal\mar2020\pickle_files\df806deb2a2a8ca25ac948a4005c40f43ce0b58c.pkl,1
D:\08_Dataset\Internal\mar2020\pickle_files\7b304c55d8cf395a241d119fe28bba377fb9d870.pkl,1
D:\08_Dataset\Internal\mar2020\pickle_files\c2c2b552abed6e59a3245fb80ae8704471170fa6.pkl,1
D:\08_Dataset\Internal\mar2020\pickle_files\25c82bd160b31560bd576fd2631d1e11ef49dd0c.pkl,1
D:\08_Dataset\Internal\mar2020\pickle_files\e8eba28d871acbe36722dd3f150ee7090431bf71.pkl,1
D:\08_Dataset\Internal\mar2020\pickle_files\fe287de6043366c47e99d2cacaa855f42a33c3a0.pkl,1
D:\08_Dataset\Internal\mar2020\pickle_files\6e486a84968e09e35de6d2e7bb9df10f6d09c6aa.pkl,1
D:\08_Dataset\Internal\mar2020\pickle_files\0bf27b6a1a32c0a775ebb2be461db26137a77a35.pkl,1
D:\08_Dataset\Internal\mar2020\pickle_files\8f6595b08e01656580f7798cc5dc828b4d8d9d96.pkl,1
D:\08_Dataset\Internal\mar2020\pickle_files\475cc7de9163d9579b775d599b774de49f9134d8.pkl,1
D:\08_Dataset\Internal\mar2020\pickle_files\4de55eed0d22c51e3d3f7825f2af451a3b0e3bd4.pkl,1
D:\08_Dataset\Internal\mar2020\pickle_files\ae2974057c218a3c3aad923bc7a00b3ad3b97e94.pkl,1
D:\08_Dataset\Internal\mar2020\pickle_files\f1d7c627aa66b187f4416d868fdc61308df32e87.pkl,1
D:\08_Dataset\Internal\mar2020\pickle_files\1936a80c90e69fe5ef9bb9f296fac9ea992f4abf.pkl,1
D:\08_Dataset\Internal\mar2020\pickle_files\eb66ca03891017f1c2b2f5e9082033eb8b7c9c65.pkl,1
D:\08_Dataset\Internal\mar2020\pickle_files\357557585deaf820c37270d2321341551dbe5681.pkl,1
D:\08_Dataset\Internal\mar2020\pickle_files\e929b51cf85e6630bc34c096b3779b37a55c5507.pkl,1
D:\08_Dataset\Internal\mar2020\pickle_files\25a310cd21b94215282f961eaa8fccb1444fa8be.pkl,1
D:\08_Dataset\Internal\mar2020\pickle_files\8f120b412a0f3cf78cc1e6eb128e914506d2b2e8.pkl,1
D:\08_Dataset\Internal\mar2020\pickle_files\c7abb33778a9a356489dd03d267b25006aa268bd.pkl,1
D:\08_Dataset\Internal\mar2020\pickle_files\895a61362942558ee0a23128b6b9f08153bcfa27.pkl,1
D:\08_Dataset\Internal\mar2020\pickle_files\a4f9b26819b104455b15c708df96bdb068e17e01.pkl,1
D:\08_Dataset\Internal\mar2020\pickle_files\160bda7b000b150975d18a3b1d58b279d8f5af52.pkl,1
D:\08_Dataset\Internal\mar2020\pickle_files\5c694a379283310d494b26bd027204f274d7ca4c.pkl,1
D:\08_Dataset\Internal\mar2020\pickle_files\8431a05010052f40f3912466307a7c9b939d57aa.pkl,1
D:\08_Dataset\Internal\mar2020\pickle_files\0a5437e8fe347211dacc64a76c33f5164b27abea.pkl,1
D:\08_Dataset\Internal\mar2020\pickle_files\f9f11f898ab487b99b8f7006ab40bbe1198a2108.pkl,1
D:\08_Dataset\Internal\mar2020\pickle_files\effb408f46087d1c6874941807a574722fbe233f.pkl,1
D:\08_Dataset\Internal\mar2020\pickle_files\2ed61d0a2356bd9a49dafa05a1bc2aa62db3f638.pkl,1
D:\08_Dataset\Internal\mar2020\pickle_files\b90377e979407e34a6a5c84455310e474c6bde55.pkl,1
D:\08_Dataset\Internal\mar2020\pickle_files\cade399e99aa80c2b91cfb55a4167862b7755c7a.pkl,1
D:\08_Dataset\Internal\mar2020\pickle_files\12081891edce22c040e110c0d3219f7077bbab53.pkl,1
D:\08_Dataset\Internal\mar2020\pickle_files\c183dfd87bee69b0335a23dc11724e6adb5436e3.pkl,1
D:\08_Dataset\Internal\mar2020\pickle_files\d3f393671cc96bdd8e3980143733c2ca7d95c449.pkl,1
D:\08_Dataset\Internal\mar2020\pickle_files\961cdea125604cb1685eea1969ba5b70cf4ab96a.pkl,1
D:\08_Dataset\Internal\mar2020\pickle_files\f897e8c5f751a9083a374ee72b26e619ad5900f6.pkl,1
D:\08_Dataset\Internal\mar2020\pickle_files\a7033ea3ddba9ddaf3a1d20ba81b55cb3ef83185.pkl,1
D:\08_Dataset\Internal\mar2020\pickle_files\374782c1f3cf3d28c23c8ac16c5ba00781fc8f41.pkl,1
D:\08_Dataset\Internal\mar2020\pickle_files\a7b6348b43f5a00b8263b0979f58ed155668260f.pkl,1
D:\08_Dataset\Internal\mar2020\pickle_files\9ac195757867ce084174a1e4ccad66232c2ccc31.pkl,1
D:\08_Dataset\Internal\mar2020\pickle_files\7c75095c296e81805944d49818ccda732a53f741.pkl,1
D:\08_Dataset\Internal\mar2020\pickle_files\8daa636cddec9421ccf3afa6550ebcb474fa845b.pkl,1
D:\08_Dataset\Internal\mar2020\pickle_files\b8ee87ea8fbfa6689388b8952f765b6278cb7d99.pkl,1
D:\08_Dataset\Internal\mar2020\pickle_files\cb6963b06e3254b87645ce2afeda742175850441.pkl,1
D:\08_Dataset\Internal\mar2020\pickle_files\88d36ee6159e838095bd6cd2e83f95d00f5f4689.pkl,1
D:\08_Dataset\Internal\mar2020\pickle_files\06d6b43cb37a04a177ebca7c71a6164ab96b98d4.pkl,1
D:\08_Dataset\Internal\mar2020\pickle_files\1fc7c85df774692d4eb87adfe869ae3db2f122e0.pkl,1
D:\08_Dataset\Internal\mar2020\pickle_files\777ba38c219d5c0251571b00d630fa3c5a59c9ac.pkl,1
D:\08_Dataset\Internal\mar2020\pickle_files\5830ad6542e75ba3e57132c47b79f1abe6985456.pkl,1
D:\08_Dataset\Internal\mar2020\pickle_files\3b55ef8a8af4a4d5c0656d8e8859e1981bc1b09a.pkl,1
D:\08_Dataset\Internal\mar2020\pickle_files\f78a6883c705b182d5b55ea139fa588086a28053.pkl,1
D:\08_Dataset\Internal\mar2020\pickle_files\7f81fdea6d24d533c557154c9dfa576ac4df5098.pkl,1
D:\08_Dataset\Internal\mar2020\pickle_files\37b743551e19fa93c9e3dd0d6cabbfeae50a4168.pkl,1
D:\08_Dataset\Internal\mar2020\pickle_files\9dbd4bf8f4da91f069002c8be85085f7ab3531d1.pkl,1
D:\08_Dataset\Internal\mar2020\pickle_files\26c848f3411e906cf8d85ab10b1a78034935082d.pkl,1
D:\08_Dataset\Internal\mar2020\pickle_files\632825f2c62f0b5971386ed76c8450c897cbee71.pkl,1
D:\08_Dataset\Internal\mar2020\pickle_files\c01051e9001ed9642e81c4b364020cc73f9bcd92.pkl,1
D:\08_Dataset\Internal\mar2020\pickle_files\c389681c64e122c1a1efa215b142a9a499166343.pkl,1
D:\08_Dataset\Internal\mar2020\pickle_files\6d335f77824b4d0e7bb34d8811567e73cdf4d215.pkl,1
D:\08_Dataset\Internal\mar2020\pickle_files\875dc80ad424b4e9a013a82ddf0372ca9ca8d930.pkl,1
D:\08_Dataset\Internal\mar2020\pickle_files\441fe7080f99ae60f707ff35d7fd2241b24ef733.pkl,1
D:\08_Dataset\Internal\mar2020\pickle_files\af3389f8d59700f1ca8ef31457e6c1f3a54c6d4c.pkl,1
D:\08_Dataset\Internal\mar2020\pickle_files\07363998bb59f91f632adb671d1f08ff1be6f473.pkl,1
D:\08_Dataset\Internal\mar2020\pickle_files\fa94c1c3f29c993d7059b563eb3857546633e89d.pkl,1
D:\08_Dataset\Internal\mar2020\pickle_files\4b13319c88dfa885f54d354878f807ea74b24e4c.pkl,1
D:\08_Dataset\Internal\mar2020\pickle_files\ca17b22e0ff88bedfc7c42aaa36de41f246d54f6.pkl,1
D:\08_Dataset\Internal\mar2020\pickle_files\514ae4b3f17902e9522688fc966e20c6aee57026.pkl,1
D:\08_Dataset\Internal\mar2020\pickle_files\3a6d04c427ed9ef9834fa1a5dac9e38e6a517c78.pkl,1
D:\08_Dataset\Internal\mar2020\pickle_files\3f2066c9e7fae6f19b9f4d09937527ccd5a78bc6.pkl,1
D:\08_Dataset\Internal\mar2020\pickle_files\e476bb15db6c9de34e29c71f65db6e8500e2e281.pkl,1
D:\08_Dataset\Internal\mar2020\pickle_files\3a36910122c35e9d1a7f96b1da1d5dae93894121.pkl,1
D:\08_Dataset\Internal\mar2020\pickle_files\29b8bca690feec82a00cf456ef51654ee3d5d497.pkl,1
D:\08_Dataset\Internal\mar2020\pickle_files\f3817d739354b48824fa766169310cb5b0bc063f.pkl,1
D:\08_Dataset\Internal\mar2020\pickle_files\0b7918acde69f07a3866e747b1b6031bc3f68fe3.pkl,1
D:\08_Dataset\Internal\mar2020\pickle_files\71465e168195664e034caddd79df1b36e07ecc54.pkl,1
D:\08_Dataset\Internal\mar2020\pickle_files\f9f90cf546750787ebcc659aeaa72f394ddedafb.pkl,1
D:\08_Dataset\Internal\mar2020\pickle_files\bea12f45b96946774b44815217370dc97346fb09.pkl,1
D:\08_Dataset\Internal\mar2020\pickle_files\554547a65f22892afc805c78df953181e04c8835.pkl,1
D:\08_Dataset\Internal\mar2020\pickle_files\5451e6e4e0453115f0dc224b9489a620908d1f50.pkl,1
D:\08_Dataset\Internal\mar2020\pickle_files\ad85a4c91dd9af9b89a11afc5b2b83448f5a1b2c.pkl,1
D:\08_Dataset\Internal\mar2020\pickle_files\265eca8a5545481e8ac4dcfc911911bd5a0076c6.pkl,1
D:\08_Dataset\Internal\mar2020\pickle_files\20a1088af73ca143cd9de50f4bf26266b62c0394.pkl,1
D:\08_Dataset\Internal\mar2020\pickle_files\8a262be46ba4af372effb8aa9d1dcf93903fcf05.pkl,1
D:\08_Dataset\Internal\mar2020\pickle_files\fb82908f76972cf0ef5655ad0502a8f49061971c.pkl,1
D:\08_Dataset\Internal\mar2020\pickle_files\8ee8a6e0d989f64d883f6640fe6f83be6e129d2d.pkl,1
D:\08_Dataset\Internal\mar2020\pickle_files\148e958d5c3ddb37e00184b60f3272567de6b338.pkl,1
D:\08_Dataset\Internal\mar2020\pickle_files\d4b430670f5313499fdf4ce6f70eca6174e7be75.pkl,1
D:\08_Dataset\Internal\mar2020\pickle_files\a1bf81f545f145d8a7c801d52d45c27306ea3ab4.pkl,1
D:\08_Dataset\Internal\mar2020\pickle_files\d3741eebf95ffe880598207a7c57988eb4a75122.pkl,1
D:\08_Dataset\Internal\mar2020\pickle_files\53ff4154005eb890ee3dc5f2474bf472d863a6bb.pkl,1
D:\08_Dataset\Internal\mar2020\pickle_files\79858e6c75448e1ee1928002c9ee80392ab1e75e.pkl,1
D:\08_Dataset\Internal\mar2020\pickle_files\478697283da1cdda509676760a76452803dbc6fd.pkl,1
D:\08_Dataset\Internal\mar2020\pickle_files\7bfe6fc167cc92b1d1ff9758954b8d184e2c7cbf.pkl,1
D:\08_Dataset\Internal\mar2020\pickle_files\84dba9f79fd6e97c7c3213efd6d3e92e83ab911c.pkl,1
D:\08_Dataset\Internal\mar2020\pickle_files\5c06068197fe98727b35304a14116539c3dd5b45.pkl,1
D:\08_Dataset\Internal\mar2020\pickle_files\c2e2cd3afab594308006678fb21efcf13b0cd049.pkl,1
D:\08_Dataset\Internal\mar2020\pickle_files\b15118e823b27188be998718ef7557cc0c90118f.pkl,1
D:\08_Dataset\Internal\mar2020\pickle_files\f94f3e972deeb2bd891f2de4a3c7cd69041704e9.pkl,1
D:\08_Dataset\Internal\mar2020\pickle_files\7c3c547d3099ad84e48aef0eebd470af1d84a64e.pkl,1
D:\08_Dataset\Internal\mar2020\pickle_files\f2aa17f9f23b9fb48a02d4eb6cc21ce095aa2bbc.pkl,1
D:\08_Dataset\Internal\mar2020\pickle_files\d13a75a492a71144cbfd8150a0dbfe7f651643da.pkl,1
D:\08_Dataset\Internal\mar2020\pickle_files\e05749c5394a37b0a9534c8367274f27c9c67c64.pkl,1
D:\08_Dataset\Internal\mar2020\pickle_files\ed77e7a857eba64628fe48995d5a4539d485f6b2.pkl,1
D:\08_Dataset\Internal\mar2020\pickle_files\b49a9cd514a68c7b878792775379c243d593febd.pkl,1
D:\08_Dataset\Internal\mar2020\pickle_files\f0d68e379ab462ffef0edcea851e680250fba962.pkl,1
D:\08_Dataset\Internal\mar2020\pickle_files\8916b95af2d90f83bb41ce87dc5265cdcc3fb6d3.pkl,1
D:\08_Dataset\Internal\mar2020\pickle_files\b687e2b7aa6decdc0fa720873eed8c3a9f323d3b.pkl,1
D:\08_Dataset\Internal\mar2020\pickle_files\c74c8e03818a006923e654d59478d6bf3e0dfc8f.pkl,1
D:\08_Dataset\Internal\mar2020\pickle_files\742757dead8ee755d301b0644a0fbbb10f262556.pkl,1
D:\08_Dataset\Internal\mar2020\pickle_files\6330df8141d494d0ca4ba61d12edb5138ec528cf.pkl,1
D:\08_Dataset\Internal\mar2020\pickle_files\2590b4cd14935aadc57689b907dd74b75588c86a.pkl,1
D:\08_Dataset\Internal\mar2020\pickle_files\8b35ad3ece7801d4cecbcdc2aab74b747c74acbd.pkl,1
D:\08_Dataset\Internal\mar2020\pickle_files\f1195722f1f6cdcb45b57327e16be4c31ef4252e.pkl,1
D:\08_Dataset\Internal\mar2020\pickle_files\9c36ccda8f6dacdb5a6079f3f23741f51d48ba93.pkl,1
D:\08_Dataset\Internal\mar2020\pickle_files\c6c385ed0348ea3771149449b6ccb49d18bfd050.pkl,1
D:\08_Dataset\Internal\mar2020\pickle_files\a69aaff49542e432c50e55b78dacb7ccb28d0874.pkl,1
D:\08_Dataset\Internal\mar2020\pickle_files\7bf26e765e400e7b0eddadc6325a879397dfc433.pkl,1
D:\08_Dataset\Internal\mar2020\pickle_files\f100b89b94613e9d33ffb6dae37dde553789f31e.pkl,1
D:\08_Dataset\Internal\mar2020\pickle_files\9f0810c612ed000b6d562fc3f867c2993e519f7a.pkl,1
D:\08_Dataset\Internal\mar2020\pickle_files\d3897c4d5a6cba4e6eb5a5a7d6981832c750ec8b.pkl,1
D:\08_Dataset\Internal\mar2020\pickle_files\3e0eea3c9cb69e717423f55829fa0d590775a48d.pkl,1
D:\08_Dataset\Internal\mar2020\pickle_files\53ebdbedb5991d5d6455dc6dc8583ec620abb45a.pkl,1
D:\08_Dataset\Internal\mar2020\pickle_files\c3d244861e50c6f93bbef9253eedb252ff4c8f24.pkl,1
D:\08_Dataset\Internal\mar2020\pickle_files\eb2d5c362eac3ff5b962855bd70a119ee5f56716.pkl,1
D:\08_Dataset\Internal\mar2020\pickle_files\a423a812b23b6f66915d70fdc9dd16f8296a83d9.pkl,1
D:\08_Dataset\Internal\mar2020\pickle_files\052bb9fe8f7a320125d511a169ffd32c14500a34.pkl,1
D:\08_Dataset\Internal\mar2020\pickle_files\27981d38b0a34159f262a0f720d58b8e63b5b26e.pkl,1
D:\08_Dataset\Internal\mar2020\pickle_files\462f1f72548d5f8028439ef1259ba58f278219c9.pkl,1
D:\08_Dataset\Internal\mar2020\pickle_files\a16a82be0d4552f7edb1c0dc1931e99d205e6de4.pkl,1
D:\08_Dataset\Internal\mar2020\pickle_files\c46ba5de5b120ab245b84925e5eaabd0e657e794.pkl,1
D:\08_Dataset\Internal\mar2020\pickle_files\7d93009fc2291871c18a7148cfcdc2831688259a.pkl,1
D:\08_Dataset\Internal\mar2020\pickle_files\c32ad0caf56a387a28154568e82c794c974656f9.pkl,1
D:\08_Dataset\Internal\mar2020\pickle_files\f469f4d63eb4fd25c4d1b1a09b7329846120f9b1.pkl,1
D:\08_Dataset\Internal\mar2020\pickle_files\49056c1ed405958f632d98f0d9a4a5e58631c935.pkl,1
D:\08_Dataset\Internal\mar2020\pickle_files\4af2c82d32b094dd01bf9cc7c1e1fbcfa2b5c646.pkl,1
D:\08_Dataset\Internal\mar2020\pickle_files\9543d5bf8ea7f8b00113ffae8cc0173a016a042e.pkl,1
D:\08_Dataset\Internal\mar2020\pickle_files\3e7293b5d3e9d62a83e13bf7418cb9c68b42234c.pkl,1
D:\08_Dataset\Internal\mar2020\pickle_files\864a50be2b05a5d2920d97dab5d45648ae3d8f42.pkl,1
D:\08_Dataset\Internal\mar2020\pickle_files\1d0bb9de1022540b76a3018b47d160cdd09537d6.pkl,1
D:\08_Dataset\Internal\mar2020\pickle_files\a0ce41a6feeb397e345f9914b402dab1d286b10f.pkl,1
D:\08_Dataset\Internal\mar2020\pickle_files\5544e26623f948fca2111983be95e8e9488b6d4a.pkl,1
D:\08_Dataset\Internal\mar2020\pickle_files\27847e18112114c8dfc9260528d775c535d9dacd.pkl,1
D:\08_Dataset\Internal\mar2020\pickle_files\6401e532d8be108f99d5e336c85df6dfd2ab18d7.pkl,1
D:\08_Dataset\Internal\mar2020\pickle_files\311fe416b5d74091bbbcd7c89c0e068a599627d8.pkl,1
D:\08_Dataset\Internal\mar2020\pickle_files\e5c6fb563de8f6594704d8865b67cfbd1d2863b0.pkl,1
D:\08_Dataset\Internal\mar2020\pickle_files\94be65c7f0c6cbdf5b7398c6825f0ea3c88f7653.pkl,1
D:\08_Dataset\Internal\mar2020\pickle_files\1ff31460dbe3d63eb725d741373062d9264ab60f.pkl,1
D:\08_Dataset\Internal\mar2020\pickle_files\e278b6138cdb80c2cadb2d1d4ba2c49ce1387793.pkl,1
D:\08_Dataset\Internal\mar2020\pickle_files\9766f8dab9781b91ed5ac61af579f4bcc2a5a861.pkl,1
D:\08_Dataset\Internal\mar2020\pickle_files\4f32a97b3eb003dd0ff08dab37f4b0e5e5d91708.pkl,1
D:\08_Dataset\Internal\mar2020\pickle_files\39f2179a29d8071912dcb78fd4ea33011c34e18d.pkl,1
D:\08_Dataset\Internal\mar2020\pickle_files\1748ac0982da128358cf3cd169ee227904dc6e17.pkl,1
D:\08_Dataset\Internal\mar2020\pickle_files\2686f5e13898f9033f36f5b8ba7fae447c677bd5.pkl,1
D:\08_Dataset\Internal\mar2020\pickle_files\2eab7c3ad9f08bdb074d39e47c84ea0d8a9a538e.pkl,1
D:\08_Dataset\Internal\mar2020\pickle_files\7ab32052c9d4957892fa4ee17fb807d9b4872f9e.pkl,1
D:\08_Dataset\Internal\mar2020\pickle_files\c658e7a0ec2e21214620f6386de8ec2b06037b3e.pkl,1
D:\08_Dataset\Internal\mar2020\pickle_files\9e029a2e8d3d3fdb7e62ea20fa282ec6eb936ce9.pkl,1
D:\08_Dataset\Internal\mar2020\pickle_files\c4f817f18d3de801f94911cd7e2fe51dc5bafe51.pkl,1
D:\08_Dataset\Internal\mar2020\pickle_files\f396d8873b3e94b070440561d89bbd2637ea53cb.pkl,1
D:\08_Dataset\Internal\mar2020\pickle_files\8995fbbe3eab33d2890419e2592c4dc2e9335c2e.pkl,1
D:\08_Dataset\Internal\mar2020\pickle_files\e3aad389bf1f0769ee6e62d31978c4c4e1e8cc4b.pkl,1
D:\08_Dataset\Internal\mar2020\pickle_files\3e701e81a52d84001633cb28ea0d368ec67efb7b.pkl,1
D:\08_Dataset\Internal\mar2020\pickle_files\b316e4f47c131480c3e64b669b745882904e823b.pkl,1
D:\08_Dataset\Internal\mar2020\pickle_files\a5712acb0c9fdd174f5b2fe27d46a5e82275c8f7.pkl,1
D:\08_Dataset\Internal\mar2020\pickle_files\5e8235c4e4b261cae9cd68ed6ed820581c586509.pkl,1
D:\08_Dataset\Internal\mar2020\pickle_files\0ad2ab6e272070b7c1ed09b3b44c94a523a4d0e7.pkl,1
D:\08_Dataset\Internal\mar2020\pickle_files\a4f67400700caa5ccb4273bafd52cef6eae3945e.pkl,1
D:\08_Dataset\Internal\mar2020\pickle_files\2228cebf34e48e82e39ee905db19e5408030ce14.pkl,1
D:\08_Dataset\Internal\mar2020\pickle_files\9cf88de6c07d5f91348880c96382457fa9f6a6e5.pkl,1
D:\08_Dataset\Internal\mar2020\pickle_files\d1debec4d534992d8d8eca423aade939e84668c6.pkl,1
D:\08_Dataset\Internal\mar2020\pickle_files\0d3ca76cf2db0a562227771fb8cf879cc5ee1bc1.pkl,1
D:\08_Dataset\Internal\mar2020\pickle_files\ed0ebb8573025a9d2caaff3749a25348b2b8d15d.pkl,1
D:\08_Dataset\Internal\mar2020\pickle_files\c396ba614102a8dcbd2b9b9d133641cf89c69166.pkl,1
D:\08_Dataset\Internal\mar2020\pickle_files\1d76177eb6892bf2162b94866b8b276154c2f99b.pkl,1
D:\08_Dataset\Internal\mar2020\pickle_files\635a1a229b9e83410265403883880aead1af72be.pkl,1
D:\08_Dataset\Internal\mar2020\pickle_files\8765fbed804e98cb76dc6661e5c18263b6bf182f.pkl,1
D:\08_Dataset\Internal\mar2020\pickle_files\1e3782fdfca008367a32ee5a0bc500a36f582112.pkl,1
D:\08_Dataset\Internal\mar2020\pickle_files\bfb46c9bfb6e16d9753679c6cd90e2708726dce1.pkl,1
D:\08_Dataset\Internal\mar2020\pickle_files\af2971636922c42b5665378c797f01cf6e0cb673.pkl,1
D:\08_Dataset\Internal\mar2020\pickle_files\0d2138436d10f8d3776425ffaea11d878a0b11c6.pkl,1
D:\08_Dataset\Internal\mar2020\pickle_files\0bb67a6e7a21efe14209b8a801ff0f5b83727280.pkl,1
D:\08_Dataset\Internal\mar2020\pickle_files\50f29c91b90276af1369d3bd993af227ec492f9d.pkl,1
D:\08_Dataset\Internal\mar2020\pickle_files\7b75b00277d7e51f55b9dc5dd7923365bdc5feec.pkl,1
D:\08_Dataset\Internal\mar2020\pickle_files\52d554245837210fb77e14d49d6ed22c78d5a282.pkl,1
D:\08_Dataset\Internal\mar2020\pickle_files\51ca791dc46ff1130fbd8a206f91ce9a038acb3f.pkl,1
D:\08_Dataset\Internal\mar2020\pickle_files\57af9cd4133e9f9d51865731d1206c9179831e5e.pkl,1
D:\08_Dataset\Internal\mar2020\pickle_files\5f7e3318aebe62b02383a7c8c67696fcb507a341.pkl,1
D:\08_Dataset\Internal\mar2020\pickle_files\83ce0d44413fe9fdbaa2e7d18fa9aa99da6f81c6.pkl,1
D:\08_Dataset\Internal\mar2020\pickle_files\e482cf3f9c6b3c1357e504adeea2e20e139a06dc.pkl,1
D:\08_Dataset\Internal\mar2020\pickle_files\9c93007cb5980ae1c79363d5aa61e0df89c59d67.pkl,1
D:\08_Dataset\Internal\mar2020\pickle_files\f20cc250d857e5c56096eb03eea225b984fa2d94.pkl,1
D:\08_Dataset\Internal\mar2020\pickle_files\c240fd25518a0f3be2b4319a40140f563ae56ab5.pkl,1
D:\08_Dataset\Internal\mar2020\pickle_files\f844ec1d33938d6d19f96985c42f2c6d8f15666e.pkl,1
D:\08_Dataset\Internal\mar2020\pickle_files\5d0d58f7c16e31a5bd1312d0e2c8002b2d9b029b.pkl,1
D:\08_Dataset\Internal\mar2020\pickle_files\e44f7826ecbb3516a36ed5aa243d64833a96c91b.pkl,1
D:\08_Dataset\Internal\mar2020\pickle_files\f1298832a59e758d68e77e972db4b1dce9f9bf95.pkl,1
D:\08_Dataset\Internal\mar2020\pickle_files\d0d3109d45ef8c90932a6b3da11f0b449867b18d.pkl,1
D:\08_Dataset\Internal\mar2020\pickle_files\e2405ec4deaf31cfcb39136b60bdc2f6f3d85587.pkl,1
D:\08_Dataset\Internal\mar2020\pickle_files\f156c64c0f6fd786bc5926e183884d435de09a95.pkl,1
D:\08_Dataset\Internal\mar2020\pickle_files\9052526880d67973d3cd6b9101e8594fad76015c.pkl,1
D:\08_Dataset\Internal\mar2020\pickle_files\a21950545e26fb5fe9556c7ac38d5de5d6434970.pkl,1
D:\08_Dataset\Internal\mar2020\pickle_files\93c4af460744a27c8b5d048fcce6231d5a9cb77a.pkl,1
D:\08_Dataset\Internal\mar2020\pickle_files\1a83b03bf3f76316cb22b1bda5c524172e2abf7f.pkl,1
D:\08_Dataset\Internal\mar2020\pickle_files\6bdfb17513e43164d8f2263f89ddd593238246ef.pkl,1
D:\08_Dataset\Internal\mar2020\pickle_files\7606ea63d7ddeb8dd7048fe91cb60d5b0a9cb416.pkl,1
D:\08_Dataset\Internal\mar2020\pickle_files\b264c94cbb44b6a789a3c4f67f658272fad2a275.pkl,1
D:\08_Dataset\Internal\mar2020\pickle_files\82499528c08d76e5e5fbfbb445060f750df1b7f4.pkl,1
D:\08_Dataset\Internal\mar2020\pickle_files\b428299eeafa8c54e0f5b29f7b8e239831f1d5d2.pkl,1
D:\08_Dataset\Internal\mar2020\pickle_files\a15218709cbb480909ecf7a29b2939c7434a53a2.pkl,1
D:\08_Dataset\Internal\mar2020\pickle_files\430fc9517d58098b316df5ff6e21d67718f88ae1.pkl,1
D:\08_Dataset\Internal\mar2020\pickle_files\6385e49bb7d5b78bd206167a4d40f0c7b01d39e8.pkl,1
D:\08_Dataset\Internal\mar2020\pickle_files\c9fdd62684b93a92d5c76058bde45e969801dc59.pkl,1
D:\08_Dataset\Internal\mar2020\pickle_files\aefa5c063a11d3631a828433d76d417f81826392.pkl,1
D:\08_Dataset\Internal\mar2020\pickle_files\4a65b6264aac499ce88e405ed2e680c5e6077c25.pkl,1
D:\08_Dataset\Internal\mar2020\pickle_files\9931b989d0a5836fcb0182ab585ce44ab4656fbb.pkl,1
D:\08_Dataset\Internal\mar2020\pickle_files\99a9e6a7747550c54401967d17180553cc977ed0.pkl,1
D:\08_Dataset\Internal\mar2020\pickle_files\8ae0029fe98a78d2cc48d9e0b514e1b8b5543aeb.pkl,1
D:\08_Dataset\Internal\mar2020\pickle_files\4d9e649fbfabf60bd1a9116c4ba3913f833ba5b9.pkl,1
D:\08_Dataset\Internal\mar2020\pickle_files\d6078093910039557cde624b596104dde9fcf2ec.pkl,1
D:\08_Dataset\Internal\mar2020\pickle_files\0449440475aa9909c44a836fda6b876b4c6ae213.pkl,1
D:\08_Dataset\Internal\mar2020\pickle_files\3e2fbbd8770902b964210cb163d663df7763837f.pkl,1
D:\08_Dataset\Internal\mar2020\pickle_files\e0dcd339f79ab2109c1d24ef176c74578a1686fe.pkl,1
D:\08_Dataset\Internal\mar2020\pickle_files\d8c7d127b78a49968be636a73fe18225d9d6fd64.pkl,1
D:\08_Dataset\Internal\mar2020\pickle_files\00385f95d824f3c25a7ba4ea4a647d43cd117fae.pkl,1
D:\08_Dataset\Internal\mar2020\pickle_files\d8166bd119dfc6bc837f8ae5dd331be1c9d23bb2.pkl,1
D:\08_Dataset\Internal\mar2020\pickle_files\827fe14f4a44c1f1f24830783cf1a51009e93cbe.pkl,1
D:\08_Dataset\Internal\mar2020\pickle_files\3218ce5e0cd91f496259c65d40d963d50d111e37.pkl,1
D:\08_Dataset\Internal\mar2020\pickle_files\02f0a4cc6bc6476539cbda8b4e17752b180cecd7.pkl,1
D:\08_Dataset\Internal\mar2020\pickle_files\ad1e7b33c8fe81cadbc616b9f83671d4263ec398.pkl,1
D:\08_Dataset\Internal\mar2020\pickle_files\18e3e2c498d2f650f5c9259a0e97a9b3b71a9357.pkl,1
D:\08_Dataset\Internal\mar2020\pickle_files\77316f6a21b3326c062b18aab4ffcd881058be08.pkl,1
D:\08_Dataset\Internal\mar2020\pickle_files\49bdf722ed1440b4f367c77b5f7fff947a4e52a0.pkl,1
D:\08_Dataset\Internal\mar2020\pickle_files\957fb747507224858cd403c274d1fb4921f356d8.pkl,1
D:\08_Dataset\Internal\mar2020\pickle_files\20bb6d2b1622c44352bd0393c35c2ed3ef9cae3b.pkl,1
D:\08_Dataset\Internal\mar2020\pickle_files\3914dd48240f65f918fbc2b69b65d32affa5cd74.pkl,1
D:\08_Dataset\Internal\mar2020\pickle_files\57059a9758818e039c9ef0fc290e11051a59b347.pkl,1
D:\08_Dataset\Internal\mar2020\pickle_files\7bf2830797385679febeaaa72c0e9d2f3fb12601.pkl,1
D:\08_Dataset\Internal\mar2020\pickle_files\164f5187ffa386b3c24d4d74ab3e952c58de5859.pkl,1
D:\08_Dataset\Internal\mar2020\pickle_files\d47054477d13946d9497a360b41d982a406a8aa6.pkl,1
D:\08_Dataset\Internal\mar2020\pickle_files\81f78cfc8e576d62a2c75f54114767fa075ddb65.pkl,1
D:\08_Dataset\Internal\mar2020\pickle_files\3d6550a6fd1a10d6d6cb8b82952a122c97f81064.pkl,1
D:\08_Dataset\Internal\mar2020\pickle_files\ebce1d3b34189bb0bae3a0bba95fd813eeaf813c.pkl,1
D:\08_Dataset\Internal\mar2020\pickle_files\26850d9124a5445013f4f91004433ce37f0334a2.pkl,1
D:\08_Dataset\Internal\mar2020\pickle_files\4a85b7cea54467967679bd870fd8dfc3730eae05.pkl,1
D:\08_Dataset\Internal\mar2020\pickle_files\c4917ea467ab78902679616ba77dc26e881eea1b.pkl,1
D:\08_Dataset\Internal\mar2020\pickle_files\baf86fa0e4ace42b27ff58e31a52f38838a1912f.pkl,1
D:\08_Dataset\Internal\mar2020\pickle_files\c625c619f5fe3f58ac7c4df2d8fa237b7c619245.pkl,1
D:\08_Dataset\Internal\mar2020\pickle_files\6c6f4dee15511a1e691e6a89330cae9d6fc0557f.pkl,1
D:\08_Dataset\Internal\mar2020\pickle_files\c7907fca97cf179bb468279b387498f874a7f44d.pkl,1
D:\08_Dataset\Internal\mar2020\pickle_files\530054cd51816ee1d0ec87cdf4086135f0936662.pkl,1
D:\08_Dataset\Internal\mar2020\pickle_files\dc5903d47bb6cf5b0119eab0fc0b75e6426e2e10.pkl,1
D:\08_Dataset\Internal\mar2020\pickle_files\877342d8d17772245135e7e94d6753a5c802850a.pkl,1
D:\08_Dataset\Internal\mar2020\pickle_files\ef2a4c9edaf6908eae0d2a464f8674f4b3c18c94.pkl,1
D:\08_Dataset\Internal\mar2020\pickle_files\8ec33058c8a58f32f86e2b9388f015e2f88dfc25.pkl,1
D:\08_Dataset\Internal\mar2020\pickle_files\30066fdcab5522c90167a32ffe77f1daf43d2709.pkl,1
D:\08_Dataset\Internal\mar2020\pickle_files\e7690a8ce2407190ec71ba18b2ca57e5240b3772.pkl,1
D:\08_Dataset\Internal\mar2020\pickle_files\842efa36ab628c0a8455a6b2fc3e7cf6bb4e5933.pkl,1
D:\08_Dataset\Internal\mar2020\pickle_files\ee4831c48f7e50b99a2e6a4616375d6a2a34053c.pkl,1
D:\08_Dataset\Internal\mar2020\pickle_files\0e76242ccef5a2b90a838f8499307b78d07dcadf.pkl,1
D:\08_Dataset\Internal\mar2020\pickle_files\c80ccddb8d3e854e007dc56f51d8c15fef9e60e5.pkl,1
D:\08_Dataset\Internal\mar2020\pickle_files\17c145eec19b3ff79b24c857253dc492bedac7df.pkl,1
D:\08_Dataset\Internal\mar2020\pickle_files\94dfca90c979acb28acc9e90bcad1777591502e9.pkl,1
D:\08_Dataset\Internal\mar2020\pickle_files\be061c00454a80ae18dd1223bd1bc535d22996f6.pkl,1
D:\08_Dataset\Internal\mar2020\pickle_files\d1839721975a4739042b2dad3cd7d8c20ae785a3.pkl,1
D:\08_Dataset\Internal\mar2020\pickle_files\16e37b8265c406d6c31f431d16716030a24cb302.pkl,1
D:\08_Dataset\Internal\mar2020\pickle_files\6a9a44605d0a703789631d098c82f0bab1840b71.pkl,1
D:\08_Dataset\Internal\mar2020\pickle_files\432d2eb62c36eda0df2069dacdbb9088ee015c74.pkl,1
D:\08_Dataset\Internal\mar2020\pickle_files\cb0caa7ef0708db33df4a4e136e8bf02ee439e07.pkl,1
D:\08_Dataset\Internal\mar2020\pickle_files\d987f1e9068ddf311442c71a15d07d66af97ece5.pkl,1
D:\08_Dataset\Internal\mar2020\pickle_files\569d969ab305fd9075de1fb0de8905744729cfff.pkl,1
D:\08_Dataset\Internal\mar2020\pickle_files\855f6ebbb8a0a1120ff36d9155572ccc00afd269.pkl,1
D:\08_Dataset\Internal\mar2020\pickle_files\a0b733ffa3cdc6210426059a4e50496d80626a81.pkl,1
D:\08_Dataset\Internal\mar2020\pickle_files\9e3e7c7b7f28e2cd5e51fd65530b8b69a7ef8655.pkl,1
D:\08_Dataset\Internal\mar2020\pickle_files\31d9e55054da3b4408f79f11ca26bd2773b2ba40.pkl,1
D:\08_Dataset\Internal\mar2020\pickle_files\7d92d6072bf74d7834b3a9013cdf2ef2b507d7ac.pkl,1
D:\08_Dataset\Internal\mar2020\pickle_files\61b0b0c8721eba645e5ccf66b864fa472f213e06.pkl,1
D:\08_Dataset\Internal\mar2020\pickle_files\982229125984a5ecb32728637f292ebf54f035c3.pkl,1
D:\08_Dataset\Internal\mar2020\pickle_files\f02b2409bd6608c6778dc1631a823ee1b7502aa5.pkl,1
D:\08_Dataset\Internal\mar2020\pickle_files\82af2f1b76657380260fbe1b59aba81384274042.pkl,1
D:\08_Dataset\Internal\mar2020\pickle_files\c3d0a211a4c8ec6764f54b5ebaa6708d73152743.pkl,1
D:\08_Dataset\Internal\mar2020\pickle_files\8cc3f45ad101ef803dda62bd724f307f9fd7a85f.pkl,1
D:\08_Dataset\Internal\mar2020\pickle_files\1299d40dcb4018fa3d7b334bab8c7c1183d1e608.pkl,1
D:\08_Dataset\Internal\mar2020\pickle_files\b490177d10b16ef6a139cce39a8df820a24f8892.pkl,1
D:\08_Dataset\Internal\mar2020\pickle_files\fb99dccc88c9ae128061fb0da874d75427bd0172.pkl,1
D:\08_Dataset\Internal\mar2020\pickle_files\0bfca95d6d303758887770020f486015a7d6e4cd.pkl,1
D:\08_Dataset\Internal\mar2020\pickle_files\c5d3dd21a416c44129424cada75be455736920df.pkl,1
D:\08_Dataset\Internal\mar2020\pickle_files\f09d0fa858991c89de1871f9ea1deaa3b507a344.pkl,1
D:\08_Dataset\Internal\mar2020\pickle_files\727fe02f7c4acf40f8dbd5de7cb0c77dd9a730a6.pkl,1
D:\08_Dataset\Internal\mar2020\pickle_files\ed1eccec034f9df99171320ba676911d89155b62.pkl,1
D:\08_Dataset\Internal\mar2020\pickle_files\bb842592a26b380ea2728834dbde38dd4781c53a.pkl,1
D:\08_Dataset\Internal\mar2020\pickle_files\cbd38addadd80ef3703175d96d5f619f4682e5fb.pkl,1
D:\08_Dataset\Internal\mar2020\pickle_files\e4dc0a4c9ddd28c50327bae567580318faab7531.pkl,1
D:\08_Dataset\Internal\mar2020\pickle_files\ee1a96da40756ac39330715d5f257ecc4cefe72e.pkl,1
D:\08_Dataset\Internal\mar2020\pickle_files\eb5fbdceaf9e0486fe8fcfa6eb234e3804f1b000.pkl,1
D:\08_Dataset\Internal\mar2020\pickle_files\548db61b2d67109ac067d504c1dfede6ed4ea066.pkl,1
D:\08_Dataset\Internal\mar2020\pickle_files\2642901d96dccf8ed378f9007baf7a68435c565f.pkl,1
D:\08_Dataset\Internal\mar2020\pickle_files\57c4d3a1c1902d8aa8b973e4d5faabaa0a921f11.pkl,1
D:\08_Dataset\Internal\mar2020\pickle_files\e1cee34b68354cdf967fadf89b14005a980aa848.pkl,1
D:\08_Dataset\Internal\mar2020\pickle_files\7ff2dd0bb37bef9be318a1cc3e5a1fb43c20237a.pkl,1
D:\08_Dataset\Internal\mar2020\pickle_files\0a5deb9267e8463f6b5a130135a5ce501d01e9d1.pkl,1
D:\08_Dataset\Internal\mar2020\pickle_files\744caf88d351d7fbd2f101fa31f380d231b32159.pkl,1
D:\08_Dataset\Internal\mar2020\pickle_files\7cebbf02afa368e86e1c6355b01707b1b713290d.pkl,1
D:\08_Dataset\Internal\mar2020\pickle_files\893a6057d0dacf3e88f481d7a00e327b036fcec8.pkl,1
D:\08_Dataset\Internal\mar2020\pickle_files\50c7769d5d9ddb36c70abe6777ed8e808852091c.pkl,1
D:\08_Dataset\Internal\mar2020\pickle_files\26518b0576f1350287136db9508c3aca4af650ae.pkl,1
D:\08_Dataset\Internal\mar2020\pickle_files\cf25466cfee3009fa3293505103600b3700f54e2.pkl,1
D:\08_Dataset\Internal\mar2020\pickle_files\87604b7faf35c813052919039f27f91eeba226c2.pkl,1
D:\08_Dataset\Internal\mar2020\pickle_files\a8ee20630bf9762f845bfe00d1de8af51c5c6bc4.pkl,1
D:\08_Dataset\Internal\mar2020\pickle_files\e8d389df23ffeb52c6f73216a87fc6c69d1a6f21.pkl,1
D:\08_Dataset\Internal\mar2020\pickle_files\e99d9ce9e6090aac49b655f403b24eabdb76f995.pkl,1
D:\08_Dataset\Internal\mar2020\pickle_files\50272a3f8904f1c0a375c78045e9bb711b51839d.pkl,1
D:\08_Dataset\Internal\mar2020\pickle_files\fedd6da669a193cdee5da4a5b7d592c2bf221623.pkl,1
D:\08_Dataset\Internal\mar2020\pickle_files\2990d6582f9821daed9f544640a27a22c3712103.pkl,1
D:\08_Dataset\Internal\mar2020\pickle_files\2b4ca0a87f7c2178b6b58fd5ae0edf019c819a61.pkl,1
D:\08_Dataset\Internal\mar2020\pickle_files\b63be8a763953121e793ee2ba5f2e134b656e86d.pkl,1
D:\08_Dataset\Internal\mar2020\pickle_files\c0e741c83fd6baee5309646d3be915ee6d05cdf7.pkl,1
D:\08_Dataset\Internal\mar2020\pickle_files\e4848eb2e56fb0d5367e115d216106fe9f72c37b.pkl,1
D:\08_Dataset\Internal\mar2020\pickle_files\c68d108178dd9bf15ac07c1ab0ee5cab3e6fce41.pkl,1
D:\08_Dataset\Internal\mar2020\pickle_files\97b8450bd16853ecb096a5e5c7dd5a2696fa432a.pkl,1
D:\08_Dataset\Internal\mar2020\pickle_files\1a6ea2b0884d51ad8c9de6d9e300f68f12f7b019.pkl,1
D:\08_Dataset\Internal\mar2020\pickle_files\a5bfcfdb0a50dd591de301a3735b4560d786eed3.pkl,1
D:\08_Dataset\Internal\mar2020\pickle_files\f73dd962904e0dca30fb5124884da424317023ea.pkl,1
D:\08_Dataset\Internal\mar2020\pickle_files\0ba88733960174f2d8739d8205eba32247e7d3aa.pkl,1
D:\08_Dataset\Internal\mar2020\pickle_files\03e1b83dc1eb8e4dce77f2c281be230e1035e036.pkl,1
D:\08_Dataset\Internal\mar2020\pickle_files\af6a3772adc6e12183dac87fd64d5de4054dba20.pkl,1
D:\08_Dataset\Internal\mar2020\pickle_files\9c76469ff4ccae60b303005b0636ae1cd32203a6.pkl,1
D:\08_Dataset\Internal\mar2020\pickle_files\bbe67d70b6a9379c7ec56e40e8779d1001428539.pkl,1
D:\08_Dataset\Internal\mar2020\pickle_files\ae2efccc58e3ed85c555abe05e970f622563979c.pkl,1
D:\08_Dataset\Internal\mar2020\pickle_files\51c97e3c63859dfe69b5ed61f0e788b26b8bc769.pkl,1
D:\08_Dataset\Internal\mar2020\pickle_files\b6a3ccd3949f37e6c09184f72309eccd8c6afbdf.pkl,1
D:\08_Dataset\Internal\mar2020\pickle_files\9db35ff39a2416426203b81e6ae743bb41933467.pkl,1
D:\08_Dataset\Internal\mar2020\pickle_files\e957b35501e4c5b1347aacd3a1e8eebb045620b1.pkl,1
D:\08_Dataset\Internal\mar2020\pickle_files\20340f1b64cb05ee1627c61ac2729b02082297fe.pkl,1
D:\08_Dataset\Internal\mar2020\pickle_files\bc03c0c4a6540f5391e31f794dc2a32f944c4946.pkl,1
D:\08_Dataset\Internal\mar2020\pickle_files\d55440d56bb9b68f0962c42e7db519b761b57277.pkl,1
D:\08_Dataset\Internal\mar2020\pickle_files\f98f3f871d8d41653f64e843082cf19c621ed24e.pkl,1
D:\08_Dataset\Internal\mar2020\pickle_files\c68c931c64ad04dd1b9de208afa9703c4607b2d8.pkl,1
D:\08_Dataset\Internal\mar2020\pickle_files\c63d265a62e771a8112604176a737b5e90e636a9.pkl,1
D:\08_Dataset\Internal\mar2020\pickle_files\d8d0b59a0218cf59ab83b6dc65d05fad0113039b.pkl,1
D:\08_Dataset\Internal\mar2020\pickle_files\be0080a8e65205146f048efa9b1b10f7f14fce0a.pkl,1
D:\08_Dataset\Internal\mar2020\pickle_files\177a3ded3ca5870f5a07b0d6761b1252a9db292a.pkl,1
D:\08_Dataset\Internal\mar2020\pickle_files\5ccebf7af9958f6ea9d14a95ed34047117bc582e.pkl,1
D:\08_Dataset\Internal\mar2020\pickle_files\d7e1cadd875d035d47614514233eeb60955b662e.pkl,1
D:\08_Dataset\Internal\mar2020\pickle_files\972b0c41e0f583c0d94f1ea659834cd92d7730c7.pkl,1
D:\08_Dataset\Internal\mar2020\pickle_files\bb3c7ef850950904eae87ce781665cf60db3b171.pkl,1
D:\08_Dataset\Internal\mar2020\pickle_files\9a8142a9e6713b2a6e779903c952bec4f96f732e.pkl,1
D:\08_Dataset\Internal\mar2020\pickle_files\48185669cc6b8e17ebd9c483d277506b1fa976bd.pkl,1
D:\08_Dataset\Internal\mar2020\pickle_files\7e1d5af9d8bebbffc3663eff5fcc49130d90c928.pkl,1
D:\08_Dataset\Internal\mar2020\pickle_files\fad95ee74d502b7dcfb7c493f95158041abe3b5c.pkl,1
D:\08_Dataset\Internal\mar2020\pickle_files\1780a00fdc11d17ba50761b491ad5ea69a071908.pkl,1
D:\08_Dataset\Internal\mar2020\pickle_files\6daaf1aa9df5699a3a22c7fccd6b1583bce36341.pkl,1
D:\08_Dataset\Internal\mar2020\pickle_files\1d151a25bf1a420ca333a96c1425b6dd43fd2e63.pkl,1
D:\08_Dataset\Internal\mar2020\pickle_files\9fd8919f66111e23609869c173245609d5a1452b.pkl,1
D:\08_Dataset\Internal\mar2020\pickle_files\baf1f61e254d159767639a71bb2c0de2e8892dba.pkl,1
D:\08_Dataset\Internal\mar2020\pickle_files\9e23b950ded30b836e361b11b5989c6304200e44.pkl,1
D:\08_Dataset\Internal\mar2020\pickle_files\f70aeef9bafae4647aa02911c5a3833cbf50a4fe.pkl,1
D:\08_Dataset\Internal\mar2020\pickle_files\4cb7a60951c413adb26caad186ffdc333af3ddea.pkl,1
D:\08_Dataset\Internal\mar2020\pickle_files\9f018ae264eb6edb0129d4c1cb2cdb625f3e6392.pkl,1
D:\08_Dataset\Internal\mar2020\pickle_files\24d4b6d282b82a44b46f72f44842bb1a2d16a4b9.pkl,1
D:\08_Dataset\Internal\mar2020\pickle_files\d630923fc55adbf56c375b9f1d09d9bd5c098f7e.pkl,1
D:\08_Dataset\Internal\mar2020\pickle_files\414e4c580f96dd3fd6c435fb225be7b6c06a0d41.pkl,1
D:\08_Dataset\Internal\mar2020\pickle_files\368329cead5ee853fb0fa1b9932c273f717736f9.pkl,1
D:\08_Dataset\Internal\mar2020\pickle_files\7c1b64fcd6a13e636b989332896d254f2e11b522.pkl,1
D:\08_Dataset\Internal\mar2020\pickle_files\45e477f78a638d2b27f2fd56df7a22671955da80.pkl,1
D:\08_Dataset\Internal\mar2020\pickle_files\7b3eb6827e1032c9f60423cb3a86f8ce85b67c5b.pkl,1
D:\08_Dataset\Internal\mar2020\pickle_files\68ca03a5842d766149510a0610594a668821585e.pkl,1
D:\08_Dataset\Internal\mar2020\pickle_files\f037be6436b01c3a24419a58b581ee51f31a2c2b.pkl,1
D:\08_Dataset\Internal\mar2020\pickle_files\4beb0220a3364e716b83fa96cf1ec4535d05a62b.pkl,1
D:\08_Dataset\Internal\mar2020\pickle_files\9b1a34972254939d5a4c13050cbb7be9a1a6ceb2.pkl,1
D:\08_Dataset\Internal\mar2020\pickle_files\d2c861b5ebf1731a2ae67ea574c2d5756a3eee4d.pkl,1
D:\08_Dataset\Internal\mar2020\pickle_files\36b16783b7c0106eab820cc5b799955e8b1f46c5.pkl,1
D:\08_Dataset\Internal\mar2020\pickle_files\0c4360499a82deb64b0d22f0e404ce0de1d82376.pkl,1
D:\08_Dataset\Internal\mar2020\pickle_files\81c960f79c86e687f9cf30ecfd4b9ac526ba0019.pkl,1
D:\08_Dataset\Internal\mar2020\pickle_files\8e12337e801dd10f4be9f139d66c3ec9524f0e31.pkl,1
D:\08_Dataset\Internal\mar2020\pickle_files\4ec9660f0e0c7e6fdeae9022848f81b8f70b8fa3.pkl,1
D:\08_Dataset\Internal\mar2020\pickle_files\aebaa7e521c1e9d43d8c20dd386ad3fd233da1af.pkl,1
D:\08_Dataset\Internal\mar2020\pickle_files\d655e71a454bd2bf23b55a8f36099a108c26759e.pkl,1
D:\08_Dataset\Internal\mar2020\pickle_files\87d73ef82317e434251aba74eeff34f587585d84.pkl,1
D:\08_Dataset\Internal\mar2020\pickle_files\42767cc4c8c7ab18ce855c619bbe6396a3d02ad0.pkl,1
D:\08_Dataset\Internal\mar2020\pickle_files\cd58f0511142c588049dee66c3047b88bb57806d.pkl,1
D:\08_Dataset\Internal\mar2020\pickle_files\9761d40fa8d92ca48d07d4425650aab42c483e8f.pkl,1
D:\08_Dataset\Internal\mar2020\pickle_files\c11d9f18ab17010c6b9ae6640818206fae0a0b10.pkl,1
D:\08_Dataset\Internal\mar2020\pickle_files\87ede4cc2f9bc97afddda3dc5c8dc1b3ae5765ed.pkl,1
D:\08_Dataset\Internal\mar2020\pickle_files\3ae8bbcc9baccbf3cae7f6aa94e1928e4749d476.pkl,1
D:\08_Dataset\Internal\mar2020\pickle_files\e223d68cf1ff4e9911f9e3896e07d222eac2cdf1.pkl,1
D:\08_Dataset\Internal\mar2020\pickle_files\9580e83b356715eb4a1a9db63324d33cf377a388.pkl,1
D:\08_Dataset\Internal\mar2020\pickle_files\0dd8e8adcc6b48fc8ba073b9ddf9f05c69c64f72.pkl,1
D:\08_Dataset\Internal\mar2020\pickle_files\78653aa0a92e0d5927bc14a49eca9ae8ec0c5942.pkl,1
D:\08_Dataset\Internal\mar2020\pickle_files\af847c18f41e35bd19a7109f2033bb356baf30b5.pkl,1
D:\08_Dataset\Internal\mar2020\pickle_files\092289f339bcafd3eb586b1e137a4e896c54d3e2.pkl,1
D:\08_Dataset\Internal\mar2020\pickle_files\9dffd9c88d9c9b2652fe5f6a3f1fc86472cd8239.pkl,1
D:\08_Dataset\Internal\mar2020\pickle_files\762483ec93a8aed89fb9b3645f8498d76c91439e.pkl,1
D:\08_Dataset\Internal\mar2020\pickle_files\643c93825598a6a03947a49a70ae8469dc027a44.pkl,1
D:\08_Dataset\Internal\mar2020\pickle_files\14567f26a295373564c51ad4f25885f82cafd799.pkl,1
D:\08_Dataset\Internal\mar2020\pickle_files\19803a97c161a486b6195d303ab20cf954d369da.pkl,1
D:\08_Dataset\Internal\mar2020\pickle_files\8c1d54bdeac0ab59e29c14826c906b06d91a0478.pkl,1
D:\08_Dataset\Internal\mar2020\pickle_files\c7d40028f7f69ff2cd3b177f1da4cd32e870b931.pkl,1
D:\08_Dataset\Internal\mar2020\pickle_files\017ab28f80fed3a2b569f9827bd470780360e9ec.pkl,1
D:\08_Dataset\Internal\mar2020\pickle_files\fb6f9f98f507995ebb208460648de8aedcca74ac.pkl,1
D:\08_Dataset\Internal\mar2020\pickle_files\4b8950e66d205a4d44fd8e776bffade65e61ebf4.pkl,1
D:\08_Dataset\Internal\mar2020\pickle_files\f4f378400cb684acc892d943ee761b995bf53f44.pkl,1
D:\08_Dataset\Internal\mar2020\pickle_files\daa3a8a7acdeac6903a629ab293dd4ed4a2462be.pkl,1
D:\08_Dataset\Internal\mar2020\pickle_files\fed1bb3ae3c3e99b4d721d3b97800373065403a8.pkl,1
D:\08_Dataset\Internal\mar2020\pickle_files\27919a1995dd0e772bc45707d026b497f9196dc2.pkl,1
D:\08_Dataset\Internal\mar2020\pickle_files\d3dd156295ec4d94c7d35adc0c385ae85fbd6dd3.pkl,1
D:\08_Dataset\Internal\mar2020\pickle_files\d05384d255156ed8bc19c36f6da45ef486dd5094.pkl,1
D:\08_Dataset\Internal\mar2020\pickle_files\4442afc4da12880eb4d6f2d3aa5189b79e14d7f7.pkl,1
D:\08_Dataset\Internal\mar2020\pickle_files\1e2da95cd36ae63d969f0465a25e0ba3aa8b4ea3.pkl,1
D:\08_Dataset\Internal\mar2020\pickle_files\86d845f7378c9847db4634b09276edd0b22488f4.pkl,1
D:\08_Dataset\Internal\mar2020\pickle_files\d6082b161619ebdeeccb2839d8ffcfe3fca69bb9.pkl,1
D:\08_Dataset\Internal\mar2020\pickle_files\7b2b0703f909212380de485577d4f0197d8844cb.pkl,1
D:\08_Dataset\Internal\mar2020\pickle_files\d4d6c7d3ef0c610d1f279a7b0f903f27c11ba5b9.pkl,1
D:\08_Dataset\Internal\mar2020\pickle_files\8a8fd7806454a8dd82b15ebabdbf4311b5341781.pkl,1
D:\08_Dataset\Internal\mar2020\pickle_files\76ce6748e436684bd818c37155da313520902bf0.pkl,1
D:\08_Dataset\Internal\mar2020\pickle_files\e188b9fe82be666c3fcb8c8b9b17c80850623554.pkl,1
D:\08_Dataset\Internal\mar2020\pickle_files\9c89bf7ed46c79a8eda9afc8e286580411676fb4.pkl,1
D:\08_Dataset\Internal\mar2020\pickle_files\cb289e62ebbfcc8c4f90ead3910fa198b546540e.pkl,1
D:\08_Dataset\Internal\mar2020\pickle_files\8c685de73465f93606d3bad0eb326c80209bec94.pkl,1
D:\08_Dataset\Internal\mar2020\pickle_files\c53fdcd8ec1e171639ed50014e1ecc3851208a70.pkl,1
D:\08_Dataset\Internal\mar2020\pickle_files\7f68ab7743e6c1bb454abde0a2eced9fdf7f0319.pkl,1
D:\08_Dataset\Internal\mar2020\pickle_files\d4c684a7eaf176d2a5240e958a8b8a426e370780.pkl,1
D:\08_Dataset\Internal\mar2020\pickle_files\29827f1bc4cb81ceac0a95f021def1f9754678f8.pkl,1
D:\08_Dataset\Internal\mar2020\pickle_files\6c72ed80c145f904b8803a73c45a3f79683e6339.pkl,1
D:\08_Dataset\Internal\mar2020\pickle_files\32e349ebf25748ea8b4aee5bc9796e6ca83990c8.pkl,1
D:\08_Dataset\Internal\mar2020\pickle_files\97d385dd7b6146d5c5b7aef22921d2e27bdfd3aa.pkl,1
D:\08_Dataset\Internal\mar2020\pickle_files\3524c2feac5039e72db265385bc0bba19de3c132.pkl,1
D:\08_Dataset\Internal\mar2020\pickle_files\c36913ac7b9b5464ec0b4592944aa1ca9410283f.pkl,1
D:\08_Dataset\Internal\mar2020\pickle_files\8828508a3122ca242b1446c2cdfb9177a79eb357.pkl,1
D:\08_Dataset\Internal\mar2020\pickle_files\7e4715da971ed5eaf465ef86ea545d998bd6a5db.pkl,1
D:\08_Dataset\Internal\mar2020\pickle_files\1fe0059eb7978166f1acf33c3b410f832d65a73a.pkl,1
D:\08_Dataset\Internal\mar2020\pickle_files\fc7ebe244264c7bb5637c64d2082380f184e3f26.pkl,1
D:\08_Dataset\Internal\mar2020\pickle_files\a6f3f97215e31fa102f60a9a15343f6adfbf0e94.pkl,1
D:\08_Dataset\Internal\mar2020\pickle_files\e69302ae7e11ef50278bd376a889f8a97b98eab7.pkl,1
D:\08_Dataset\Internal\mar2020\pickle_files\22d602afb7ffe659efcab4c80a86ff04e41d9c3d.pkl,1
D:\08_Dataset\Internal\mar2020\pickle_files\7a83247b790d922bb0785d17f4f507c8922deed7.pkl,1
D:\08_Dataset\Internal\mar2020\pickle_files\e749489b7e6c9320477133112c568e1bf28ae5a8.pkl,1
D:\08_Dataset\Internal\mar2020\pickle_files\6924bc4e6abd4592f2c57b0220d42483936fc725.pkl,1
D:\08_Dataset\Internal\mar2020\pickle_files\3e6ede4a12b5e491a213ce1a20c170ed7a88882d.pkl,1
D:\08_Dataset\Internal\mar2020\pickle_files\396601535a2674796bd54858a09bfd5df56b8d32.pkl,1
D:\08_Dataset\Internal\mar2020\pickle_files\38bd4baffd8ac357f35243fcc1f36e2eccc59d0c.pkl,1
D:\08_Dataset\Internal\mar2020\pickle_files\a2dfc292792e763682e43cd3393a6aea63e77266.pkl,1
D:\08_Dataset\Internal\mar2020\pickle_files\dea132697ee73f6f69af756c3639ea40117d3492.pkl,1
D:\08_Dataset\Internal\mar2020\pickle_files\8da330bf34cc15ba06e32ecd2520f55085bb7272.pkl,1
D:\08_Dataset\Internal\mar2020\pickle_files\480701c3ad81f15ca42e3720d632eacea1b1cd84.pkl,1
D:\08_Dataset\Internal\mar2020\pickle_files\e5630ee9721d80f105a0b8a0a899a299478606ff.pkl,1
D:\08_Dataset\Internal\mar2020\pickle_files\8c8a47485e7ab65dbb70ef51a3d7c53c6a1b9c0b.pkl,1
D:\08_Dataset\Internal\mar2020\pickle_files\ffd28ec7dbcc1982c1faf3914dd20fd8e1e6fe36.pkl,1
D:\08_Dataset\Internal\mar2020\pickle_files\ec53e933e11d18c94451e7a6e56dc9502bdbca48.pkl,1
D:\08_Dataset\Internal\mar2020\pickle_files\6666a4ef3ec122cc48ca4836359d288b3d96b2cb.pkl,1
D:\08_Dataset\Internal\mar2020\pickle_files\42fd4c39ea26bf4aaab55db0626d60e67dd373c7.pkl,1
D:\08_Dataset\Internal\mar2020\pickle_files\5e15c51c21e73a9fdef1582b88a68a0a782ae5d5.pkl,1
D:\08_Dataset\Internal\mar2020\pickle_files\8e349f4480fa4db6b35adbe6447326d3d7abc05a.pkl,1
D:\08_Dataset\Internal\mar2020\pickle_files\e0bc9e5785fbf4cda1101c1503a5242f70021ff1.pkl,1
D:\08_Dataset\Internal\mar2020\pickle_files\14bb4a6235f5d1239f50b94fefade17441002826.pkl,1
D:\08_Dataset\Internal\mar2020\pickle_files\d62b84aeecbc14f980d639ece55d4ede5183b714.pkl,1
D:\08_Dataset\Internal\mar2020\pickle_files\9c6f2b3a094196b13536fcbb1c28e36be046d7a7.pkl,1
D:\08_Dataset\Internal\mar2020\pickle_files\9df72329075c7c0b6a0c5e72e3025e789c40edb6.pkl,1
D:\08_Dataset\Internal\mar2020\pickle_files\cf4badaadcfab638853425a65f903e4c50ccd3ca.pkl,1
D:\08_Dataset\Internal\mar2020\pickle_files\797972b857aad1fd1e7212385fb71e2b3759330f.pkl,1
D:\08_Dataset\Internal\mar2020\pickle_files\8ee57c8581df00b0285a2aee85a6fae4f1718947.pkl,1
D:\08_Dataset\Internal\mar2020\pickle_files\1c677154c3f9561927ba869506a25d2819e857fb.pkl,1
D:\08_Dataset\Internal\mar2020\pickle_files\34bddcf97a0e2f6bb30aff597ec8c8c2094a703f.pkl,1
D:\08_Dataset\Internal\mar2020\pickle_files\3f6eb85249d584a6fe41dbb8c01f8a6a8697aa4e.pkl,1
D:\08_Dataset\Internal\mar2020\pickle_files\a74a1b9f83957f8b424f02aaee0bce61d467c16a.pkl,1
D:\08_Dataset\Internal\mar2020\pickle_files\1381f9b7b8caec5e888f86d5627925b6987d209f.pkl,1
D:\08_Dataset\Internal\mar2020\pickle_files\2d17fb0fd20468b495c01c0dc90e46b48ec9e89f.pkl,1
D:\08_Dataset\Internal\mar2020\pickle_files\1ec0fba2275fe95a2a85cf8705809eb1abc9417d.pkl,1
D:\08_Dataset\Internal\mar2020\pickle_files\6753acabf51f80b4dbfa52247f242875dc66c914.pkl,1
D:\08_Dataset\Internal\mar2020\pickle_files\0b39c0e95d29c3772fcd09d8f47ed22de98450bd.pkl,1
D:\08_Dataset\Internal\mar2020\pickle_files\ac0ed9e183a5ee056fe7261f58b9a3998f0dc61c.pkl,1
D:\08_Dataset\Internal\mar2020\pickle_files\b911da988c95ef5317ec1b4aee7996f96ae865cd.pkl,1
D:\08_Dataset\Internal\mar2020\pickle_files\22dac8251cea73113628e825bf1a5fa6c75d7c99.pkl,1
D:\08_Dataset\Internal\mar2020\pickle_files\fac0082d3abace9461e14ffe43309eeafc27c779.pkl,1
D:\08_Dataset\Internal\mar2020\pickle_files\1a56934be4e38fef9749e1f571d260b882febdcb.pkl,1
D:\08_Dataset\Internal\mar2020\pickle_files\1fd62c4d7784052558af27c2661a5af82f2f7bcf.pkl,1
D:\08_Dataset\Internal\mar2020\pickle_files\501d3a152ffcb1e45f767f701e988164202abbf7.pkl,1
D:\08_Dataset\Internal\mar2020\pickle_files\3373ba4c3b7b5caff71cba03f0d111968dfcac68.pkl,1
D:\08_Dataset\Internal\mar2020\pickle_files\9ba9bbe1f31ff3fb6744d5bfbfb4e26edd56ccd4.pkl,1
D:\08_Dataset\Internal\mar2020\pickle_files\9d8b15ed131cba280fd0ecbc45142f3f57f021b6.pkl,1
D:\08_Dataset\Internal\mar2020\pickle_files\b55b367d270fb21d21a7a532624ebdba175b0a30.pkl,1
D:\08_Dataset\Internal\mar2020\pickle_files\3f007ed3f8de560afb3eb5ee6d6864814306dde1.pkl,1
D:\08_Dataset\Internal\mar2020\pickle_files\570a60566a883e4d5def3430df9783453aa509fe.pkl,1
D:\08_Dataset\Internal\mar2020\pickle_files\a039c567743281576a889619484dc99db3d37fa8.pkl,1
D:\08_Dataset\Internal\mar2020\pickle_files\1914ccb340a910188f7c7db755fdc10999f03e68.pkl,1
D:\08_Dataset\Internal\mar2020\pickle_files\f5196dd1e72ff3e6e24e6e6425ac6a5c2ef09cd6.pkl,1
D:\08_Dataset\Internal\mar2020\pickle_files\5cc6d15009d2764d0f6432a79d06802eddcb5dfb.pkl,1
D:\08_Dataset\Internal\mar2020\pickle_files\522cbd16492f07d98e54eec184f8efcd31a51ae7.pkl,1
D:\08_Dataset\Internal\mar2020\pickle_files\6350c6323273cfb292cc9ace6d6be4b4bc0e8ae9.pkl,1
D:\08_Dataset\Internal\mar2020\pickle_files\4f1bd4c35e6bec0182657934adfe5eb320061c5b.pkl,1
D:\08_Dataset\Internal\mar2020\pickle_files\f51e7b33eb3eeb577d8358edb220faf404185af2.pkl,1
D:\08_Dataset\Internal\mar2020\pickle_files\713e5e265d52b5fa9257ed58b5aa52f18e843276.pkl,1
D:\08_Dataset\Internal\mar2020\pickle_files\6a18914283455d7a001e4114589276e8d2b89236.pkl,1
D:\08_Dataset\Internal\mar2020\pickle_files\0883bee900e87f5432a58e6c8df4313ab1655d2b.pkl,1
D:\08_Dataset\Internal\mar2020\pickle_files\77f826b88b564afcbded5f690bc8937a1f192ef4.pkl,1
D:\08_Dataset\Internal\mar2020\pickle_files\aafebf52a6652e9fb3011ecc085956932808391e.pkl,1
D:\08_Dataset\Internal\mar2020\pickle_files\467eefc63d4711e391ce2f49446e80fb8624a899.pkl,1
D:\08_Dataset\Internal\mar2020\pickle_files\6bca4af1729df989a4775e787c264452ec92bbe7.pkl,1
D:\08_Dataset\Internal\mar2020\pickle_files\d3cbe20f9985ab5245387b2a5ce2b75a62cf3492.pkl,1
D:\08_Dataset\Internal\mar2020\pickle_files\3aa384df9d36165aabc5f0bc55933a0b62ee15ea.pkl,1
D:\08_Dataset\Internal\mar2020\pickle_files\e2e5a7302df47f4f6759e9aae68dfdced678920c.pkl,1
D:\08_Dataset\Internal\mar2020\pickle_files\14b09389c63dfd9cf7046dea6117c6cd9669a2ea.pkl,1
D:\08_Dataset\Internal\mar2020\pickle_files\42f5672485a7d53fa58ff421b93230e960d827c0.pkl,1
D:\08_Dataset\Internal\mar2020\pickle_files\f6c69a486167994fe1650361f0194948f69e3f88.pkl,1
D:\08_Dataset\Internal\mar2020\pickle_files\a78aa3d3bceb3d5338ccdbc6d1e09b98116a92fc.pkl,1
D:\08_Dataset\Internal\mar2020\pickle_files\3ef6ebf770552386be5d8d3988b39dc8e81e225e.pkl,1
D:\08_Dataset\Internal\mar2020\pickle_files\f08021980ce7853951f31fe5b19afbb524bf73e0.pkl,1
D:\08_Dataset\Internal\mar2020\pickle_files\693ed114ae0a25bbb3ef3aa63fdcf641a2f18637.pkl,1
D:\08_Dataset\Internal\mar2020\pickle_files\7c3e08168464d758f155b67e43101652fd7a1e9b.pkl,1
D:\08_Dataset\Internal\mar2020\pickle_files\87bdb8fbb4020c049d356a405053b8850c920f33.pkl,1
D:\08_Dataset\Internal\mar2020\pickle_files\edfba3d62f2ae7f95aaab15c1efc5099b9ad682c.pkl,1
D:\08_Dataset\Internal\mar2020\pickle_files\f10563705a4137313709ba5c699694afc98152d8.pkl,1
D:\08_Dataset\Internal\mar2020\pickle_files\91f9cc4a07749374228f48def79a51422aba2334.pkl,1
D:\08_Dataset\Internal\mar2020\pickle_files\9b30c5c8acbe2dc784b623bf9e08c770086da3d9.pkl,1
D:\08_Dataset\Internal\mar2020\pickle_files\cf9ae12409699f169def6dd3dfe7d7302bfe9d98.pkl,1
D:\08_Dataset\Internal\mar2020\pickle_files\e7d87069b8501fc6768e170d080f1f994c65b4ad.pkl,1
D:\08_Dataset\Internal\mar2020\pickle_files\5a2376c06cb20a93a109149ed53a999278fc04f3.pkl,1
D:\08_Dataset\Internal\mar2020\pickle_files\038ac629588aec172f52db82c8b7d5c19e5b0371.pkl,1
D:\08_Dataset\Internal\mar2020\pickle_files\697f20025e0f5faa5ddfe9e2f101685ffdde22ac.pkl,1
D:\08_Dataset\Internal\mar2020\pickle_files\d92fb8e8fee8f71839eebd74220215a772331ca6.pkl,1
D:\08_Dataset\Internal\mar2020\pickle_files\44f2a60215c7efc22488aafcb72dbcbaf83e8755.pkl,1
D:\08_Dataset\Internal\mar2020\pickle_files\1886926ed093c695decb45342844d37c229838c1.pkl,1
D:\08_Dataset\Internal\mar2020\pickle_files\d64b1bf1d8684332f362481d2609ff2afb4c4c63.pkl,1
D:\08_Dataset\Internal\mar2020\pickle_files\c2e510e8fc02eb9f2c4d9c6331226cf51425313f.pkl,1
D:\08_Dataset\Internal\mar2020\pickle_files\a6724d12a344dbf85bc24ab1bebea9e70f7bed44.pkl,1
D:\08_Dataset\Internal\mar2020\pickle_files\2b2338bf4082ca6ba4fe69cefb9a5f9c8ba80fe7.pkl,1
D:\08_Dataset\Internal\mar2020\pickle_files\8167603b39ba94d1dc8286fb8a3ca71f2b4a2cf2.pkl,1
D:\08_Dataset\Internal\mar2020\pickle_files\162f931b766a1dbec9e7c76f601a5afb9df5e953.pkl,1
D:\08_Dataset\Internal\mar2020\pickle_files\0a01bd2fb452c81465ffe40e52ba5e13c2824016.pkl,1
D:\08_Dataset\Internal\mar2020\pickle_files\7b416e2fdc6c2e0a93735b868ee245ca88c0daf8.pkl,1
D:\08_Dataset\Internal\mar2020\pickle_files\36ba984b3ac64ee100979416965e0d04abfd110d.pkl,1
D:\08_Dataset\Internal\mar2020\pickle_files\0e83290dbd25b5cc1e8ccf636f94d9efd856b574.pkl,1
D:\08_Dataset\Internal\mar2020\pickle_files\3e7a717a3ab7b342f0456ccf8edf03fcea8291a8.pkl,1
D:\08_Dataset\Internal\mar2020\pickle_files\b863610cd79f7f68217d6de0e665a0a5f3caa835.pkl,1
D:\08_Dataset\Internal\mar2020\pickle_files\fe9344b5185d8fcac9c544af8a99599e928ba51a.pkl,1
D:\08_Dataset\Internal\mar2020\pickle_files\7017984c54e47b6ad622ca709839ce6ee220de8a.pkl,1
D:\08_Dataset\Internal\mar2020\pickle_files\2a1b1a6d6a204dd5f29cfd9e69d7a3ff20c3a6a4.pkl,1
D:\08_Dataset\Internal\mar2020\pickle_files\979b3926a42c8c9edb79c9407c770c1f43558f96.pkl,1
D:\08_Dataset\Internal\mar2020\pickle_files\3a95e9cd24705044d430c261739f1e32552c8e93.pkl,1
D:\08_Dataset\Internal\mar2020\pickle_files\b1d5968f36d906840fcbf71435a79f9bc85a5d2d.pkl,1
D:\08_Dataset\Internal\mar2020\pickle_files\4d68c1955824c8c72d29c4a50f29eb10423b21f2.pkl,1
D:\08_Dataset\Internal\mar2020\pickle_files\71abdc67d0e43d671154744af7f15c51bd27ab43.pkl,1
D:\08_Dataset\Internal\mar2020\pickle_files\b6e35014bd3cc6c48c0207f19bd06715c31df840.pkl,1
D:\08_Dataset\Internal\mar2020\pickle_files\d7cbbdf82658dad4688c5523161a0e13f3795fc1.pkl,1
D:\08_Dataset\Internal\mar2020\pickle_files\6d3af65cb9f84967c2fa3c5fc8f46c85310de713.pkl,1
D:\08_Dataset\Internal\mar2020\pickle_files\21fa7ac6e0746a76265d9fc92e31022b07c48488.pkl,1
D:\08_Dataset\Internal\mar2020\pickle_files\249c34b1b8bce2ee60f7510baaa9c98392ee58f4.pkl,1
D:\08_Dataset\Internal\mar2020\pickle_files\d5d7e998129f12f2e2281877d6e4126575b5fbd8.pkl,1
D:\08_Dataset\Internal\mar2020\pickle_files\13a729b9f25c2f08cf44215e3aa3c563578f5a96.pkl,1
D:\08_Dataset\Internal\mar2020\pickle_files\ac01794856b5e8361205e060340d4b309a48454a.pkl,1
D:\08_Dataset\Internal\mar2020\pickle_files\736281a9c4b6e88c769fde3a65f4663db8616ee7.pkl,1
D:\08_Dataset\Internal\mar2020\pickle_files\1ab7b4965b54113e47c07b3e5034da59f052e32d.pkl,1
D:\08_Dataset\Internal\mar2020\pickle_files\ab79e971c1b6628dc51a8a47cc4e7b6155d5dc54.pkl,1
D:\08_Dataset\Internal\mar2020\pickle_files\0376b94748b544454e4c680fa3fab58300edeee7.pkl,1
D:\08_Dataset\Internal\mar2020\pickle_files\8052f7890321ce4ae4556b0975975d4794a08370.pkl,1
D:\08_Dataset\Internal\mar2020\pickle_files\6d727f03037ad34b721291aef0e35bac9cd600d0.pkl,1
D:\08_Dataset\Internal\mar2020\pickle_files\fde95b7f2b43f2a5cb5646cb26da231bb6b229a2.pkl,1
D:\08_Dataset\Internal\mar2020\pickle_files\0a6cea577fec97bd428e50e8b106f81c01443974.pkl,1
D:\08_Dataset\Internal\mar2020\pickle_files\0bfc0bd16148f567467bf5cb461dddd537b28cad.pkl,1
D:\08_Dataset\Internal\mar2020\pickle_files\72406fb2fc6f1916d57da042b801a6beb9a134c7.pkl,1
D:\08_Dataset\Internal\mar2020\pickle_files\5851d5c08c3f3938e99ca7017b87a41d828c615c.pkl,1
D:\08_Dataset\Internal\mar2020\pickle_files\9d9edefaf4c933997aca7cb8b71682eaef7eff9a.pkl,1
D:\08_Dataset\Internal\mar2020\pickle_files\3ff2a879949c4519c556265ba5381f078c46283e.pkl,1
D:\08_Dataset\Internal\mar2020\pickle_files\604a42575510ad439c08a089a71a4c8f9cdd7f6f.pkl,1
D:\08_Dataset\Internal\mar2020\pickle_files\e69142865f89550f1ca122d26e7952840f22639d.pkl,1
D:\08_Dataset\Internal\mar2020\pickle_files\6670eadb6d582b27d05d22d796ac34077edd3916.pkl,1
D:\08_Dataset\Internal\mar2020\pickle_files\6659232799768f3f1f0e69a56c9d7c91c974e062.pkl,1
D:\08_Dataset\Internal\mar2020\pickle_files\4b16c8a3d03d0889c875685a8a9742e1537418b1.pkl,1
D:\08_Dataset\Internal\mar2020\pickle_files\b0d12f759dfbb9aa7765d854aa7e2c1a4a69e655.pkl,1
D:\08_Dataset\Internal\mar2020\pickle_files\fd57847feea73ffd1294af91506f49afe666400e.pkl,1
D:\08_Dataset\Internal\mar2020\pickle_files\946ea37959157899d81872e70fb0e3c6bf33cbcb.pkl,1
D:\08_Dataset\Internal\mar2020\pickle_files\af639fc5445bc8b78cf3aed73eba38e93978b3ce.pkl,1
D:\08_Dataset\Internal\mar2020\pickle_files\813de1c47909a2691c163c84eb2da50843c229fc.pkl,1
D:\08_Dataset\Internal\mar2020\pickle_files\222069d2d97eb077c054e3cb15b8abe527174928.pkl,1
D:\08_Dataset\Internal\mar2020\pickle_files\a8e22b4fff9d0366581c4c4961eee2f5438e5966.pkl,1
D:\08_Dataset\Internal\mar2020\pickle_files\86d6e6fe2f6eb6f24f259ac100b8f7aa5d3193f3.pkl,1
D:\08_Dataset\Internal\mar2020\pickle_files\fdb984efbd67b128d90de67b586df1e0cd03d187.pkl,1
D:\08_Dataset\Internal\mar2020\pickle_files\49cc6fb82712aac95dc854ef04f56b9271cc1b4d.pkl,1
D:\08_Dataset\Internal\mar2020\pickle_files\72eaf97f85b6b70aace13ae366d18d0ce7d1b163.pkl,1
D:\08_Dataset\Internal\mar2020\pickle_files\14a2a0e7144c2d6a90fd6bce1ba9390160d4abaf.pkl,1
D:\08_Dataset\Internal\mar2020\pickle_files\7186e9662e62d2d1063759f18a97f3fcce945a7e.pkl,1
D:\08_Dataset\Internal\mar2020\pickle_files\ac235435feb3480d7c63bdfe1220b97f40d8c237.pkl,1
D:\08_Dataset\Internal\mar2020\pickle_files\ecadf0324784f18828c09236f333a58f200156f7.pkl,1
D:\08_Dataset\Internal\mar2020\pickle_files\370d2cde2b8f5a2a537260b04c1cd0cffa8cb24e.pkl,1
D:\08_Dataset\Internal\mar2020\pickle_files\e0fb2a4ad024f529cddafb396784eee417693e2f.pkl,1
D:\08_Dataset\Internal\mar2020\pickle_files\69dc234da1b561fb4f3a9501f4d290a1d26fb6c1.pkl,1
D:\08_Dataset\Internal\mar2020\pickle_files\913cfec1d33df07dce36ec253da251816525d4bd.pkl,1
D:\08_Dataset\Internal\mar2020\pickle_files\d33531bac1baf3a8cb5c4dcb4c89ade042680e93.pkl,1
D:\08_Dataset\Internal\mar2020\pickle_files\454738709e6f3e9a8e90c8aa85764d3b42ad2701.pkl,1
D:\08_Dataset\Internal\mar2020\pickle_files\861f65e5bb74b35981b4576dcdc90bf173dfa4da.pkl,1
D:\08_Dataset\Internal\mar2020\pickle_files\2583257ef4aeef2becde5275bf627c7c8fa622b4.pkl,1
D:\08_Dataset\Internal\mar2020\pickle_files\a965a4d926dd3f7dafc9e995c0b13bbaf81c4b52.pkl,1
D:\08_Dataset\Internal\mar2020\pickle_files\abd625841f28505da9faa468851e3cd177a644b7.pkl,1
D:\08_Dataset\Internal\mar2020\pickle_files\b8075fc85b729afc8cfdb0b52fb1547a70d065ee.pkl,1
D:\08_Dataset\Internal\mar2020\pickle_files\39eaf9b70831ed2f9da3c0eebd8e5a7f6aec2081.pkl,1
D:\08_Dataset\Internal\mar2020\pickle_files\6e6f36da01c73948325256a9aa0a84d5ecccf060.pkl,1
D:\08_Dataset\Internal\mar2020\pickle_files\cc74ccfe6254957eafa0f28b38719fea9aa29295.pkl,1
D:\08_Dataset\Internal\mar2020\pickle_files\8bb5e46db730416dbc244d036541ab0ed2dd8b8e.pkl,1
D:\08_Dataset\Internal\mar2020\pickle_files\fea18f8da532cac4d1302224c2079187f12a91d2.pkl,1
D:\08_Dataset\Internal\mar2020\pickle_files\96a2e128eba353e3c15d66a1e6748c8b7894771e.pkl,1
D:\08_Dataset\Internal\mar2020\pickle_files\37309e43fb62db08982497cfc690e83304a0c266.pkl,1
D:\08_Dataset\Internal\mar2020\pickle_files\b154f66c9c52709c54f30d457e5ed2ee45482739.pkl,1
D:\08_Dataset\Internal\mar2020\pickle_files\9d1eb15fb316fb2b3615fe0d4f5551d5032d7cba.pkl,1
D:\08_Dataset\Internal\mar2020\pickle_files\82bc98b5e16241e1991add1851d62ca70abaa442.pkl,1
D:\08_Dataset\Internal\mar2020\pickle_files\d234d71fa253c0c023e1ef21a0b0593dd83e7711.pkl,1
D:\08_Dataset\Internal\mar2020\pickle_files\16fe3afa5988eec33468e6c88285784b4851cf63.pkl,1
D:\08_Dataset\Internal\mar2020\pickle_files\2370d6f2ad44fcd6301f87900abdbbd8846b967f.pkl,1
D:\08_Dataset\Internal\mar2020\pickle_files\78c06a05de90e7390469df6f5b5b29a1144ed2a5.pkl,1
D:\08_Dataset\Internal\mar2020\pickle_files\bf70a86e5490f1b925b594663635cf0100b1b552.pkl,1
D:\08_Dataset\Internal\mar2020\pickle_files\23714c5f60e67f83a868aafa5c171bce36db9cdf.pkl,1
D:\08_Dataset\Internal\mar2020\pickle_files\3b79afa054705bb3b07dbe16637dbb9adf0c1832.pkl,1
D:\08_Dataset\Internal\mar2020\pickle_files\4556589d2c05d2825d71fdecfe7dcfdff5c834da.pkl,1
D:\08_Dataset\Internal\mar2020\pickle_files\a3efd4c9ad4d927680e11baf94e1e8b85f5793fa.pkl,1
D:\08_Dataset\Internal\mar2020\pickle_files\b29e483ed41cb3ef4ea57e35fe04332e5fca7b11.pkl,1
D:\08_Dataset\Internal\mar2020\pickle_files\c334e877f84e3ad1577358699d59cd2777b0bacd.pkl,1
D:\08_Dataset\Internal\mar2020\pickle_files\4536ed8df05e1e731957aa62a43faae1320fbb16.pkl,1
D:\08_Dataset\Internal\mar2020\pickle_files\280e0f05f5eb4ffa7baaeee0870d48bac9cc3144.pkl,1
D:\08_Dataset\Internal\mar2020\pickle_files\03b2b5f21b6f51c107c4fecc4da5d4fe09b82836.pkl,1
D:\08_Dataset\Internal\mar2020\pickle_files\17d035483544c7746c8080d8503e304161fe624a.pkl,1
D:\08_Dataset\Internal\mar2020\pickle_files\8d8ac899a6e4f00b6afd14f91cba69eaab3da378.pkl,1
D:\08_Dataset\Internal\mar2020\pickle_files\3a30ffaf8040b8367fca348e3664819ab0d5ce19.pkl,1
D:\08_Dataset\Internal\mar2020\pickle_files\c3f57d04b757921c3de4f3ca8e876569d8ebfae7.pkl,1
D:\08_Dataset\Internal\mar2020\pickle_files\482cf08b6c6c3d80468c989a0b00b5d2f6c1d72a.pkl,1
D:\08_Dataset\Internal\mar2020\pickle_files\8cfb586278c82a0a3c67cfdee6f90573cbcad421.pkl,1
D:\08_Dataset\Internal\mar2020\pickle_files\ae3540976a0c355db40e9a82500dce603c22beef.pkl,1
D:\08_Dataset\Internal\mar2020\pickle_files\b2609c5869073d3e6150a369286dc7a7f4489eda.pkl,1
D:\08_Dataset\Internal\mar2020\pickle_files\e5b968fc47ff487156e2a0505fe0e85bb4b07bc7.pkl,1
D:\08_Dataset\Internal\mar2020\pickle_files\0a2c030b48d87bfc2dbd188ef372bc422e8f1423.pkl,1
D:\08_Dataset\Internal\mar2020\pickle_files\cdb0818683eeafd0c5c09de77e1d8efffce63a52.pkl,1
D:\08_Dataset\Internal\mar2020\pickle_files\652f4895e806ecf01407b5246254d2ac4780c71e.pkl,1
D:\08_Dataset\Internal\mar2020\pickle_files\3590d05412f3f9b1f221f42263f27c8b190257d2.pkl,1
D:\08_Dataset\Internal\mar2020\pickle_files\45599c967b68d58ed43b4288e0899bd7ac43320d.pkl,1
D:\08_Dataset\Internal\mar2020\pickle_files\f2d63d75e12e070f19c436e514548ceec4ad32de.pkl,1
D:\08_Dataset\Internal\mar2020\pickle_files\90c2ad2c5cd1c162c448cdfd0ca5231a5610e1b1.pkl,1
D:\08_Dataset\Internal\mar2020\pickle_files\f55bd94765e91b6b05c1dca442d41f749decdd0e.pkl,1
D:\08_Dataset\Internal\mar2020\pickle_files\e4a45968cdca36927f6ed9f9d7fa0e71e4901d20.pkl,1
D:\08_Dataset\Internal\mar2020\pickle_files\443d5c7b53f8fe2302f8826eb0b5e167292f5117.pkl,1
D:\08_Dataset\Internal\mar2020\pickle_files\3fee7530be44d4ed1d982198b4bede886f32246f.pkl,1
D:\08_Dataset\Internal\mar2020\pickle_files\8f32b0ee4e3291a0b8f7a32de3b32d0f3f51d600.pkl,1
D:\08_Dataset\Internal\mar2020\pickle_files\095a3944f4bf1e925e11c18d73e7e16630096d17.pkl,1
D:\08_Dataset\Internal\mar2020\pickle_files\e867f9b1359408618a111aa4268ebfb80238af77.pkl,1
D:\08_Dataset\Internal\mar2020\pickle_files\9b7e75b79769abb92daf6ba5344c265bc1a0078b.pkl,1
D:\08_Dataset\Internal\mar2020\pickle_files\e864f407f642979aad1bc11062bf486e443b39fc.pkl,1
D:\08_Dataset\Internal\mar2020\pickle_files\f087a496b24d6358cdad190fa7e16d317110beeb.pkl,1
D:\08_Dataset\Internal\mar2020\pickle_files\bf2dc262c8f8eef4e03392cfdec7d2c84fd55162.pkl,1
D:\08_Dataset\Internal\mar2020\pickle_files\41f4d8e937f836f464b41a30a15befc7d3c00161.pkl,1
D:\08_Dataset\Internal\mar2020\pickle_files\8f4ac0f81fe7b246f80355fbde30fe97524216df.pkl,1
D:\08_Dataset\Internal\mar2020\pickle_files\e390cadf21fea70574d43a225fac9c174bfdaae2.pkl,1
D:\08_Dataset\Internal\mar2020\pickle_files\ba900695c18d4c45dc4d54caea72679a70120135.pkl,1
D:\08_Dataset\Internal\mar2020\pickle_files\1dca4f1d22313a84f858b96f236eabdcca4968e8.pkl,1
D:\08_Dataset\Internal\mar2020\pickle_files\a1bdf60fef7be03418e2bc9c3980e9b65cf4892d.pkl,1
D:\08_Dataset\Internal\mar2020\pickle_files\fb031ecd6065d34029b1fdaccc63a6594a59ee81.pkl,1
D:\08_Dataset\Internal\mar2020\pickle_files\91878d4a16b2d77936f9b8930c59679b3bbe6eab.pkl,1
D:\08_Dataset\Internal\mar2020\pickle_files\229243bd6e335d8d170c3b20e00bd65b8d6b0314.pkl,1
D:\08_Dataset\Internal\mar2020\pickle_files\7ab3e2462316daf725ed65858b109c81a49c9f7a.pkl,1
D:\08_Dataset\Internal\mar2020\pickle_files\a49dac2c7daf033358d18e0dfd09721b2d0643c2.pkl,1
D:\08_Dataset\Internal\mar2020\pickle_files\6b8fb2b3992b59890bc78eb8c5e8f7a121f65970.pkl,1
D:\08_Dataset\Internal\mar2020\pickle_files\de7f7547e65a0d8f50291a84ac636ad580728760.pkl,1
D:\08_Dataset\Internal\mar2020\pickle_files\7072a62a191dc8ca04e7245696a5492212173589.pkl,1
D:\08_Dataset\Internal\mar2020\pickle_files\c6f024ade8d693b6b083280aa331ec382f404b25.pkl,1
D:\08_Dataset\Internal\mar2020\pickle_files\911760ccfbbfc1de0332c90215cc78d59f7004fd.pkl,1
D:\08_Dataset\Internal\mar2020\pickle_files\045e01b9c6a8605878374e92b7b6f3d51d697e6a.pkl,1
D:\08_Dataset\Internal\mar2020\pickle_files\eef9fa3986ed1f10ea50427e68b3a77802039eaf.pkl,1
D:\08_Dataset\Internal\mar2020\pickle_files\acc0025a9021a10209b80f809122b943318f0559.pkl,1
D:\08_Dataset\Internal\mar2020\pickle_files\e45ab7a8f459b8fa93cf395c814b2aabbcb8248b.pkl,1
D:\08_Dataset\Internal\mar2020\pickle_files\89b395489d6affdecbd4bf904a031dde828c97a6.pkl,1
D:\08_Dataset\Internal\mar2020\pickle_files\6121b263df4e44cedfcc5b1e2d0eb6e552a80f49.pkl,1
D:\08_Dataset\Internal\mar2020\pickle_files\134a7ae1e16634c67ce1c82272c1c9fe332b6f76.pkl,1
D:\08_Dataset\Internal\mar2020\pickle_files\63a82ad8a10edef08a4cbc8faa5f4f0467e9350d.pkl,1
D:\08_Dataset\Internal\mar2020\pickle_files\6f1386c12e93362c4435f526227b3a4865303965.pkl,1
D:\08_Dataset\Internal\mar2020\pickle_files\9f855b590981ce670b88eb6e2bc78a222d51a21a.pkl,1
D:\08_Dataset\Internal\mar2020\pickle_files\5134d3ef0ea9f7412dedfaafba8433002c842756.pkl,1
D:\08_Dataset\Internal\mar2020\pickle_files\5cd792a44b54b67c6a79a33f59d9ba5b9468286e.pkl,1
D:\08_Dataset\Internal\mar2020\pickle_files\963a3e631ff57bb8f3672fb5e011d3cc4238f9fe.pkl,1
D:\08_Dataset\Internal\mar2020\pickle_files\d523920625ef8532e00b63d6cc6c56de26a5c232.pkl,1
D:\08_Dataset\Internal\mar2020\pickle_files\c71abe5df703c8d3765ea8b871779953bfad60db.pkl,1
D:\08_Dataset\Internal\mar2020\pickle_files\6ba042e823e9ebe77227a642528828cae49d3778.pkl,1
D:\08_Dataset\Internal\mar2020\pickle_files\04cd0c19cff6466ccb6e431c7a569b22da18226d.pkl,1
D:\08_Dataset\Internal\mar2020\pickle_files\e72b194af6ae25c3aa57e40861947796e3078b83.pkl,1
D:\08_Dataset\Internal\mar2020\pickle_files\ebc76cbff5aef0a0617191eb1997216edab67568.pkl,1
D:\08_Dataset\Internal\mar2020\pickle_files\40bdc8751fb2b18aa76820dba61cfadf4f81d311.pkl,1
D:\08_Dataset\Internal\mar2020\pickle_files\0e48499ef2b2734a9b1d48e4ae4457b355b42e36.pkl,1
D:\08_Dataset\Internal\mar2020\pickle_files\5b885d0514ea8f0b3d59d30529b55ef41136fbca.pkl,1
D:\08_Dataset\Internal\mar2020\pickle_files\e01f4907631e308e2b66d8f32c536664f1cf8572.pkl,1
D:\08_Dataset\Internal\mar2020\pickle_files\aa3310c2d110e9eb251b5f25acbbf4f0f2bea9b3.pkl,1
D:\08_Dataset\Internal\mar2020\pickle_files\4ee49f63a945964192c9eb735e20b0fa247dfa3e.pkl,1
D:\08_Dataset\Internal\mar2020\pickle_files\a6b68037bb0ae32a185700152dd57e37f422267b.pkl,1
D:\08_Dataset\Internal\mar2020\pickle_files\3b809ca9f58f402398268bbfdc67caef9f03fae4.pkl,1
D:\08_Dataset\Internal\mar2020\pickle_files\8bc91203f3497c7803b40e615dbe4737b5670a03.pkl,1
D:\08_Dataset\Internal\mar2020\pickle_files\4ca7598259cdd8e2004d1c951ff2178663825465.pkl,1
D:\08_Dataset\Internal\mar2020\pickle_files\00e5a51cf5bdf9892242900d4bdf03e6fc67dd07.pkl,1
D:\08_Dataset\Internal\mar2020\pickle_files\77d11c6c0041f2cf66311bd40141661b8cc9fff3.pkl,1
D:\08_Dataset\Internal\mar2020\pickle_files\936ceeb060dfbd10df06a97b3c9193c64e07b8e3.pkl,1
D:\08_Dataset\Internal\mar2020\pickle_files\14d5243bb10d15529e308a6c7a2a84ca8ef2abad.pkl,1
D:\08_Dataset\Internal\mar2020\pickle_files\cdff1327225a6a721e32f204ad1e4eb3a4a1d44e.pkl,1
D:\08_Dataset\Internal\mar2020\pickle_files\ca3c1b27f5c6111239509c7eb0f61b8a462502b4.pkl,1
D:\08_Dataset\Internal\mar2020\pickle_files\c91a5ad7755718c6ae81de8594455a3a0d2ad036.pkl,1
D:\08_Dataset\Internal\mar2020\pickle_files\e7eb9704d82389ec93a0a712ba69ddbe9534fdf8.pkl,1
D:\08_Dataset\Internal\mar2020\pickle_files\dbfc412235075e82b71e1c9f478ec31a8cdede9e.pkl,1
D:\08_Dataset\Internal\mar2020\pickle_files\ba102cf68ca0428c904bb9491db335f1c4f0a9b6.pkl,1
D:\08_Dataset\Internal\mar2020\pickle_files\4d33254683cb9e3651a44519fe1bc3b7dd86d2cb.pkl,1
D:\08_Dataset\Internal\mar2020\pickle_files\afc5caa2a8182fa762e2921c12338e708e285b67.pkl,1
D:\08_Dataset\Internal\mar2020\pickle_files\98e215d9ec6a8f631ce416c1715f1e299fe8a65c.pkl,1
D:\08_Dataset\Internal\mar2020\pickle_files\96aecf71f87a4cd17012d085c7a157a518a47db8.pkl,1
D:\08_Dataset\Internal\mar2020\pickle_files\978f089ba0d37a6990e9b7a54afbe988aa9d543d.pkl,1
D:\08_Dataset\Internal\mar2020\pickle_files\58640ad8c07a316c0f9987fcd403bc5f0bcb1261.pkl,1
D:\08_Dataset\Internal\mar2020\pickle_files\b0179241aec382d68db2d9f00bf3b773e90ab100.pkl,1
D:\08_Dataset\Internal\mar2020\pickle_files\aa74d95f3f0cc8adb81ab6286078b67ddc8f0325.pkl,1
D:\08_Dataset\Internal\mar2020\pickle_files\f03c6179a257b17f68566054879702676f0bb13d.pkl,1
D:\08_Dataset\Internal\mar2020\pickle_files\e1f752b03a2be51c1d6d8423823514ba18aac398.pkl,1
D:\08_Dataset\Internal\mar2020\pickle_files\d65a529e29c9505630f00f3756348e186263d591.pkl,1
D:\08_Dataset\Internal\mar2020\pickle_files\41c83afc43b287cc41d4be91b7e6bfd66ecad9a5.pkl,1
D:\08_Dataset\Internal\mar2020\pickle_files\589a9d7297c542815bcbb1547b34c6bf2d56c6c9.pkl,1
D:\08_Dataset\Internal\mar2020\pickle_files\3ef813063abf5e507f975ceb428b3b2a6285334f.pkl,1
D:\08_Dataset\Internal\mar2020\pickle_files\fa2feed5a8b06c47725b7f5bd5446371dd231bf1.pkl,1
D:\08_Dataset\Internal\mar2020\pickle_files\1cbf32c12df797fbd76e0476ca92c6470cf7c98d.pkl,1
D:\08_Dataset\Internal\mar2020\pickle_files\963f80c2af4add4faf655bace3831cc12ff38ae7.pkl,1
D:\08_Dataset\Internal\mar2020\pickle_files\f89f5040503fbbab542503873145fe6eed206917.pkl,1
D:\08_Dataset\Internal\mar2020\pickle_files\2a877898e3a261322ee37caa1a632c33b361a63b.pkl,1
D:\08_Dataset\Internal\mar2020\pickle_files\631728b02e92a2a302eb84cc54ca7072d1012109.pkl,1
D:\08_Dataset\Internal\mar2020\pickle_files\61dd1097c9000ad714d882342dc4f876cdceeb67.pkl,1
D:\08_Dataset\Internal\mar2020\pickle_files\d168117b06db007493a9af88c5b998e461b7c423.pkl,1
D:\08_Dataset\Internal\mar2020\pickle_files\5e8a940d25c68c885da8609c8724721fc82b8e02.pkl,1
D:\08_Dataset\Internal\mar2020\pickle_files\7192b71af5ef3565e4555b352126c0c8f0f1b169.pkl,1
D:\08_Dataset\Internal\mar2020\pickle_files\9739c96274189cbaf5ed2155f8b5cc6cf5359e73.pkl,1
D:\08_Dataset\Internal\mar2020\pickle_files\7793e602376f19879148aec18a0e5df71ed1215a.pkl,1
D:\08_Dataset\Internal\mar2020\pickle_files\901b03ba4e40596a2f67494812dbfaa2f2bf2e1d.pkl,1
D:\08_Dataset\Internal\mar2020\pickle_files\dbdf0eb6a5d9011c995ebdbe4015aac5474dc21c.pkl,1
D:\08_Dataset\Internal\mar2020\pickle_files\1e305bf4b46243e44765888c5a5877f27ec3896f.pkl,1
D:\08_Dataset\Internal\mar2020\pickle_files\7b50e20210f002e7bd42ab0717b80f211ba2058d.pkl,1
D:\08_Dataset\Internal\mar2020\pickle_files\1b92779721cc07029a750f25b83f4900e6d937e6.pkl,1
D:\08_Dataset\Internal\mar2020\pickle_files\bf5e2b576a7d963adbb380bbec8a8faa4263c8ec.pkl,1
D:\08_Dataset\Internal\mar2020\pickle_files\93fc4317221ccfcdbbaae9db9bd1770e29620645.pkl,1
D:\08_Dataset\Internal\mar2020\pickle_files\1465952d6a667daed4382da315b19ad9584cecf9.pkl,1
D:\08_Dataset\Internal\mar2020\pickle_files\614004a304dbb0dbba53ebfa3b68f9ce4f7522fd.pkl,1
D:\08_Dataset\Internal\mar2020\pickle_files\e9d7556f0b55cd99729c88a4d56491a29342d150.pkl,1
D:\08_Dataset\Internal\mar2020\pickle_files\03a33da9ccc3ae85d6d02cad115d689228709e8e.pkl,1
D:\08_Dataset\Internal\mar2020\pickle_files\3cd3a90d3c2bd8feca3639a8e0b6a1a774b9bb65.pkl,1
D:\08_Dataset\Internal\mar2020\pickle_files\d4336a745af057be4a9191efaee3e361bcd852b0.pkl,1
D:\08_Dataset\Internal\mar2020\pickle_files\d9555ca0d619d4f2451d08d0fd67c36d11f5584b.pkl,1
D:\08_Dataset\Internal\mar2020\pickle_files\6825d3a887723d3357121e398d73f5f580b00bff.pkl,1
D:\08_Dataset\Internal\mar2020\pickle_files\27a1efcce97975556f5a6f50dd632d2aaf5d02a5.pkl,1
D:\08_Dataset\Internal\mar2020\pickle_files\fcc3c945d72371f60d5568aea727c7a8cc271e66.pkl,1
D:\08_Dataset\Internal\mar2020\pickle_files\53f9b55c4c2349e58c7ff26a27ee0b62fe5c2ea2.pkl,1
D:\08_Dataset\Internal\mar2020\pickle_files\dcbbb320386c2211a8ed9ca9761e432725fed92f.pkl,1
D:\08_Dataset\Internal\mar2020\pickle_files\2e0b8d7124515d5f7a9986965844c5df8281aae5.pkl,1
D:\08_Dataset\Internal\mar2020\pickle_files\ea3cd5863c62826bbd8493baaea69b30ff71eb89.pkl,1
D:\08_Dataset\Internal\mar2020\pickle_files\9ea8e424349b43906f46dbd814e41f76906856e1.pkl,1
D:\08_Dataset\Internal\mar2020\pickle_files\de0b96ca1ba05b2f793ea9ad105685db1b10c63c.pkl,1
D:\08_Dataset\Internal\mar2020\pickle_files\48bc06c893ee153eb647eea6864a092424dfbad2.pkl,1
D:\08_Dataset\Internal\mar2020\pickle_files\bcf0b935b5d2fb8753dcbacdc24b37ff913f4a5c.pkl,1
D:\08_Dataset\Internal\mar2020\pickle_files\3d7ed4aec8ed9a759a659a002525feac14d95fce.pkl,1
D:\08_Dataset\Internal\mar2020\pickle_files\6ecc0fd4b38d22cf5e127c65181e832fc7b034d5.pkl,1
D:\08_Dataset\Internal\mar2020\pickle_files\2883a7e63d97671b4b920c24dfb63f2c9c419ffb.pkl,1
D:\08_Dataset\Internal\mar2020\pickle_files\b76d4a5dd3af7e09950a06b932fe2564c81c8fd8.pkl,1
D:\08_Dataset\Internal\mar2020\pickle_files\82eea2b7a1e9a08f2686def4700621be565946ff.pkl,1
D:\08_Dataset\Internal\mar2020\pickle_files\b88481073b918b8b1ead2d44b9e3491d8425d33c.pkl,1
D:\08_Dataset\Internal\mar2020\pickle_files\318b735916b87c85a07cbe986dcef9902ba417ee.pkl,1
D:\08_Dataset\Internal\mar2020\pickle_files\5753ef8a5f680d7c1767c2e9890489c3d9d4d3af.pkl,1
D:\08_Dataset\Internal\mar2020\pickle_files\1439d52df15215a5102f47b927954f9279670d1e.pkl,1
D:\08_Dataset\Internal\mar2020\pickle_files\4572dab914b84908e3778f6c6666a893183ae254.pkl,1
D:\08_Dataset\Internal\mar2020\pickle_files\318c357066b1903f645ce74f35b70eb9bca923c1.pkl,1
D:\08_Dataset\Internal\mar2020\pickle_files\d7707713de952d51ecc7980b1a09554f358d971c.pkl,1
D:\08_Dataset\Internal\mar2020\pickle_files\7354408430f37e49e37d2208ec8c563a99bd7323.pkl,1
D:\08_Dataset\Internal\mar2020\pickle_files\e770b53d32661e9c264649c577c48bd5f73b0806.pkl,1
D:\08_Dataset\Internal\mar2020\pickle_files\f42a60e7661e5f2a193ec5ff5b71a6d49bdb4a07.pkl,1
D:\08_Dataset\Internal\mar2020\pickle_files\09d78de07c89aa4066221e6ccad4f594e652242f.pkl,1
D:\08_Dataset\Internal\mar2020\pickle_files\e815aa8d71f7301cc6f9d67b215ff0e75fd7b337.pkl,1
D:\08_Dataset\Internal\mar2020\pickle_files\674ab9972843aabc8fef236ac593506f47d92ccc.pkl,1
D:\08_Dataset\Internal\mar2020\pickle_files\506bda7ec830b5584ee198f01d23979bb86896b5.pkl,1
D:\08_Dataset\Internal\mar2020\pickle_files\635b5fb406133b39e2f3f73b013d4c8b1b64d2e1.pkl,1
D:\08_Dataset\Internal\mar2020\pickle_files\b7ec54b0308735ac18fd0bf88139eba85f82a2f1.pkl,1
D:\08_Dataset\Internal\mar2020\pickle_files\91e069a74c70a6f79de858a038b70e4a14116a9d.pkl,1
D:\08_Dataset\Internal\mar2020\pickle_files\2919eec63c06a46d51f5152a1d6fffb5f15e2bc8.pkl,1
D:\08_Dataset\Internal\mar2020\pickle_files\9389a618019f191a2efd4dcf30ee9f5f2345d30f.pkl,1
D:\08_Dataset\Internal\mar2020\pickle_files\4890d04632b327b68ce6bdd4842d7e04823d2653.pkl,1
D:\08_Dataset\Internal\mar2020\pickle_files\401e7e64b19758c5689b00297e4bf6143525dbe9.pkl,1
D:\08_Dataset\Internal\mar2020\pickle_files\13e3cd0136042522754911829d81b91306cb464b.pkl,1
D:\08_Dataset\Internal\mar2020\pickle_files\97583b45a1fb7710a5140f2c1e7327d767e63499.pkl,1
D:\08_Dataset\Internal\mar2020\pickle_files\6a0284e757b62011c2f09e5e2396d02f793e9746.pkl,1
D:\08_Dataset\Internal\mar2020\pickle_files\58ef29925f95c171dbcd5b3a1d3ff5a0e9860f93.pkl,1
D:\08_Dataset\Internal\mar2020\pickle_files\e6e286b50b167ca68fbf09985fe505d85e4fcc16.pkl,1
D:\08_Dataset\Internal\mar2020\pickle_files\8b41497a51dfd4d98edefc35d2c351ef2457b5f8.pkl,1
D:\08_Dataset\Internal\mar2020\pickle_files\468ab607132de6c5c188a5f7643b64af565f4b4b.pkl,1
D:\08_Dataset\Internal\mar2020\pickle_files\6c0d92ae9861afaf31a50b68605f3ce1fd3a0ee2.pkl,1
D:\08_Dataset\Internal\mar2020\pickle_files\b1d1851a927d3fc2337d11088ff9eae76dbd22b6.pkl,1
D:\08_Dataset\Internal\mar2020\pickle_files\fb39b87187aa0d3a8b82be08e83c6080fd422d3a.pkl,1
D:\08_Dataset\Internal\mar2020\pickle_files\8cadef4856609b57cbfe3b82e44082199d1f26d9.pkl,1
D:\08_Dataset\Internal\mar2020\pickle_files\c1ba57d0d0f7b65357de103b6ceef79d09e6c22f.pkl,1
D:\08_Dataset\Internal\mar2020\pickle_files\02449f5d7f05f87984f42413f788df3f80fce188.pkl,1
D:\08_Dataset\Internal\mar2020\pickle_files\47cb2b6fc0203055d490a75e857afcc0fb2774fc.pkl,1
D:\08_Dataset\Internal\mar2020\pickle_files\f752368cf4f2a25af926109a94d103df71f91b57.pkl,1
D:\08_Dataset\Internal\mar2020\pickle_files\6e3a2c57211afbe32071fea7f8d5d0cba87a2ea1.pkl,1
D:\08_Dataset\Internal\mar2020\pickle_files\84ee81bd4fe88f492e07257a3344214d3e2f63dd.pkl,1
D:\08_Dataset\Internal\mar2020\pickle_files\ce9731e5c6ca5c70900eeb56bd4889049d4a8d7a.pkl,1
D:\08_Dataset\Internal\mar2020\pickle_files\cc9dd172d687ee5301b36b453729ea1187d895e0.pkl,1
D:\08_Dataset\Internal\mar2020\pickle_files\25ad2b311fced416143ed643eb929b0687b18a83.pkl,1
D:\08_Dataset\Internal\mar2020\pickle_files\7184bb3205b9eb1df8f90f6528b55c57cd7610b6.pkl,1
D:\08_Dataset\Internal\mar2020\pickle_files\2bbf355c63f4818eb7dae650b7ab7c7e7f381dc4.pkl,1
D:\08_Dataset\Internal\mar2020\pickle_files\0a9d2ecc2916d2152f1deb487cf32a255e54a112.pkl,1
D:\08_Dataset\Internal\mar2020\pickle_files\2df594bdaa1055b597b67c0ba0bbb57e48e4f3aa.pkl,1
D:\08_Dataset\Internal\mar2020\pickle_files\e3dd673ca1b60963fe53f62e3c55c31243988793.pkl,1
D:\08_Dataset\Internal\mar2020\pickle_files\039b3bd1b7c6d6e67ce641df9b90a6d66c9e642a.pkl,1
D:\08_Dataset\Internal\mar2020\pickle_files\fc11fd45a6fe3510e61ade5ec8c4b76c7ec90e56.pkl,1
D:\08_Dataset\Internal\mar2020\pickle_files\9057863663e715ac82d89868ba31f2e138188cbe.pkl,1
D:\08_Dataset\Internal\mar2020\pickle_files\1b87182664b2cad18e732bb89a50a4353b77fbca.pkl,1
D:\08_Dataset\Internal\mar2020\pickle_files\fee29df01b1f0427913d7f5b4fb48c44f97e9aa8.pkl,1
D:\08_Dataset\Internal\mar2020\pickle_files\a4ddb8499fdc1825a7513fece05c3cac0d37aa6d.pkl,1
D:\08_Dataset\Internal\mar2020\pickle_files\6eea232464b7958e3139c093fd704642eef1135f.pkl,1
D:\08_Dataset\Internal\mar2020\pickle_files\c14797fb2f4a84e2614e71a822f643339e8fd764.pkl,1
D:\08_Dataset\Internal\mar2020\pickle_files\23ea755d31a73272726049017665909d1337fb98.pkl,1
D:\08_Dataset\Internal\mar2020\pickle_files\2f86943b49de1747f781e661032f3f19f8c1bdd6.pkl,1
D:\08_Dataset\Internal\mar2020\pickle_files\b744af061e875a4d206cf05b1c0f98b7fbc48cf2.pkl,1
D:\08_Dataset\Internal\mar2020\pickle_files\e9e10b3e7ca25b88f71b5b90dc1d5c4b94fbc162.pkl,1
D:\08_Dataset\Internal\mar2020\pickle_files\f37c13648746d6a7ea7b0e2888ac466cc67074d9.pkl,1
D:\08_Dataset\Internal\mar2020\pickle_files\04e8999c9a0ab95aa300710187985d1b72579acc.pkl,1
D:\08_Dataset\Internal\mar2020\pickle_files\0fff257f3e5f11790b9a1f4e2a6da8548bce7cfc.pkl,1
D:\08_Dataset\Internal\mar2020\pickle_files\544188d399d24a6e14a0b203cabdbaaf47f6798a.pkl,1
D:\08_Dataset\Internal\mar2020\pickle_files\c971000cc624245fa696c9d8dab3c1897949c761.pkl,1
D:\08_Dataset\Internal\mar2020\pickle_files\48883489a982eff4885593d9a6211ac5b7eca79e.pkl,1
D:\08_Dataset\Internal\mar2020\pickle_files\770e746b8ed89042ebdb1a1ed33fb8f3852110d0.pkl,1
D:\08_Dataset\Internal\mar2020\pickle_files\9a57eb50dc6e942141100a11dbcaa24a6dafeae0.pkl,1
D:\08_Dataset\Internal\mar2020\pickle_files\05caa45fef7eb56680e0a36a2944be7db06809fc.pkl,1
D:\08_Dataset\Internal\mar2020\pickle_files\efa24e9d236e553aff41c4a14d91a8b064f7dffc.pkl,1
D:\08_Dataset\Internal\mar2020\pickle_files\d4bb4c518943e8e4f17c4668f37713c1d1b835ca.pkl,1
D:\08_Dataset\Internal\mar2020\pickle_files\05b514bf293f70eacc3e88496df4fb5a4d0d30cd.pkl,1
D:\08_Dataset\Internal\mar2020\pickle_files\a7037ee2b1b6092e28202965f0d79d3ea335a6f6.pkl,1
D:\08_Dataset\Internal\mar2020\pickle_files\07cb3e3dd3fbb726e849e48f985b44980e52cf58.pkl,1
D:\08_Dataset\Internal\mar2020\pickle_files\afa90303d0bb6dd696f068924187429087ef0857.pkl,1
D:\08_Dataset\Internal\mar2020\pickle_files\a14cd069d0601fe75d4752f52b219019b8b0e4b8.pkl,1
D:\08_Dataset\Internal\mar2020\pickle_files\1a3540706397fa7f027662cfcde1b450fcefe8a8.pkl,1
D:\08_Dataset\Internal\mar2020\pickle_files\0277f86deec78954ac699f34fe5dc17b190d71c6.pkl,1
D:\08_Dataset\Internal\mar2020\pickle_files\e151dd23e00bf9aaa7b466f9a6f6995454ef93d6.pkl,1
D:\08_Dataset\Internal\mar2020\pickle_files\db9508642f7f4e70bbc2be871d5ce1216a4577ae.pkl,1
D:\08_Dataset\Internal\mar2020\pickle_files\5fc8b038fb112a40e8fbe82488453a190aaa6d74.pkl,1
D:\08_Dataset\Internal\mar2020\pickle_files\6227339ded95f383cd9612270fd38f3a3e215021.pkl,1
D:\08_Dataset\Internal\mar2020\pickle_files\7cad0421d3957200ea26e192b0bbb13efcf6de44.pkl,1
D:\08_Dataset\Internal\mar2020\pickle_files\bac39acbf688b21e47c903a80f3671122ba70aee.pkl,1
D:\08_Dataset\Internal\mar2020\pickle_files\542d80e702e5d92ec9303e28963d6b2414d329a6.pkl,1
D:\08_Dataset\Internal\mar2020\pickle_files\04c2becb28c37d809d5d439b9acdcfb83d971d22.pkl,1
D:\08_Dataset\Internal\mar2020\pickle_files\d28a24d9c3a502f05a0e35fe5d06fd48b440dc82.pkl,1
D:\08_Dataset\Internal\mar2020\pickle_files\7b0dbbe70cbf8d73c8eb274d09fde87bf6852a9b.pkl,1
D:\08_Dataset\Internal\mar2020\pickle_files\06de6979b1320ea799fa20406d47c443c65c0584.pkl,1
D:\08_Dataset\Internal\mar2020\pickle_files\ff552489927faa32d588a41ee91336eb6707dbe3.pkl,1
D:\08_Dataset\Internal\mar2020\pickle_files\ec4e3adc96e33cfcef4609fd1ef495526a2f42f6.pkl,1
D:\08_Dataset\Internal\mar2020\pickle_files\a0171599432434373299b50a87327e6e403895b1.pkl,1
D:\08_Dataset\Internal\mar2020\pickle_files\9d1ca7b0369c8a8eeb05b921f2303fb5f3afad81.pkl,1
D:\08_Dataset\Internal\mar2020\pickle_files\dac9ab512503cf02123ec1e985ba30f349b07259.pkl,1
D:\08_Dataset\Internal\mar2020\pickle_files\c75fd38e6626a72189d50380609ede26c84454c9.pkl,1
D:\08_Dataset\Internal\mar2020\pickle_files\7a86783855697d16b7b3282c14f148d950cc36e0.pkl,1
D:\08_Dataset\Internal\mar2020\pickle_files\06c0664055cb65c08dea5d9d6f576beee16d3592.pkl,1
D:\08_Dataset\Internal\mar2020\pickle_files\43c30332047a4dd187ebb80f59d780fb422147c2.pkl,1
D:\08_Dataset\Internal\mar2020\pickle_files\f89775748d5d9ba10824960f763aca5f6e8e9542.pkl,1
D:\08_Dataset\Internal\mar2020\pickle_files\ee9e75408921e43b97aa63982545f6bb92c79477.pkl,1
D:\08_Dataset\Internal\mar2020\pickle_files\984350af58f271b3e8f01707ff2177c824d29817.pkl,1
D:\08_Dataset\Internal\mar2020\pickle_files\877dadf4c7d16214d3e82e3bc9edfb9fdb614eda.pkl,1
D:\08_Dataset\Internal\mar2020\pickle_files\9e5444a868f88448e8c6bb9b0419a9a1a1c6f18d.pkl,1
D:\08_Dataset\Internal\mar2020\pickle_files\d1272da652f7774f92a9f3606d051b701cec043c.pkl,1
D:\08_Dataset\Internal\mar2020\pickle_files\7f25b932ecf6d2478b08262c9381183dd97a35af.pkl,1
D:\08_Dataset\Internal\mar2020\pickle_files\a1dbd7a04075bf9be87d0ea5d50ec878d616dd2d.pkl,1
D:\08_Dataset\Internal\mar2020\pickle_files\a0967edb71f9763ad85d43d658ae8986d827b77f.pkl,1
D:\08_Dataset\Internal\mar2020\pickle_files\ee0ea1e8c4cb4aee4d9da999a7e9bb88f34c6a53.pkl,1
D:\08_Dataset\Internal\mar2020\pickle_files\905273688691c32c7d61064eaf4d6005c9b59b02.pkl,1
D:\08_Dataset\Internal\mar2020\pickle_files\45088f922d63a6c94b80f958ea7eddf88a9153de.pkl,1
D:\08_Dataset\Internal\mar2020\pickle_files\e2ac3686b7eb5173234b3015c85c3b1f890f8076.pkl,1
D:\08_Dataset\Internal\mar2020\pickle_files\2b7c9d479218bc50be7ede4f9dcffca3f049b29a.pkl,1
D:\08_Dataset\Internal\mar2020\pickle_files\df1642e9fad072fcfbb20685529f160a6e26df06.pkl,1
D:\08_Dataset\Internal\mar2020\pickle_files\a20bac24374a1bffaf0dcd8e097ad6c3689ad0d5.pkl,1
D:\08_Dataset\Internal\mar2020\pickle_files\582471358ac6852e176ba4eddc8fa9231e106cf5.pkl,1
D:\08_Dataset\Internal\mar2020\pickle_files\9cfda016d64205bbe1931c68523b3a899ad7c730.pkl,1
D:\08_Dataset\Internal\mar2020\pickle_files\f47d8d3b8164a873b527000d23d9f56ce830bd46.pkl,1
D:\08_Dataset\Internal\mar2020\pickle_files\86bc5539f0adae8d3d79b9d66f6483dc114c85d2.pkl,1
D:\08_Dataset\Internal\mar2020\pickle_files\e125b4d3625da095694ddf3627151950bf46a1a3.pkl,1
D:\08_Dataset\Internal\mar2020\pickle_files\c9a6e4941b52ca6d7633fbe72c0add3672afddee.pkl,1
D:\08_Dataset\Internal\mar2020\pickle_files\f9167eaa58d708a8c96a32cf80cdba7a9e20e8b0.pkl,1
D:\08_Dataset\Internal\mar2020\pickle_files\abeb7f17bfb85d7191e59d3bd22fdd32e4c2fc04.pkl,1
D:\08_Dataset\Internal\mar2020\pickle_files\bc2b32d27262a456a1ba748f703dd834a8649542.pkl,1
D:\08_Dataset\Internal\mar2020\pickle_files\4b481a1b3868548640de13f1c9c4effab7e22d98.pkl,1
D:\08_Dataset\Internal\mar2020\pickle_files\7ece898967338e80692ca48703b9ae3251a349e0.pkl,1
D:\08_Dataset\Internal\mar2020\pickle_files\3d4c972084f9cc1df337ec66fe01dc6bb362c2fa.pkl,1
D:\08_Dataset\Internal\mar2020\pickle_files\caf6df1c3955377eff8d80c829d2408f854427d3.pkl,1
D:\08_Dataset\Internal\mar2020\pickle_files\e3d0d0a1fe50d3db8980847cee494e98a0677189.pkl,1
D:\08_Dataset\Internal\mar2020\pickle_files\14c796762d87abb73b087750e7621e8efe491116.pkl,1
D:\08_Dataset\Internal\mar2020\pickle_files\febbc15d739d96f34455bad548ee22cd935482c2.pkl,1
D:\08_Dataset\Internal\mar2020\pickle_files\97a16b43ec4090783bfe3523a8101a075c78bfa7.pkl,1
D:\08_Dataset\Internal\mar2020\pickle_files\328987872d8881363a8a7bd14f94a90dd1d93ca7.pkl,1
D:\08_Dataset\Internal\mar2020\pickle_files\149865fb8fafe793a13557b7b0c57b2d26c59cdc.pkl,1
D:\08_Dataset\Internal\mar2020\pickle_files\4c35b478e0f5f5ce6dc6261b313f5abdfc710aed.pkl,1
D:\08_Dataset\Internal\mar2020\pickle_files\d13f9a940a8be752f643ebde31cd85535318adce.pkl,1
D:\08_Dataset\Internal\mar2020\pickle_files\63e04386785383f38d012ff319ad879927364a58.pkl,1
D:\08_Dataset\Internal\mar2020\pickle_files\86c59dd82904e5ca17e1f560c0dff85645f7ad9b.pkl,1
D:\08_Dataset\Internal\mar2020\pickle_files\0f3ecb518feb82bfa35fbeb1d6258999a9331f41.pkl,1
D:\08_Dataset\Internal\mar2020\pickle_files\b2dee233677b53c8710de12ef9409eb12b9de74d.pkl,1
D:\08_Dataset\Internal\mar2020\pickle_files\11fad7b2a10db602a7917280361b2d3822515302.pkl,1
D:\08_Dataset\Internal\mar2020\pickle_files\42b34544eed6ef24784a888149a04413aae4ee30.pkl,1
D:\08_Dataset\Internal\mar2020\pickle_files\2673d17fafeab26bfcb32005159dcdeb2bf0023a.pkl,1
D:\08_Dataset\Internal\mar2020\pickle_files\4d2f7f7b7bf34ff6686a049013c4bd41430cc523.pkl,1
D:\08_Dataset\Internal\mar2020\pickle_files\27035bcf28622f7dd3e0874c6d2db3797f97de93.pkl,1
D:\08_Dataset\Internal\mar2020\pickle_files\017e824290aae1cfadecf26475f26f08efd9c117.pkl,1
D:\08_Dataset\Internal\mar2020\pickle_files\c78e030807095e519f067206b5fd774dbd2b0453.pkl,1
D:\08_Dataset\Internal\mar2020\pickle_files\54c5876e8fbc9197cbb8ad655ab64db09872f3d3.pkl,1
D:\08_Dataset\Internal\mar2020\pickle_files\3e7e7be5486bdaa45a946371efce70809cf69782.pkl,1
D:\08_Dataset\Internal\mar2020\pickle_files\bbca688693c570d5fffb0857c62be0142fc49d24.pkl,1
D:\08_Dataset\Internal\mar2020\pickle_files\761db9c7ae634f6397427560337db99f9b2bc787.pkl,1
D:\08_Dataset\Internal\mar2020\pickle_files\475741bbdb76a924f741307f9c1b1e4d10ca286f.pkl,1
D:\08_Dataset\Internal\mar2020\pickle_files\184064aae1d76a50522c6baa4d80575423ab7bee.pkl,1
D:\08_Dataset\Internal\mar2020\pickle_files\dc118289960979a9526a0505e17317d63526e74e.pkl,1
D:\08_Dataset\Internal\mar2020\pickle_files\990cd3a32d2dc6aafd5ed40096ba85ec185b0d34.pkl,1
D:\08_Dataset\Internal\mar2020\pickle_files\6013d65e89216ffcc6689a6246799372f6cdb56f.pkl,1
D:\08_Dataset\Internal\mar2020\pickle_files\e924c09fc100a03614e8eca69a92a56587c155f0.pkl,1
D:\08_Dataset\Internal\mar2020\pickle_files\55697953b7aa98a90cedf65cc9979a9c7483639e.pkl,1
D:\08_Dataset\Internal\mar2020\pickle_files\f98cdccf1adb4d502c2ae950ef65522a1af419af.pkl,1
D:\08_Dataset\Internal\mar2020\pickle_files\a7bc6d494ac38e76e5594c52db4a8e77a5cb88f5.pkl,1
D:\08_Dataset\Internal\mar2020\pickle_files\5fe1f8d8b202dc3ffd8a1ce6dffc8bd9c390b80e.pkl,1
D:\08_Dataset\Internal\mar2020\pickle_files\3ba6ac094d595e44e252c0140cb72b0d828c822c.pkl,1
D:\08_Dataset\Internal\mar2020\pickle_files\a9aa2e0991123f54253194a290536282165c3848.pkl,1
D:\08_Dataset\Internal\mar2020\pickle_files\df3a8d0009253ca6978eda77073e29ed5ee97848.pkl,1
D:\08_Dataset\Internal\mar2020\pickle_files\0f0d1db6ec96ecb55a6a11792da4d1c7c76428a6.pkl,1
D:\08_Dataset\Internal\mar2020\pickle_files\71e3c6dc6b604139f6acade5e482549fb30de427.pkl,1
D:\08_Dataset\Internal\mar2020\pickle_files\99141abc58fb4c4f31be2c94c695e285355a85b8.pkl,1
D:\08_Dataset\Internal\mar2020\pickle_files\7ca2a85bf6b7ead7c1d967e829096dca4fee9786.pkl,1
D:\08_Dataset\Internal\mar2020\pickle_files\2dd9e095430ae7ba2a5496ca42216de7fb8bcdcc.pkl,1
D:\08_Dataset\Internal\mar2020\pickle_files\3f59d33ac323e19896f06b8b3056183fb2e62ec1.pkl,1
D:\08_Dataset\Internal\mar2020\pickle_files\4219e295b2ac7d6cb9d6c2f33495a1632f6b2e56.pkl,1
D:\08_Dataset\Internal\mar2020\pickle_files\2e6ee2dc0ff299ba33e1a76c61a24e631437a47b.pkl,1
D:\08_Dataset\Internal\mar2020\pickle_files\b1c213c12bdf3bc879417bf5ae3aebc95047f701.pkl,1
D:\08_Dataset\Internal\mar2020\pickle_files\5f4751b3057f62745ff6e8ed95e926f9d12f6c05.pkl,1
D:\08_Dataset\Internal\mar2020\pickle_files\05ff21affe0aa7f01a78552c8ac6f190bd143157.pkl,1
D:\08_Dataset\Internal\mar2020\pickle_files\ccf63a549324efea30c437a28ec7432b1fba0ff0.pkl,1
D:\08_Dataset\Internal\mar2020\pickle_files\403c87b12a35306b410118d9bb041edbf79a885c.pkl,1
D:\08_Dataset\Internal\mar2020\pickle_files\c5e62c968d675b49811ddd80b94096da412fb4b9.pkl,1
D:\08_Dataset\Internal\mar2020\pickle_files\f4b245fda92eab0835d2dd3c81085ec2dae4d980.pkl,1
D:\08_Dataset\Internal\mar2020\pickle_files\c8e7d98a8d5faf48dab84d734aa279b0850ed00d.pkl,1
D:\08_Dataset\Internal\mar2020\pickle_files\b41d68d4f8220507312159a6fb320aa109f33843.pkl,1
D:\08_Dataset\Internal\mar2020\pickle_files\f872a660151559e8e51b7f7c469087ddf97d7c02.pkl,1
D:\08_Dataset\Internal\mar2020\pickle_files\2414bcb0f349f0ab447e1b2956bdc2adcff21cea.pkl,1
D:\08_Dataset\Internal\mar2020\pickle_files\5b143cd77415156bfc00325f1cd4008adb3db78e.pkl,1
D:\08_Dataset\Internal\mar2020\pickle_files\3f004760f133a7971430247ed64488c29ecff598.pkl,1
D:\08_Dataset\Internal\mar2020\pickle_files\72bbd6acd2ea9a4118c59c735f2d789a8d50bc36.pkl,1
D:\08_Dataset\Internal\mar2020\pickle_files\4dcb2eba9fe6677de390f21549da33595bea10a4.pkl,1
D:\08_Dataset\Internal\mar2020\pickle_files\821477379d877f24daa6ed1bc8716e113efa3b69.pkl,1
D:\08_Dataset\Internal\mar2020\pickle_files\00eb5be1d6dc390d6f38995d67966ad5566de8b4.pkl,1
D:\08_Dataset\Internal\mar2020\pickle_files\2c75872e08fd5fd7c9c11f4857edc09dff745cb0.pkl,1
D:\08_Dataset\Internal\mar2020\pickle_files\0a2581871dc9af0b7f17c48ce400876fc993ceb1.pkl,1
D:\08_Dataset\Internal\mar2020\pickle_files\469340911667b6d87168582c748ec6d515e08efa.pkl,1
D:\08_Dataset\Internal\mar2020\pickle_files\74256e9fab25892e7796eaeab7c45b74da9eca79.pkl,1
D:\08_Dataset\Internal\mar2020\pickle_files\a834bece039d3c6a46aef1e48475d7600163a896.pkl,1
D:\08_Dataset\Internal\mar2020\pickle_files\fdaa2dc0f850d27d1e9e65bfdfc57915ae2d4718.pkl,1
D:\08_Dataset\Internal\mar2020\pickle_files\a719cd96f0f2891693955c2bba33af96928d4878.pkl,1
D:\08_Dataset\Internal\mar2020\pickle_files\5a7f44e2c0164ad85ab76c1fcefe75b4780a5eb8.pkl,1
D:\08_Dataset\Internal\mar2020\pickle_files\386a8714f51229064abf4690f4c8a2184945cb2d.pkl,1
D:\08_Dataset\Internal\mar2020\pickle_files\835735b6b4a308e741f7802ff4f24cfd0d015f50.pkl,1
D:\08_Dataset\Internal\mar2020\pickle_files\4c1be72979da876fc942aeccfd05926a90c3daad.pkl,1
D:\08_Dataset\Internal\mar2020\pickle_files\2f9480320a732d04a50b366fcc86e402d869d604.pkl,1
D:\08_Dataset\Internal\mar2020\pickle_files\47f7e6aee3f9e807a605549a73c25bf60ba62eb9.pkl,1
D:\08_Dataset\Internal\mar2020\pickle_files\f75f42491eb30344ed4434da62da63954d44afce.pkl,1
D:\08_Dataset\Internal\mar2020\pickle_files\fd532842f749dc3050e036d7a6f2469ce104cac4.pkl,1
D:\08_Dataset\Internal\mar2020\pickle_files\c8a871f1e72322e94f2e26057a1661758ed9ca78.pkl,1
D:\08_Dataset\Internal\mar2020\pickle_files\f6f6a7a482c350c263b87bf3ac7aafb87c682891.pkl,1
D:\08_Dataset\Internal\mar2020\pickle_files\cadc3b662a690e3130918fee4bc1a4c7b49fe644.pkl,1
D:\08_Dataset\Internal\mar2020\pickle_files\9a6f86c4cdbd978596557e21386b7c06d2b01552.pkl,1
D:\08_Dataset\Internal\mar2020\pickle_files\e63485802cc524dc560c01a8033abe04cbd59649.pkl,1
D:\08_Dataset\Internal\mar2020\pickle_files\d4402628272a2b2ddbd11279282b7d7ff67d41a7.pkl,1
D:\08_Dataset\Internal\mar2020\pickle_files\736ff223d5539834697a6982eebcf9f718131d8c.pkl,1
D:\08_Dataset\Internal\mar2020\pickle_files\7d1b971adfe2b85fcfdba6ec090b0ccdffe044b4.pkl,1
D:\08_Dataset\Internal\mar2020\pickle_files\75d2d40be18f54274f2cfa8238eaee276ae5e842.pkl,1
D:\08_Dataset\Internal\mar2020\pickle_files\66a7066822040b554dd36f0ac9548d83cab184c4.pkl,1
D:\08_Dataset\Internal\mar2020\pickle_files\3881da826a7580ad05e2f82a7321bd15a9c526d1.pkl,1
D:\08_Dataset\Internal\mar2020\pickle_files\e3f4d4f0ebdb9f8684f48988cd2dd3cc52d411b0.pkl,1
D:\08_Dataset\Internal\mar2020\pickle_files\26bff587c58e167028b2160015e9e384ccc908b4.pkl,1
D:\08_Dataset\Internal\mar2020\pickle_files\f321294e3be9675bc52dd8e9b8ac0ad1e8497944.pkl,1
D:\08_Dataset\Internal\mar2020\pickle_files\3818bf57cb84b7660e77a17ad9c59957b4ad83f1.pkl,1
D:\08_Dataset\Internal\mar2020\pickle_files\6cd57c8335134edd0ebd09585f95ebb75555b5e2.pkl,1
D:\08_Dataset\Internal\mar2020\pickle_files\9c54dc6ecfe2e1f874d91356e7b515f50babf847.pkl,1
D:\08_Dataset\Internal\mar2020\pickle_files\bffda5aa4e9a4b03811c993bbb1e923873312a98.pkl,1
D:\08_Dataset\Internal\mar2020\pickle_files\6cf62948b0ccb00be30560f5d79fb9e9730fdd74.pkl,1
D:\08_Dataset\Internal\mar2020\pickle_files\ba86625fd70273f67e1d8bf741fcd1cf2fbd05b1.pkl,1
D:\08_Dataset\Internal\mar2020\pickle_files\09cd92f577e7adbfb302789a87c83ef062fc134a.pkl,1
D:\08_Dataset\Internal\mar2020\pickle_files\0beeaef69df4524d7f64d5e6a2a45840b511a05b.pkl,1
D:\08_Dataset\Internal\mar2020\pickle_files\6aba48c47009a3bb967ba34ad6fc0bad6c441557.pkl,1
D:\08_Dataset\Internal\mar2020\pickle_files\872d157c9c844636dda2f33be83540354e04f709.pkl,1
D:\08_Dataset\Internal\mar2020\pickle_files\8a1edbdb4820739fe2b55320cb5e8935fd11931d.pkl,1
D:\08_Dataset\Internal\mar2020\pickle_files\a57b345147a0a8e13b0b9de233fe3609d2b59f2b.pkl,1
D:\08_Dataset\Internal\mar2020\pickle_files\2128a76d28365bd34f078849f4cc00f1959238f1.pkl,1
D:\08_Dataset\Internal\mar2020\pickle_files\6c5d3abe67658cc7061f2c7055c89b8837031405.pkl,1
D:\08_Dataset\Internal\mar2020\pickle_files\4303c9bebe3ae270a59fa36635151180913fea5e.pkl,1
D:\08_Dataset\Internal\mar2020\pickle_files\dbfd3b6eb2dc7118c880e6e7fd3013cc0312955c.pkl,1
D:\08_Dataset\Internal\mar2020\pickle_files\56b60a09a54bb8bcf6e978f3a59cf3df780ebceb.pkl,1
D:\08_Dataset\Internal\mar2020\pickle_files\ad4ca7062bb1ac8a9b18e8c8bd01658e74dab530.pkl,1
D:\08_Dataset\Internal\mar2020\pickle_files\8f71ceb17223b2f5d431bf952345cd77482897f1.pkl,1
D:\08_Dataset\Internal\mar2020\pickle_files\7f3acfdf78815aac5b91fdab4596583f17bea4e0.pkl,1
D:\08_Dataset\Internal\mar2020\pickle_files\b12a692810dce4c9fdece8f9a1814149a0a592fa.pkl,1
D:\08_Dataset\Internal\mar2020\pickle_files\b2d0ba831e0494e22e47eaecefb63813f017ec72.pkl,1
D:\08_Dataset\Internal\mar2020\pickle_files\59c5443c643ec344063375f393ea1b6ec949e9cc.pkl,1
D:\08_Dataset\Internal\mar2020\pickle_files\4ae365a0ec1b8da82ba01569fb7e22a9a696cbd1.pkl,1
D:\08_Dataset\Internal\mar2020\pickle_files\b10c9e6afcc73ef65934025f478ea8c698a2332d.pkl,1
D:\08_Dataset\Internal\mar2020\pickle_files\b638288c01dec19428a9da1e3cfeb7e992c8af26.pkl,1
D:\08_Dataset\Internal\mar2020\pickle_files\8d87dd6bc3e8fcc4233e9f5d7aff82908a71abf2.pkl,1
D:\08_Dataset\Internal\mar2020\pickle_files\ae8474b52e391e9e7262ef91286038a50ab01909.pkl,1
D:\08_Dataset\Internal\mar2020\pickle_files\5238784c50981cb35c48703c2be44ed53404f814.pkl,1
D:\08_Dataset\Internal\mar2020\pickle_files\c9821e06207a31b04da914badee99c01c8d8b1a3.pkl,1
D:\08_Dataset\Internal\mar2020\pickle_files\73be94790d351815cf1bd8637a5ab337a4dfa2c1.pkl,1
D:\08_Dataset\Internal\mar2020\pickle_files\7d39fefb724c34eb5d6f5c3359b91edea5cc9819.pkl,1
D:\08_Dataset\Internal\mar2020\pickle_files\fe1d8c44117e629b53e51503dfec8df8dd82352a.pkl,1
D:\08_Dataset\Internal\mar2020\pickle_files\78b66e9ea06a264ceb76d19f7ee6ec8848f7cd64.pkl,1
D:\08_Dataset\Internal\mar2020\pickle_files\88ac1268998e4d668c15f113e5d0a642369a2756.pkl,1
D:\08_Dataset\Internal\mar2020\pickle_files\374eefe6e3fec9533486b836dba1623858224f3c.pkl,1
D:\08_Dataset\Internal\mar2020\pickle_files\80e69ed38c29df083bfbeb9d7d483de05057d597.pkl,1
D:\08_Dataset\Internal\mar2020\pickle_files\1f829557408e2689e3c88498f60a0dcab8014661.pkl,1
D:\08_Dataset\Internal\mar2020\pickle_files\8e0276d3bc776a043fbcc29e30ecba8a399712a9.pkl,1
D:\08_Dataset\Internal\mar2020\pickle_files\092bc2feda2cbe6fbbe4368fe2e524ea25e6a97e.pkl,1
D:\08_Dataset\Internal\mar2020\pickle_files\47fd71dad72ca8c883a23b95e2006aba5c520e66.pkl,1
D:\08_Dataset\Internal\mar2020\pickle_files\6fe6f9b3447dccdd14cd156027f06bca02df4c6e.pkl,1
D:\08_Dataset\Internal\mar2020\pickle_files\046630445be7f0394ca9a54e82741458c157270f.pkl,1
D:\08_Dataset\Internal\mar2020\pickle_files\01b7552e3bef067227d57f767d6bff8ff0922eba.pkl,1
D:\08_Dataset\Internal\mar2020\pickle_files\c3dc770d098794bf28e951abbfa7e12c15111205.pkl,1
D:\08_Dataset\Internal\mar2020\pickle_files\5296dd54bcb770e3d1ba62e092696bcb481c211b.pkl,1
D:\08_Dataset\Internal\mar2020\pickle_files\7de8e7f67d44b87b3d8d4805058549f41ef8b546.pkl,1
D:\08_Dataset\Internal\mar2020\pickle_files\22f28b650b6e91f6f02908d43c71ed4878a91aba.pkl,1
D:\08_Dataset\Internal\mar2020\pickle_files\bb7e26b1b44bf7e0828ed2c24a24b2aa76626887.pkl,1
D:\08_Dataset\Internal\mar2020\pickle_files\fc6b540b678c94ef9a8ba38d85a1db0a592b725a.pkl,1
D:\08_Dataset\Internal\mar2020\pickle_files\ccb17b1b5ecac84c364055c66067b6835ef487d5.pkl,1
D:\08_Dataset\Internal\mar2020\pickle_files\e89178b70fe09d1b372c5897aade61fa707e77fe.pkl,1
D:\08_Dataset\Internal\mar2020\pickle_files\6a0a36a828b94ff45845fd965108569ff7043e62.pkl,1
D:\08_Dataset\Internal\mar2020\pickle_files\d60b447f17da9744e3c1b67baff981764e50a41c.pkl,1
D:\08_Dataset\Internal\mar2020\pickle_files\d1174f0071de59fc15f3912a7d85e93376e0a3af.pkl,1
D:\08_Dataset\Internal\mar2020\pickle_files\621dbf4e6e0dae37ed11a6d4b48553edb24a9ae7.pkl,1
D:\08_Dataset\Internal\mar2020\pickle_files\84d7e5dc213d6a97a2f49d143cb0854f22125fce.pkl,1
D:\08_Dataset\Internal\mar2020\pickle_files\c1d47c6e4b2cee140fa9ef8f557bbb272063f84c.pkl,1
D:\08_Dataset\Internal\mar2020\pickle_files\af237793ac579c8a3fb8a717c9a1266212f53d2a.pkl,1
D:\08_Dataset\Internal\mar2020\pickle_files\6898ae2b614fa58d835a6ac76310cc964baefcda.pkl,1
D:\08_Dataset\Internal\mar2020\pickle_files\069e2945f5783bf39c1929105729b8a4885a58a9.pkl,1
D:\08_Dataset\Internal\mar2020\pickle_files\24a52450d5447b9e2f7c7bcaea4a7a885f0686d4.pkl,1
D:\08_Dataset\Internal\mar2020\pickle_files\44e00c7248a6ec17a0e18b831c327e7856fe8e7b.pkl,1
D:\08_Dataset\Internal\mar2020\pickle_files\27667f13637d91ee8d0dc19a3ace89b745fc3429.pkl,1
D:\08_Dataset\Internal\mar2020\pickle_files\5fcef33bd36c4ddc56438a42af267d9c30c3045f.pkl,1
D:\08_Dataset\Internal\mar2020\pickle_files\f3d45386ecfdd5319c4b6268f398a060b6a65926.pkl,1
D:\08_Dataset\Internal\mar2020\pickle_files\ec2bc6c6ee4b781fc6305f80e9ee825377f7dcd1.pkl,1
D:\08_Dataset\Internal\mar2020\pickle_files\e666e9f05969477498b6abbb1ea1d4ab7f0ade53.pkl,1
D:\08_Dataset\Internal\mar2020\pickle_files\17bd21b0185f247642ca0f7c116acb1c388755b3.pkl,1
D:\08_Dataset\Internal\mar2020\pickle_files\a1d11ea8aac246308c49a1e61eb15dac496f981e.pkl,1
D:\08_Dataset\Internal\mar2020\pickle_files\da946c9613a7bd30837b77fbb2f9ccf8c64db08d.pkl,1
D:\08_Dataset\Internal\mar2020\pickle_files\a3b7378b4b480b21f0e4b98a9fbb207d40c88be5.pkl,1
D:\08_Dataset\Internal\mar2020\pickle_files\59a6543bdd88f8572dc0be27ceb754bb33e1133c.pkl,1
D:\08_Dataset\Internal\mar2020\pickle_files\bf8a0be485300475e66f7447e2c44f8a600e8ae6.pkl,1
D:\08_Dataset\Internal\mar2020\pickle_files\78a3f5ba6f9b21cc9e7d1112c6f164df7d9d0af7.pkl,1
D:\08_Dataset\Internal\mar2020\pickle_files\8dc75b8cf40319d67a3e481a4c17f012612f28be.pkl,1
D:\08_Dataset\Internal\mar2020\pickle_files\cd6a28d0b78f145b7803cc0613aab38c8934136d.pkl,1
D:\08_Dataset\Internal\mar2020\pickle_files\374088d78b0fb46e49fca71c33dd17cb906c2613.pkl,1
D:\08_Dataset\Internal\mar2020\pickle_files\794a7973f9fbcf36d8bed88ca52188589dc5f572.pkl,1
D:\08_Dataset\Internal\mar2020\pickle_files\ac7cbf6f6c2dda43a2cb563ac37c91ee7db1888d.pkl,1
D:\08_Dataset\Internal\mar2020\pickle_files\fec5a2664f2bd18e617cffffeada7b82a1588648.pkl,1
D:\08_Dataset\Internal\mar2020\pickle_files\99ed2384a4772b31d552ce1e4236b2baf22806f9.pkl,1
D:\08_Dataset\Internal\mar2020\pickle_files\e3195ae9f84e1c45ac09d16e3f23972e47da7e0d.pkl,1
D:\08_Dataset\Internal\mar2020\pickle_files\29929ff87ced0b43b01839542011a9fed2bd47e6.pkl,1
D:\08_Dataset\Internal\mar2020\pickle_files\a42b45f6fc4f82ef73919def0ff812f18b9ab854.pkl,1
D:\08_Dataset\Internal\mar2020\pickle_files\f6c7ca7656b358f2098a889a77d6b2f0dda91a40.pkl,1
D:\08_Dataset\Internal\mar2020\pickle_files\2bdb66a6f0432ee38a26efb8519120c87c66ead8.pkl,1
D:\08_Dataset\Internal\mar2020\pickle_files\6ef118a6691c09c09d2ee9c5702c7ed42f526917.pkl,1
D:\08_Dataset\Internal\mar2020\pickle_files\ee3e1b6f7a280253ad29a2a09837a4fed18ac846.pkl,1
D:\08_Dataset\Internal\mar2020\pickle_files\b05914f13be025370326aec462cc39aac8a0a445.pkl,1
D:\08_Dataset\Internal\mar2020\pickle_files\370b51dff63d155de189afd5fc8f3c2b5ec54599.pkl,1
D:\08_Dataset\Internal\mar2020\pickle_files\90329e766294939bb137c949539d7d64eab95ab6.pkl,1
D:\08_Dataset\Internal\mar2020\pickle_files\160da4cca0021b01b84ac24e12fa9034a07a98cc.pkl,1
D:\08_Dataset\Internal\mar2020\pickle_files\cc25d94e66881d8c82f249068af90e40a32ed95e.pkl,1
D:\08_Dataset\Internal\mar2020\pickle_files\d7db69ff60fc3fae9faa7e7295f24e4080acda28.pkl,1
D:\08_Dataset\Internal\mar2020\pickle_files\aaa46b6a5d0d202a6869707470504c947a10f769.pkl,1
D:\08_Dataset\Internal\mar2020\pickle_files\d9d7f198d8510b02a62ac9eb8c646629af7dea38.pkl,1
D:\08_Dataset\Internal\mar2020\pickle_files\18507be792ec3aeeb23f01f941de97cef43d5044.pkl,1
D:\08_Dataset\Internal\mar2020\pickle_files\3620a11e21b7e520ccecc2908c932cd282eabf89.pkl,1
D:\08_Dataset\Internal\mar2020\pickle_files\271b2a19292d22a9cf8cd45f866e3e8322c6452b.pkl,1
D:\08_Dataset\Internal\mar2020\pickle_files\da5bc0d44a6c4b80ad938085e6ffcad7bed11fc9.pkl,1
D:\08_Dataset\Internal\mar2020\pickle_files\82cb3581c5b0eb1b172e127f447923a1edc3a70d.pkl,1
D:\08_Dataset\Internal\mar2020\pickle_files\700fd1ec191070ab1b18207c30c95bb1f0e29563.pkl,1
D:\08_Dataset\Internal\mar2020\pickle_files\dd8ef7f4b1baf9f6d4d64d108e3c72d1538e24b7.pkl,1
D:\08_Dataset\Internal\mar2020\pickle_files\fce9ed267236add166f2b8fdee8b6fb0c8f7bdd7.pkl,1
D:\08_Dataset\Internal\mar2020\pickle_files\b63db74d4a371b6bab0d70412ffa141ad0b52600.pkl,1
D:\08_Dataset\Internal\mar2020\pickle_files\29c0d1215c1ce34de0dcf86376633d88a317c509.pkl,1
D:\08_Dataset\Internal\mar2020\pickle_files\3620b2c98469d26de2c2f1d7681ce239065e7ed4.pkl,1
D:\08_Dataset\Internal\mar2020\pickle_files\79aec40e8d2f390e7aab19f64d76e0f9016c4912.pkl,1
D:\08_Dataset\Internal\mar2020\pickle_files\c28f912ea326ae65b916789c69cf7bd40fb23894.pkl,1
D:\08_Dataset\Internal\mar2020\pickle_files\1db99fc6bdcf019b8202c5c4afe544e7b548f375.pkl,1
D:\08_Dataset\Internal\mar2020\pickle_files\6f6b6c014a00adc0996dc6243b5e66de1da495c3.pkl,1
D:\08_Dataset\Internal\mar2020\pickle_files\5aa59942e5a98360d7e51bf2ec8eec0fd0aa8950.pkl,1
D:\08_Dataset\Internal\mar2020\pickle_files\e512abe1d43d15263f9ad6fae2d89232bcf5a737.pkl,1
D:\08_Dataset\Internal\mar2020\pickle_files\d713053f7f158e0ef083c7e8ba66cb3f20873176.pkl,1
D:\08_Dataset\Internal\mar2020\pickle_files\7bb55906cda3ae682d7ccca45193850398ac6210.pkl,1
D:\08_Dataset\Internal\mar2020\pickle_files\aaaff6645bb5ea2971169e14eff58dc5ff194ade.pkl,1
D:\08_Dataset\Internal\mar2020\pickle_files\7f9e7658263017fc4d6ff0060993c291c11403e0.pkl,1
D:\08_Dataset\Internal\mar2020\pickle_files\f634a28bb8bc9943181afc795e3bdf0faf23cfd0.pkl,1
D:\08_Dataset\Internal\mar2020\pickle_files\378e4737fd314a91e52c4a6698d661d40a5ccb36.pkl,1
D:\08_Dataset\Internal\mar2020\pickle_files\8a7986b6e8534378c66c22c5c95739ec331913b7.pkl,1
D:\08_Dataset\Internal\mar2020\pickle_files\9fba23a11db342af3a6b33f1e1581a4d3e2437cd.pkl,1
D:\08_Dataset\Internal\mar2020\pickle_files\410a0f098e7c9909757e60af74a319fa76d5e37c.pkl,1
D:\08_Dataset\Internal\mar2020\pickle_files\67f94c2fe86a163186fb51b378d1e05ce253d8ee.pkl,1
D:\08_Dataset\Internal\mar2020\pickle_files\a034699efdaa4fe041e907bef0fec3fe6f32b373.pkl,1
D:\08_Dataset\Internal\mar2020\pickle_files\c181a8265be5d16a8e4ea7b2b0b634b992122bf4.pkl,1
D:\08_Dataset\Internal\mar2020\pickle_files\da407f852f292620f8f06a3f3bb61c68d59e7650.pkl,1
D:\08_Dataset\Internal\mar2020\pickle_files\14eb571127c66a6427a6e632d90efdf583a0b47f.pkl,1
D:\08_Dataset\Internal\mar2020\pickle_files\fe3cb6738d2fe748b0bd9e7bcadda1c5fe997d2e.pkl,1
D:\08_Dataset\Internal\mar2020\pickle_files\464819a3fca302f3a7437c7ddc1e29f43db6c058.pkl,1
D:\08_Dataset\Internal\mar2020\pickle_files\f69d41685bc5eb7443ac8e6fa37d3d0e5e8a465f.pkl,1
D:\08_Dataset\Internal\mar2020\pickle_files\b381bd6a8764f9813651fb2cbd0b2045f1bb3974.pkl,1
D:\08_Dataset\Internal\mar2020\pickle_files\d9072c17b58234263b658f6fbd52456e2cfebe22.pkl,1
D:\08_Dataset\Internal\mar2020\pickle_files\04f90eb3d8a1f3115130609738ac844373f7c602.pkl,1
D:\08_Dataset\Internal\mar2020\pickle_files\290aec670f69483ba05cfe1b2d5a6e84712fa0b2.pkl,1
D:\08_Dataset\Internal\mar2020\pickle_files\8303aa54ceb6e9a38a36fc523ddee48af7039d9f.pkl,1
D:\08_Dataset\Internal\mar2020\pickle_files\8eb56437e02d240a1653908caeefda47b3b6030a.pkl,1
D:\08_Dataset\Internal\mar2020\pickle_files\8ca7a69c36846d721ad14342885370d6ef7a88b8.pkl,1
D:\08_Dataset\Internal\mar2020\pickle_files\cd5d2209855f17c6b42608c340115caa7f13e0f3.pkl,1
D:\08_Dataset\Internal\mar2020\pickle_files\b48bf5331807a6dca30bbdb33bb5952937079817.pkl,1
D:\08_Dataset\Internal\mar2020\pickle_files\7e29b4276650e88b51345e82148fa5aa092ad309.pkl,1
D:\08_Dataset\Internal\mar2020\pickle_files\b0a4e29d3c17e76272ee8e0aceafebea90b81d2d.pkl,1
D:\08_Dataset\Internal\mar2020\pickle_files\21a3ff3475a3c06abace93a1a950b76be5769a71.pkl,1
D:\08_Dataset\Internal\mar2020\pickle_files\253b625b4b86fcd6b7a34fd34de36ee88e2f2666.pkl,1
D:\08_Dataset\Internal\mar2020\pickle_files\a7545c9b2e4846e0e788bf18c10fcd8ff22bd11d.pkl,1
D:\08_Dataset\Internal\mar2020\pickle_files\b7a979252f2a6148158ec7f1e83dec777dbfb8b2.pkl,1
D:\08_Dataset\Internal\mar2020\pickle_files\24b1b855b1b30485b25c76d3077873669ba09cd5.pkl,1
D:\08_Dataset\Internal\mar2020\pickle_files\e4eceebb59bc6076e42de26978dee5316bee3da8.pkl,1
D:\08_Dataset\Internal\mar2020\pickle_files\b70cfb2fca2099dd338b669da3fc6477389d793a.pkl,1
D:\08_Dataset\Internal\mar2020\pickle_files\d956ad61d784714231e07c004615bb272ff995d4.pkl,1
D:\08_Dataset\Internal\mar2020\pickle_files\3b453b67f2db96cb09de0f082fe589a96319b0fd.pkl,1
D:\08_Dataset\Internal\mar2020\pickle_files\db0b4369edbe33473796f8737222852fb9c6c789.pkl,1
D:\08_Dataset\Internal\mar2020\pickle_files\d7727851f123aa0b1f58b6492a845baf4c701e55.pkl,1
D:\08_Dataset\Internal\mar2020\pickle_files\e8f86924396d78967b3aad8029b56b0aa36a49b6.pkl,1
D:\08_Dataset\Internal\mar2020\pickle_files\6b76cb2bd6412455e571dc70e2fe9eabaaf29c24.pkl,1
D:\08_Dataset\Internal\mar2020\pickle_files\5377afdca3451bde593203a18e2f147176c487d4.pkl,1
D:\08_Dataset\Internal\mar2020\pickle_files\5b163cb4ec073d5edeccd721615cb3172046f4d1.pkl,1
D:\08_Dataset\Internal\mar2020\pickle_files\9deb93f117b9c400f1fb706c7674f1b472e37c2a.pkl,1
D:\08_Dataset\Internal\mar2020\pickle_files\358aac15ca58c6b690917984df988e380f6c9a9c.pkl,1
D:\08_Dataset\Internal\mar2020\pickle_files\eabb6f37496ab12124ff32bfe0727175160a45da.pkl,1
D:\08_Dataset\Internal\mar2020\pickle_files\23e640fd20615ec92c4fc27c92af53c80dda97b8.pkl,1
D:\08_Dataset\Internal\mar2020\pickle_files\2b8c928e50c9f254960f58e18ac000f8ad9e6e05.pkl,1
D:\08_Dataset\Internal\mar2020\pickle_files\ca0b3dcff14b923f18cf7ab88bf09bb201f6a538.pkl,1
D:\08_Dataset\Internal\mar2020\pickle_files\c8415a7ba8b39c1758310f5d314d0f3ab122c0ff.pkl,1
D:\08_Dataset\Internal\mar2020\pickle_files\e6c521135cc1d3efe85d60b409afed176e74d109.pkl,1
D:\08_Dataset\Internal\mar2020\pickle_files\d1d8cf83f6785567dcfc79950f1ed3cf620f92ee.pkl,1
D:\08_Dataset\Internal\mar2020\pickle_files\58dd9fdbc384fae9a1e8a4a9c1406c148f684653.pkl,1
D:\08_Dataset\Internal\mar2020\pickle_files\cd5fd258434ba9b791536a3d2185caa66f5f7d59.pkl,1
D:\08_Dataset\Internal\mar2020\pickle_files\29c16085490bbeadc602e099c7e14a7ba7ad69f9.pkl,1
D:\08_Dataset\Internal\mar2020\pickle_files\5ddf70ddac83ad9d3cd04cd389d44237053a4664.pkl,1
D:\08_Dataset\Internal\mar2020\pickle_files\2ddb0196460bfb038b5e9096d6d97b6680e97899.pkl,1
D:\08_Dataset\Internal\mar2020\pickle_files\48809e40f1cb98e2eb86747c090f048209f355b4.pkl,1
D:\08_Dataset\Internal\mar2020\pickle_files\7e02e021e3d1e774ec8f0f6a28b016989d8598f2.pkl,1
D:\08_Dataset\Internal\mar2020\pickle_files\28c835e40340e7cb355bc0ca1740b726929be3f1.pkl,1
D:\08_Dataset\Internal\mar2020\pickle_files\c50d5cd2cd39c5c4b2b3ac2e7707b9ff63b86b15.pkl,1
D:\08_Dataset\Internal\mar2020\pickle_files\268a95d027841d596f8711ef3ea0513b8bf5e128.pkl,1
D:\08_Dataset\Internal\mar2020\pickle_files\9eada3b19be5cc8d2697c93375960d334a494928.pkl,1
D:\08_Dataset\Internal\mar2020\pickle_files\3cc9649138bd18931cc69699d9c60a17248df086.pkl,1
D:\08_Dataset\Internal\mar2020\pickle_files\c88b170cfb8307f5f12474bbc124f1243e4f8b8d.pkl,1
D:\08_Dataset\Internal\mar2020\pickle_files\e6e3dc7d6be3c1524d4388c7736c2d5f2000679b.pkl,1
D:\08_Dataset\Internal\mar2020\pickle_files\3b7e6c390de3ee7294c336210a7d1e7632d4f9fb.pkl,1
D:\08_Dataset\Internal\mar2020\pickle_files\78c91e593eb4565f115b78ac4872a7decb9fe215.pkl,1
D:\08_Dataset\Internal\mar2020\pickle_files\e98009c35e06ab65b45c22795224c56e921c3b68.pkl,1
D:\08_Dataset\Internal\mar2020\pickle_files\21517e73b8bdcd16241c7ebd1d58ade3e5a19a20.pkl,1
D:\08_Dataset\Internal\mar2020\pickle_files\3c6273c127ba772159681fab062750e5dce648bd.pkl,1
D:\08_Dataset\Internal\mar2020\pickle_files\f1dfdbab48342a2e0d1620374937d1cce2096cfe.pkl,1
D:\08_Dataset\Internal\mar2020\pickle_files\8fc2089c8994b5bdefd5ede6746839fd9a02ff5c.pkl,1
D:\08_Dataset\Internal\mar2020\pickle_files\69f36c2958f5949441c62921e0eed8e3c54819dd.pkl,1
D:\08_Dataset\Internal\mar2020\pickle_files\4f5e0494576fbb31a1ca15dc3d4b2bb02e4c9c22.pkl,1
D:\08_Dataset\Internal\mar2020\pickle_files\341dc118ac50000f590f4ce530f90a52bc3fb287.pkl,1
D:\08_Dataset\Internal\mar2020\pickle_files\fadb0dc7c8267045783853d933ebb0d7ae6ff247.pkl,1
D:\08_Dataset\Internal\mar2020\pickle_files\6967be10786ee53cc2554ddac5bb84d0d6024822.pkl,1
D:\08_Dataset\Internal\mar2020\pickle_files\7c64584f03fb0f4372d309e83306bc45bb6ea526.pkl,1
D:\08_Dataset\Internal\mar2020\pickle_files\21660c88ccdace435ad50f42b61d224f13b577b4.pkl,1
D:\08_Dataset\Internal\mar2020\pickle_files\5217f0d7a36054ccccf28eb54efab8a8c17507a8.pkl,1
D:\08_Dataset\Internal\mar2020\pickle_files\ded1a0085c47fa23cdda55f4d9cfb35133261d6d.pkl,1
D:\08_Dataset\Internal\mar2020\pickle_files\fd4b6f12d30cf25bbafe55263920baa9e5b3bfc3.pkl,1
D:\08_Dataset\Internal\mar2020\pickle_files\11f0aeff4bd412ad8fca6e150ca57dfae90d28ff.pkl,1
D:\08_Dataset\Internal\mar2020\pickle_files\a38dc2c21e6f6ff43d6bc65412c2fa418eee5bc2.pkl,1
D:\08_Dataset\Internal\mar2020\pickle_files\820cb4d16bdac051b008d8fb1a53d59a1cce200a.pkl,1
D:\08_Dataset\Internal\mar2020\pickle_files\c0c41b5ef273a17914101250a90589995fef2baf.pkl,1
D:\08_Dataset\Internal\mar2020\pickle_files\1691fc572e86b025f169a18045c44750460e85e8.pkl,1
D:\08_Dataset\Internal\mar2020\pickle_files\d492a916a429c68e7966d8cd1778c1bc9e45e24d.pkl,1
D:\08_Dataset\Internal\mar2020\pickle_files\775d7d0b13944bc420bbf2cb35802257ea006eff.pkl,1
D:\08_Dataset\Internal\mar2020\pickle_files\c22be5923a334a994030f2288f31f0242f9bb8d8.pkl,1
D:\08_Dataset\Internal\mar2020\pickle_files\1eedeb1874a837788a9d799bb45715a649602040.pkl,1
D:\08_Dataset\Internal\mar2020\pickle_files\ca2101a6110dc62459030ed9e98a526c7de85b90.pkl,1
D:\08_Dataset\Internal\mar2020\pickle_files\10d92470840ffd15ef2b3f092b78b8b25ee8fc3e.pkl,1
D:\08_Dataset\Internal\mar2020\pickle_files\e6eb78b7fc9029a3842b84d2cc933fed6d23912e.pkl,1
D:\08_Dataset\Internal\mar2020\pickle_files\f2817d3c415eb99e9b06e0522598b349e1f72c6d.pkl,1
D:\08_Dataset\Internal\mar2020\pickle_files\029e8a4ca55b1a47afbf6be28dd0a8e3a71da0df.pkl,1
D:\08_Dataset\Internal\mar2020\pickle_files\82c0dc328b1b55bfecdf2365add6c204aeae7b4e.pkl,1
D:\08_Dataset\Internal\mar2020\pickle_files\09bac7b1d51985b5cfd91b5e0bed708229540ed9.pkl,1
D:\08_Dataset\Internal\mar2020\pickle_files\d28cb508310b2bd82286b90fb82b479e43323d4a.pkl,1
D:\08_Dataset\Internal\mar2020\pickle_files\0560feecb501ac0882662746a9b02dcec6da4276.pkl,1
D:\08_Dataset\Internal\mar2020\pickle_files\27217643918c3e98a0674cfd706091366167f63f.pkl,1
D:\08_Dataset\Internal\mar2020\pickle_files\f55b90efb9637d270b2514fcb3327c95c8d4573f.pkl,1
D:\08_Dataset\Internal\mar2020\pickle_files\bb4f2c00e3f1f96186c60c41bda2ab651faaa090.pkl,1
D:\08_Dataset\Internal\mar2020\pickle_files\7ff183667f0053a50e6281843f09402a0b6666ad.pkl,1
D:\08_Dataset\Internal\mar2020\pickle_files\bedaba1c640255bbc29742ea0f6057562f8754bc.pkl,1
D:\08_Dataset\Internal\mar2020\pickle_files\ebb1dcd42dc6b08683a88c20182e3444bc0c244d.pkl,1
D:\08_Dataset\Internal\mar2020\pickle_files\22623808fae6925ee7b24ec8def7d08e671119a5.pkl,1
D:\08_Dataset\Internal\mar2020\pickle_files\89f85cfc6304a2065a2a425e9bbb926c45c16b55.pkl,1
D:\08_Dataset\Internal\mar2020\pickle_files\a696c4728b2bf70c0800ea1eebafde350aa64be1.pkl,1
D:\08_Dataset\Internal\mar2020\pickle_files\c1caec9f2ddd8c400a4acf6f2ae8de9ac2927253.pkl,1
D:\08_Dataset\Internal\mar2020\pickle_files\2a9c6e2e9dfce2085228831d4a012d2118135c3c.pkl,1
D:\08_Dataset\Internal\mar2020\pickle_files\8be18235065b0cbc40842e5a02a8cb40464bdc64.pkl,1
D:\08_Dataset\Internal\mar2020\pickle_files\1dcea7452f6f6c5cfa8774bfa299cc235584b75b.pkl,1
D:\08_Dataset\Internal\mar2020\pickle_files\9a47adbebc70906005023eeb9c1eb132ca0c60a8.pkl,1
D:\08_Dataset\Internal\mar2020\pickle_files\23edb5eebab49c10cb3037b2191f468ead9fbca4.pkl,1
D:\08_Dataset\Internal\mar2020\pickle_files\034b74dde0b39e2c4af4a47e25b14e1c53f48c83.pkl,1
D:\08_Dataset\Internal\mar2020\pickle_files\8a5d005a6954e495e264f6da09150061635481d8.pkl,1
D:\08_Dataset\Internal\mar2020\pickle_files\bc43e0e57351ad6bd74eab6dcf056b0029ebbaf7.pkl,1
D:\08_Dataset\Internal\mar2020\pickle_files\4576b37c5d24d7e251c4c2350a804e90cd4b06ec.pkl,1
D:\08_Dataset\Internal\mar2020\pickle_files\e3fdf4279e58b3393f064463779304a3e7201205.pkl,1
D:\08_Dataset\Internal\mar2020\pickle_files\8ce5edfeb225668c029739e0f5bf4e92d571b754.pkl,1
D:\08_Dataset\Internal\mar2020\pickle_files\2b35f647721af0baca9a9f9afd56be4dc8a3a4b2.pkl,1
D:\08_Dataset\Internal\mar2020\pickle_files\530faa83e721218bad1bf51dce57fcd4ffa3fbae.pkl,1
D:\08_Dataset\Internal\mar2020\pickle_files\5284f94c9762bdb3c74cbd7de3f56f278df7f674.pkl,1
D:\08_Dataset\Internal\mar2020\pickle_files\108ffc1847efd498357b1efbf2c5025e1abdf6c4.pkl,1
D:\08_Dataset\Internal\mar2020\pickle_files\bcc3cba8a1c7b0671c2e377d4e71cde27bcee5b9.pkl,1
D:\08_Dataset\Internal\mar2020\pickle_files\9350fcd6d2bbb66468b7a91f8a12d2f1aa2aa40a.pkl,1
D:\08_Dataset\Internal\mar2020\pickle_files\69320edcb70ff3525e1b2707629595c69aabc054.pkl,1
D:\08_Dataset\Internal\mar2020\pickle_files\75855c3ad5ba48ecdcb9c9c286e58ad360dc237f.pkl,1
D:\08_Dataset\Internal\mar2020\pickle_files\5eb98eaa1661ffc3530ef1190d39eff6a3a35440.pkl,1
D:\08_Dataset\Internal\mar2020\pickle_files\08284a325a24f4851c87c5efe212a7a058d1d655.pkl,1
D:\08_Dataset\Internal\mar2020\pickle_files\1804d27df71f188d1419f12058717e713192c82e.pkl,1
D:\08_Dataset\Internal\mar2020\pickle_files\cfd4ebbdc30fd19aa5e46581bbb8aa604949fbce.pkl,1
D:\08_Dataset\Internal\mar2020\pickle_files\5fa7fdbcf8028cae8b9e22ab08d07d97419051f8.pkl,1
D:\08_Dataset\Internal\mar2020\pickle_files\22b576ba044dac6329c0c231961551e3487b26c9.pkl,1
D:\08_Dataset\Internal\mar2020\pickle_files\ba83b38683027b622d2ae191373ae75b9d260a58.pkl,1
D:\08_Dataset\Internal\mar2020\pickle_files\17f4462bb3c141aaf67a8d40c810cda082faebee.pkl,1
D:\08_Dataset\Internal\mar2020\pickle_files\34ea75b12d97641eea2bcf1a0874bc3d3d0e172b.pkl,1
D:\08_Dataset\Internal\mar2020\pickle_files\e40d721286c1d0f8359c0ea07ecfd93fe364ba56.pkl,1
D:\08_Dataset\Internal\mar2020\pickle_files\322f7c0931e075f3234e0f61dc1a04c89bc99b2c.pkl,1
D:\08_Dataset\Internal\mar2020\pickle_files\aff98847fca6a2008dfaaa725dd777e3717ab03f.pkl,1
D:\08_Dataset\Internal\mar2020\pickle_files\b6f9d1b58c5a213ed7a4b2a0b0b2c95327a27b9d.pkl,1
D:\08_Dataset\Internal\mar2020\pickle_files\555d56fce7b971866e3567f1f66a377218bbbde7.pkl,1
D:\08_Dataset\Internal\mar2020\pickle_files\ca21ed056d2425e4a88e311c69fdf6c3e8f59e0e.pkl,1
D:\08_Dataset\Internal\mar2020\pickle_files\9fdd1c0e7703b6d942fc1f5854fa2448e39c2c5f.pkl,1
D:\08_Dataset\Internal\mar2020\pickle_files\8d78c9ccff3b1e85d31aa76c6777801c5f75fc77.pkl,1
D:\08_Dataset\Internal\mar2020\pickle_files\adbbfd413bfc2632a31c3facff8d4d3d4ca3325f.pkl,1
D:\08_Dataset\Internal\mar2020\pickle_files\de8e935867f315b5cafce1a31528ffcc2325db4c.pkl,1
D:\08_Dataset\Internal\mar2020\pickle_files\d13460717f7d18142b012620f624c851f94e7c09.pkl,1
D:\08_Dataset\Internal\mar2020\pickle_files\b859fbf3faaf8e7060843e0a70c3084dc058983f.pkl,1
D:\08_Dataset\Internal\mar2020\pickle_files\93ca832e5900101664255b0a460c18c89e36125d.pkl,1
D:\08_Dataset\Internal\mar2020\pickle_files\7b0c84e01f91af880bc38cf341ec5bdba0c953ab.pkl,1
D:\08_Dataset\Internal\mar2020\pickle_files\2f925f2a711115a450c4075c8944d9ec440c849e.pkl,1
D:\08_Dataset\Internal\mar2020\pickle_files\2759a8f4c4378c172deebf79f6d4c812f50b1cf8.pkl,1
D:\08_Dataset\Internal\mar2020\pickle_files\2c2a5603ec772520b31c739e3e8a4a06f71e7f97.pkl,1
D:\08_Dataset\Internal\mar2020\pickle_files\522440ffc9865a73e059c4a58957fe3ccec284c5.pkl,1
D:\08_Dataset\Internal\mar2020\pickle_files\d4b897914a1a629b83f1bc43b7cd2242d1f2d449.pkl,1
D:\08_Dataset\Internal\mar2020\pickle_files\f4d1ad00c0a4e7f4e2dd2bf3dd0598f0e4520422.pkl,1
D:\08_Dataset\Internal\mar2020\pickle_files\c8ba70b2fbdd73956d9430b89308792fb232c828.pkl,1
D:\08_Dataset\Internal\mar2020\pickle_files\7fab7d82ea3db72ff24dd8d00036342c4fd755fe.pkl,1
D:\08_Dataset\Internal\mar2020\pickle_files\955f08d6948a280fac227c8a22d8727ba017c07e.pkl,1
D:\08_Dataset\Internal\mar2020\pickle_files\360574d7463eef823985abdf50ca9e26ba13c94d.pkl,1
D:\08_Dataset\Internal\mar2020\pickle_files\12793f5f47b00199c112211ca5632447f696e489.pkl,1
D:\08_Dataset\Internal\mar2020\pickle_files\a423292b38bd23c18e2b54d6d1517412c01e9699.pkl,1
D:\08_Dataset\Internal\mar2020\pickle_files\708e79d6592ea3313e7248c4f2ac746d9fc0fdd4.pkl,1
D:\08_Dataset\Internal\mar2020\pickle_files\9fed7ae07251c43538e734eb34b0100946668f58.pkl,1
D:\08_Dataset\Internal\mar2020\pickle_files\585f6476d02cc5bac804d96fa598af3308f95a48.pkl,1
D:\08_Dataset\Internal\mar2020\pickle_files\10c771dd423fbca228a4aa9ff777230685a14d68.pkl,1
D:\08_Dataset\Internal\mar2020\pickle_files\529d52a50246e976d9f50b6fef23cee581b2dd06.pkl,1
D:\08_Dataset\Internal\mar2020\pickle_files\1187fed7882f90f0ce1328705b17316996cc91ba.pkl,1
D:\08_Dataset\Internal\mar2020\pickle_files\3161598b5a2685a82ca7dbfd8264b971e45995ce.pkl,1
D:\08_Dataset\Internal\mar2020\pickle_files\0d30cd640a224a53ad454be984b8229e7136fe41.pkl,1
D:\08_Dataset\Internal\mar2020\pickle_files\ef204af3fef7edb564fa23198f6562bb03546cf2.pkl,1
D:\08_Dataset\Internal\mar2020\pickle_files\6c1e3d7e810d4dd744c0cae58fb3359b512b4d88.pkl,1
D:\08_Dataset\Internal\mar2020\pickle_files\d54fd73416c6ba5e23746ebb200b0dc0ee3d9110.pkl,1
D:\08_Dataset\Internal\mar2020\pickle_files\691203f21d9be8c31d09f77506c9c86eda450a81.pkl,1
D:\08_Dataset\Internal\mar2020\pickle_files\82ed46b07a738a488eb9893bf3707af1ba57a9af.pkl,1
D:\08_Dataset\Internal\mar2020\pickle_files\b292a00cb04a62613addb12645ed34f5c466e8f1.pkl,1
D:\08_Dataset\Internal\mar2020\pickle_files\0854deef62a7a43414ace1209beb4a8e2e5c32fb.pkl,1
D:\08_Dataset\Internal\mar2020\pickle_files\be93bcdd632daedc20ea88aeba80ee47f360d66d.pkl,1
D:\08_Dataset\Internal\mar2020\pickle_files\76d00bd8fc9e4ef19ee438be83dafba8d0dee690.pkl,1
D:\08_Dataset\Internal\mar2020\pickle_files\2cf75b508da34708d283f76231f57291e3490866.pkl,1
D:\08_Dataset\Internal\mar2020\pickle_files\f6a8557261aef7d88e29f0f79535ea661b43b8c7.pkl,1
D:\08_Dataset\Internal\mar2020\pickle_files\057c2e1d57f745b298951d91378c24263c8ca2ab.pkl,1
D:\08_Dataset\Internal\mar2020\pickle_files\f452cfd12d6b5bfb7d8c9a5fae5ef57d2ad29ec4.pkl,1
D:\08_Dataset\Internal\mar2020\pickle_files\8af58f0e9f6a346f2f53b0b3d8331d3b096514bf.pkl,1
D:\08_Dataset\Internal\mar2020\pickle_files\6eada990d09594a5a28265313c9234ee93fae057.pkl,1
D:\08_Dataset\Internal\mar2020\pickle_files\764ca43fd5a497632795bc28c805b11dbc8b761b.pkl,1
D:\08_Dataset\Internal\mar2020\pickle_files\9464d27f76e9175bed4afb06831e44790d46f64d.pkl,1
D:\08_Dataset\Internal\mar2020\pickle_files\38fd323095046207425354d9477a11553c908474.pkl,1
D:\08_Dataset\Internal\mar2020\pickle_files\7237b24814c449a62670f13f3956e06f5e934fc4.pkl,1
D:\08_Dataset\Internal\mar2020\pickle_files\b2dec1a85b662f9d0aadc24a94d87a6d1cf88e55.pkl,1
D:\08_Dataset\Internal\mar2020\pickle_files\6bbdb8777e73c37ece5fc7e1c8e4373a175f8a61.pkl,1
D:\08_Dataset\Internal\mar2020\pickle_files\8412e1105b6fb3aabc50b16ad27344df297a3271.pkl,1
D:\08_Dataset\Internal\mar2020\pickle_files\b0922d95beef79f613d3d9e75d8bbef5d2218f18.pkl,1
D:\08_Dataset\Internal\mar2020\pickle_files\03e8ed3656daa5be1798bee5eeadec379c1aaf7b.pkl,1
D:\08_Dataset\Internal\mar2020\pickle_files\53af00a0897c1b7ff9ff0de80375f2a179745c54.pkl,1
D:\08_Dataset\Internal\mar2020\pickle_files\eb26e50630c3643a00423795000f9b41669c9d50.pkl,1
D:\08_Dataset\Internal\mar2020\pickle_files\4439ba481ff96c58c24f1b164fb452ed980e9c39.pkl,1
D:\08_Dataset\Internal\mar2020\pickle_files\23e519ff9ec5fac46efe5654df080d1d313c9d2c.pkl,1
D:\08_Dataset\Internal\mar2020\pickle_files\397a7cad20db11e98fbc6f1c20189708008aad32.pkl,1
D:\08_Dataset\Internal\mar2020\pickle_files\924384e5802195085a20039feb6bb3a28c482935.pkl,1
D:\08_Dataset\Internal\mar2020\pickle_files\473b91231efc94513a26ae01d1dd889480168224.pkl,1
D:\08_Dataset\Internal\mar2020\pickle_files\672f21107630332c97e659826f1a2b6349fc2bb6.pkl,1
D:\08_Dataset\Internal\mar2020\pickle_files\1207a1bff0f0c17f96790b8491b5ad36dd6242ef.pkl,1
D:\08_Dataset\Internal\mar2020\pickle_files\4a819715c336ea01e740c7d0276f93f7ed9deedd.pkl,1
D:\08_Dataset\Internal\mar2020\pickle_files\c08809fe6b981f124a9a430db2669fc3dbd8fa55.pkl,1
D:\08_Dataset\Internal\mar2020\pickle_files\e37d55f5c08d0b9fca5c36b672f7fa25d61af846.pkl,1
D:\08_Dataset\Internal\mar2020\pickle_files\91f07d30b5f925a489ce66b2bf629bc887e83cb2.pkl,1
D:\08_Dataset\Internal\mar2020\pickle_files\f40c543073e83106c5f11dc61a9d9730f87ef02f.pkl,1
D:\08_Dataset\Internal\mar2020\pickle_files\22728c8a1cfa86a738e20a33efd0a62df4fb229f.pkl,1
D:\08_Dataset\Internal\mar2020\pickle_files\2d76193f03dafd0ded88d7aca755d42391100b82.pkl,1
D:\08_Dataset\Internal\mar2020\pickle_files\c61632a6572df574c3514dd931e3d81b8b244c39.pkl,1
D:\08_Dataset\Internal\mar2020\pickle_files\2055c7dc71374fd80756466c9e54b7b61182c84e.pkl,1
D:\08_Dataset\Internal\mar2020\pickle_files\f2acbd69ce0cd742489d09f472a59710896bb5a3.pkl,1
D:\08_Dataset\Internal\mar2020\pickle_files\a72bd82c198915830266ea913d42486ff3655ea8.pkl,1
D:\08_Dataset\Internal\mar2020\pickle_files\2a5524a64879e169fc00221e9c1b06d62ee6bf70.pkl,1
D:\08_Dataset\Internal\mar2020\pickle_files\cf352658f13a48da402964887a5b7547242c9d4c.pkl,1
D:\08_Dataset\Internal\mar2020\pickle_files\ae158ac8f4c1c98676ece5d5bb20409226f9d0b2.pkl,1
D:\08_Dataset\Internal\mar2020\pickle_files\57f309f2379ed82f503306d4df19f5429463459b.pkl,1
D:\08_Dataset\Internal\mar2020\pickle_files\ce5b7b5189edfee9c9fbdae85151282766eb5304.pkl,1
D:\08_Dataset\Internal\mar2020\pickle_files\65d248a1ddbea6570de8c47afc6644126d50bd8e.pkl,1
D:\08_Dataset\Internal\mar2020\pickle_files\a8b43a7d87d77563eaab83d70578120e8e951a41.pkl,1
D:\08_Dataset\Internal\mar2020\pickle_files\98e9a11b7b5158c8f25c5de6141e4ca9bb63d4be.pkl,1
D:\08_Dataset\Internal\mar2020\pickle_files\c56d0d0505090142e6f8dc13dd08dd8827077c9f.pkl,1
D:\08_Dataset\Internal\mar2020\pickle_files\6a892ec2bf2725774456ae9043476361bc0bc0d8.pkl,1
D:\08_Dataset\Internal\mar2020\pickle_files\9a5b72ca89b78bc971217c9d83c1a5643c0adc39.pkl,1
D:\08_Dataset\Internal\mar2020\pickle_files\bc1fa9e02c4607e0bb358ca09c2106cee252e8d8.pkl,1
D:\08_Dataset\Internal\mar2020\pickle_files\05b5eb9106c8be3db271592b9d976151dceed40b.pkl,1
D:\08_Dataset\Internal\mar2020\pickle_files\6ab29c156e053f3f7f6d066a8489e72e54f66b19.pkl,1
D:\08_Dataset\Internal\mar2020\pickle_files\f01961fc3dee67700c6f563807eec6a9cbdc7e9c.pkl,1
D:\08_Dataset\Internal\mar2020\pickle_files\f104db0fd41046c6c6bfd422a5d388c0f3011f0e.pkl,1
D:\08_Dataset\Internal\mar2020\pickle_files\2faa2986d5038336d97cb4d16372bf370811f33e.pkl,1
D:\08_Dataset\Internal\mar2020\pickle_files\4bf3a36df45782fb4356a511c41186cd02b9b427.pkl,1
D:\08_Dataset\Internal\mar2020\pickle_files\c10e8a0b55c30124f0fa2fbbabe08995047ee594.pkl,1
D:\08_Dataset\Internal\mar2020\pickle_files\c7f0b9e4e89a558880c4f4f879ae5a3c4c052233.pkl,1
D:\08_Dataset\Internal\mar2020\pickle_files\ab18da3c1e9c704cf2aacc4d271a96f37ac58968.pkl,1
D:\08_Dataset\Internal\mar2020\pickle_files\434bee6c06bc8471abba51a884212bc34b79a8e0.pkl,1
D:\08_Dataset\Internal\mar2020\pickle_files\85516f47a3f81a6ecb116e9307b75c0753d1289a.pkl,1
D:\08_Dataset\Internal\mar2020\pickle_files\1ef2ac0f992c783c1cf5ee0da7f88729d80cd347.pkl,1
D:\08_Dataset\Internal\mar2020\pickle_files\f311399125b3c9f1f532ebc4b4c1d75b146ab973.pkl,1
D:\08_Dataset\Internal\mar2020\pickle_files\2425088070571e3e72bff806893b1560bdf806f8.pkl,1
D:\08_Dataset\Internal\mar2020\pickle_files\fa53cefb42c025a49538d58391b6aa3e78acc87e.pkl,1
D:\08_Dataset\Internal\mar2020\pickle_files\0a7d46119207a4f8505b7daadbd2438bb2a33382.pkl,1
D:\08_Dataset\Internal\mar2020\pickle_files\7db1ddffd9bf441769c4125b484b3a5703053bc8.pkl,1
D:\08_Dataset\Internal\mar2020\pickle_files\a51c7268f5614c96d4206d3ae93e5a92ec48f7cd.pkl,1
D:\08_Dataset\Internal\mar2020\pickle_files\7b1925de07e43471ac8d4fb5c73084711f978fa9.pkl,1
D:\08_Dataset\Internal\mar2020\pickle_files\1a535a555417ccfdb900de800a5e2c1f5f63bc30.pkl,1
D:\08_Dataset\Internal\mar2020\pickle_files\db8ec270c9ec3b1c443852439661372d12b49e5e.pkl,1
D:\08_Dataset\Internal\mar2020\pickle_files\73a5b719b0f87795c30dee009b1fe8c1ef2c7162.pkl,1
D:\08_Dataset\Internal\mar2020\pickle_files\984ba6c846da824dc14e5a48f2aab63b2090a2ad.pkl,1
D:\08_Dataset\Internal\mar2020\pickle_files\eb858de5feadc7552298d95c23b23b8ab01514b9.pkl,1
D:\08_Dataset\Internal\mar2020\pickle_files\9a5338be72d74081cccd70ba9b092fec8415c571.pkl,1
D:\08_Dataset\Internal\mar2020\pickle_files\388e71aeefd25086f03e2c4fd98bb336b75d9ca8.pkl,1
D:\08_Dataset\Internal\mar2020\pickle_files\c6f9f1d76aa6f73abe64522f6a7a9cb350ad1b09.pkl,1
D:\08_Dataset\Internal\mar2020\pickle_files\6feba073a4f4807d70b51d77030fc619374b98eb.pkl,1
D:\08_Dataset\Internal\mar2020\pickle_files\4a32346ef424bf7dc1722f1aee466d64c8a25f73.pkl,1
D:\08_Dataset\Internal\mar2020\pickle_files\e102b20efeb038cfea8357c19b6d22aebd6ab396.pkl,1
D:\08_Dataset\Internal\mar2020\pickle_files\dba86f89e973d234eb87753d133617ccdc431949.pkl,1
D:\08_Dataset\Internal\mar2020\pickle_files\66af060492b6423fa9c1a552857b7164aad80651.pkl,1
D:\08_Dataset\Internal\mar2020\pickle_files\c19b25b99ea8786e68342a17ad70699888f82182.pkl,1
D:\08_Dataset\Internal\mar2020\pickle_files\af68f686dafd898d673b506fe488d1f8977d3b5e.pkl,1
D:\08_Dataset\Internal\mar2020\pickle_files\3a7009610469a2b5f614d639f9a1c2c2772a1e24.pkl,1
D:\08_Dataset\Internal\mar2020\pickle_files\7ef6f9aca58aa2fc004134191816d01ed842b198.pkl,1
D:\08_Dataset\Internal\mar2020\pickle_files\234566c15606e7965b37ab8deeaf588e5cdfa102.pkl,1
D:\08_Dataset\Internal\mar2020\pickle_files\720114b637d34907d6a1e8b6a4d9a077d18899e8.pkl,1
D:\08_Dataset\Internal\mar2020\pickle_files\534ee6690be66dc2f87d30ad5e4a54c8dab821b2.pkl,1
D:\08_Dataset\Internal\mar2020\pickle_files\ef3d3c6129af4b2dde051370440e526b11674449.pkl,1
D:\08_Dataset\Internal\mar2020\pickle_files\a219312668ec39de76e25fd2b52a8461e52bc936.pkl,1
D:\08_Dataset\Internal\mar2020\pickle_files\8112b3faf34b2e71209982a9ddf4afaf4569ae39.pkl,1
D:\08_Dataset\Internal\mar2020\pickle_files\7aaa3ccb0c4f5a421b093be7b4ef3db2b9bb0120.pkl,1
D:\08_Dataset\Internal\mar2020\pickle_files\add89202036d5449db8daf7d508b844c6dd8a69c.pkl,1
D:\08_Dataset\Internal\mar2020\pickle_files\b488bf539ced6063e693dd61e0693bac064a2011.pkl,1
D:\08_Dataset\Internal\mar2020\pickle_files\7c0764b0d4156181ee311798ab0287c58c9032c0.pkl,1
D:\08_Dataset\Internal\mar2020\pickle_files\95a546948dff255cbc4477c555f29d9542fcccb0.pkl,1
D:\08_Dataset\Internal\mar2020\pickle_files\ea92bcdc3df498910c6f76b940916eafbdc1eae6.pkl,1
D:\08_Dataset\Internal\mar2020\pickle_files\8811c6741834fe20c96b2123530a2b1b1c0babc4.pkl,1
D:\08_Dataset\Internal\mar2020\pickle_files\9204126894c18ea15160aaa1a42411337ba326d8.pkl,1
D:\08_Dataset\Internal\mar2020\pickle_files\46b4ac828a5879d3e88c6f2e41537e951b541327.pkl,1
D:\08_Dataset\Internal\mar2020\pickle_files\f16792e9d82b96706a307736e1bf48225eb4a400.pkl,1
D:\08_Dataset\Internal\mar2020\pickle_files\e51d4a3a1052e172f34ba2d760c2a2525575dd51.pkl,1
D:\08_Dataset\Internal\mar2020\pickle_files\e55410b6c7d8440bc2087d5fabbc4dab526b5076.pkl,1
D:\08_Dataset\Internal\mar2020\pickle_files\84127be60550b8e780c0824da9e7eea97364660a.pkl,1
D:\08_Dataset\Internal\mar2020\pickle_files\4e4130cbb48db6b91e94733fd487611ee1394064.pkl,1
D:\08_Dataset\Internal\mar2020\pickle_files\89cb557419b8992274dd799b43ec4b09c021698e.pkl,1
D:\08_Dataset\Internal\mar2020\pickle_files\79dc71878ec6cb168e729b9f38137d2cc6c45ebd.pkl,1
D:\08_Dataset\Internal\mar2020\pickle_files\8a9a00e7d92f94c5199fac8a5a1ad513212609c4.pkl,1
D:\08_Dataset\Internal\mar2020\pickle_files\782db3a8ed12cb777a3a22432912d5182ac0128d.pkl,1
D:\08_Dataset\Internal\mar2020\pickle_files\3d0ace3dda5aa9a4e953003934ff834d02db5f79.pkl,1
D:\08_Dataset\Internal\mar2020\pickle_files\a8bdb5259d0b03d5cd10101bf336704a539131f3.pkl,1
D:\08_Dataset\Internal\mar2020\pickle_files\d3559dd91776d4cf578ae8e6e4f8e96bc42f4d18.pkl,1
D:\08_Dataset\Internal\mar2020\pickle_files\51ef19e2a28b275c27d29bffb715e95b651b23f2.pkl,1
D:\08_Dataset\Internal\mar2020\pickle_files\2732393867841e62a61f6b0891e9ac322ed8297d.pkl,1
D:\08_Dataset\Internal\mar2020\pickle_files\66ab27a272fa998e9a5de521ccc36a2d6eb88a25.pkl,1
D:\08_Dataset\Internal\mar2020\pickle_files\9d842dc61545c13d34488fb39ed20eb7984a6827.pkl,1
D:\08_Dataset\Internal\mar2020\pickle_files\e98b7eb3290cb4a6ba8eb324a4f990df42901338.pkl,1
D:\08_Dataset\Internal\mar2020\pickle_files\636b89574b76aad25cfe3cedbe709f002f2f1bf0.pkl,1
D:\08_Dataset\Internal\mar2020\pickle_files\ff693046708beb95ad95b665843ecd991d8d9a90.pkl,1
D:\08_Dataset\Internal\mar2020\pickle_files\875443294cf599c2e36d089fce63be847cbd2306.pkl,1
D:\08_Dataset\Internal\mar2020\pickle_files\3bb385fa60207427214b61e1258b126fc4195bbc.pkl,1
D:\08_Dataset\Internal\mar2020\pickle_files\8bff9dc40ef2bfb879a875db00005c1e37a355b7.pkl,1
D:\08_Dataset\Internal\mar2020\pickle_files\177979a7129e26f297fd1b70976282696468ea8a.pkl,1
D:\08_Dataset\Internal\mar2020\pickle_files\1cdad08d3006b4ab0e2c0eecf3543663ab402798.pkl,1
D:\08_Dataset\Internal\mar2020\pickle_files\ed85f45531dc20d306a7fb0654e90b1c3e2f322c.pkl,1
D:\08_Dataset\Internal\mar2020\pickle_files\965f7ed535a2c687546e90e81d8c7ec3ab49617e.pkl,1
D:\08_Dataset\Internal\mar2020\pickle_files\16680a58e0f4f0401181fda5e3056ca2d5bf6e02.pkl,1
D:\08_Dataset\Internal\mar2020\pickle_files\7e5f98be8ce119bd6946ec24927d49487bd280b6.pkl,1
D:\08_Dataset\Internal\mar2020\pickle_files\416e80fc71524b059ece1630631c4acb78fd2ed1.pkl,1
D:\08_Dataset\Internal\mar2020\pickle_files\2776c70f0174e684dc38f5433d54fb93174ac055.pkl,1
D:\08_Dataset\Internal\mar2020\pickle_files\d2e0ec851ca80b4875c22dfe7fb6abfd550ffb70.pkl,1
D:\08_Dataset\Internal\mar2020\pickle_files\dbfa30819921a6e27cc301d49145439224a3e160.pkl,1
D:\08_Dataset\Internal\mar2020\pickle_files\0259c090d9f7c8a6d71d613f7296100059ae249b.pkl,1
D:\08_Dataset\Internal\mar2020\pickle_files\fda1941e2be50dbd16a5db5b6668f44ff079c46d.pkl,1
D:\08_Dataset\Internal\mar2020\pickle_files\56c69f70f7ef22b6931ca51472278c6882f03d10.pkl,1
D:\08_Dataset\Internal\mar2020\pickle_files\3e5e3d3e5025c25d3007860c72eb3489e1850c56.pkl,1
D:\08_Dataset\Internal\mar2020\pickle_files\10c3d16b68267fd308f6c390f8dbb65140a8aa63.pkl,1
D:\08_Dataset\Internal\mar2020\pickle_files\f066274f95c0842ce62955e0798d2a3a221d373f.pkl,1
D:\08_Dataset\Internal\mar2020\pickle_files\83346f2e28df67af816e615ba2b18411cc823aa8.pkl,1
D:\08_Dataset\Internal\mar2020\pickle_files\5c3efe03841fff60f493e21b2e5d85001eb0fa02.pkl,1
D:\08_Dataset\Internal\mar2020\pickle_files\849355be0cd898b252e3a402f0a069cc6c243b03.pkl,1
D:\08_Dataset\Internal\mar2020\pickle_files\b5ba99b459f70bdd722d404acd4cec5fefd59ce4.pkl,1
D:\08_Dataset\Internal\mar2020\pickle_files\79cbff17c332f830458d9193083fac9b2aa7139c.pkl,1
D:\08_Dataset\Internal\mar2020\pickle_files\3d82f33e4fb59b04b4400c1fb8cf4b82348a1d5b.pkl,1
D:\08_Dataset\Internal\mar2020\pickle_files\521badd3c2b4b12d92e56128e52966c99328dd1a.pkl,1
D:\08_Dataset\Internal\mar2020\pickle_files\044ab1991e86590fa47d4e8e5d48f31d4c97c214.pkl,1
D:\08_Dataset\Internal\mar2020\pickle_files\46a4e4818a8edccdf7daeae4750c5fbf555e38ab.pkl,1
D:\08_Dataset\Internal\mar2020\pickle_files\f4803e5e5cfb60f98f7ba640f43bc38944877150.pkl,1
D:\08_Dataset\Internal\mar2020\pickle_files\841ad9427e9aee523e10b3caa959a4e6a91f934d.pkl,1
D:\08_Dataset\Internal\mar2020\pickle_files\42aef5bcb80a9c9b609696e688cb141681521391.pkl,1
D:\08_Dataset\Internal\mar2020\pickle_files\5c25b76e79e2c3baffbf81002c98f957a14a6fd9.pkl,1
D:\08_Dataset\Internal\mar2020\pickle_files\1ec7a9a8cb2b22300147b5bbee8fffb384ee4323.pkl,1
D:\08_Dataset\Internal\mar2020\pickle_files\aff6c6b49cecd2671730e13ea775238be573f5da.pkl,1
D:\08_Dataset\Internal\mar2020\pickle_files\9154f59988ae2a7c4bb0550de7146a070c16ff63.pkl,1
D:\08_Dataset\Internal\mar2020\pickle_files\c631ac899adf8c592f86c03110eeb308dddef91d.pkl,1
D:\08_Dataset\Internal\mar2020\pickle_files\ac3db412987c3a671af5966cef86a90e9bfb746b.pkl,1
D:\08_Dataset\Internal\mar2020\pickle_files\7d86430078b958d059fe6766d66784f1fb7afcba.pkl,1
D:\08_Dataset\Internal\mar2020\pickle_files\17ff1ee14099fbbfd579ae57368bc6ad3cbde384.pkl,1
D:\08_Dataset\Internal\mar2020\pickle_files\f36a662347e16884e4159c2433346a44e1c6b49a.pkl,1
D:\08_Dataset\Internal\mar2020\pickle_files\83034830cacc6c062e8f0cbbd21655033f465595.pkl,1
D:\08_Dataset\Internal\mar2020\pickle_files\d1913ca1e6eb86b13fcdca2aef4559c364ca6377.pkl,1
D:\08_Dataset\Internal\mar2020\pickle_files\886a3359976210384812060cc6f1736000a4b33e.pkl,1
D:\08_Dataset\Internal\mar2020\pickle_files\1f0d1616a9685c032a85080026a0a3ac71ee05fa.pkl,1
D:\08_Dataset\Internal\mar2020\pickle_files\66ee09660b218704b5178e367f9c15b28bd17873.pkl,1
D:\08_Dataset\Internal\mar2020\pickle_files\5baeef4fc8aa593df122ead9618f05686f415df9.pkl,1
D:\08_Dataset\Internal\mar2020\pickle_files\ab72c24bae8b4a503d349e5839a4fc71d1f760fb.pkl,1
D:\08_Dataset\Internal\mar2020\pickle_files\8a840f62a503bb20db4bddd7edb7966dcf8ed18b.pkl,1
D:\08_Dataset\Internal\mar2020\pickle_files\d6a1e4a6779cd3b6c32de25e92154733337c38fa.pkl,1
D:\08_Dataset\Internal\mar2020\pickle_files\24c5c2ddd6c41eea81e5eb4974ce5ec1428f7f44.pkl,1
D:\08_Dataset\Internal\mar2020\pickle_files\321c52145d7690c8f61b4a1e8c5e9137f560ca00.pkl,1
D:\08_Dataset\Internal\mar2020\pickle_files\0b03f374e1cb9af1b805dd5e8e66666f0820c7e5.pkl,1
D:\08_Dataset\Internal\mar2020\pickle_files\66700fb62efd292d9509fccaaa633bbe75206e5f.pkl,1
D:\08_Dataset\Internal\mar2020\pickle_files\4d2fe383baacf8c31e58ce3ce799241f46ad708b.pkl,1
D:\08_Dataset\Internal\mar2020\pickle_files\e8de45839421127c755f84060164bc7871be1adf.pkl,1
D:\08_Dataset\Internal\mar2020\pickle_files\10d95b12f8f5f63046f4a3b43dbe16a3281f6087.pkl,1
D:\08_Dataset\Internal\mar2020\pickle_files\4d8f0a13fdfc9e35bc8231ace6fcb2fcf711584e.pkl,1
D:\08_Dataset\Internal\mar2020\pickle_files\9b8f43c4ad7cb495e32534a919dc71adca60b056.pkl,1
D:\08_Dataset\Internal\mar2020\pickle_files\075afaa4702cb6b44fae1a1a03248a69ecf60e0a.pkl,1
D:\08_Dataset\Internal\mar2020\pickle_files\45bc4cd1372a6bcbe1b3a51954a8fae47ef56d99.pkl,1
D:\08_Dataset\Internal\mar2020\pickle_files\3e5337f76b1a461ed899110050fed6d6e77702c7.pkl,1
D:\08_Dataset\Internal\mar2020\pickle_files\1a43faf3f58953500c3c143efa3f895193e55874.pkl,1
D:\08_Dataset\Internal\mar2020\pickle_files\e8608d0cafe766a7dde57918cc6b757332e278d2.pkl,1
D:\08_Dataset\Internal\mar2020\pickle_files\29fdce37453ac2e42db1cdb8ae6893a64995e5e4.pkl,1
D:\08_Dataset\Internal\mar2020\pickle_files\80fb156cb4133ad854078dadedf9e4019fe28c43.pkl,1
D:\08_Dataset\Internal\mar2020\pickle_files\249b2df6f60fd9c581cafdffe078209573a913eb.pkl,1
D:\08_Dataset\Internal\mar2020\pickle_files\77f15c1a843561baa047578c484309682dabaeed.pkl,1
D:\08_Dataset\Internal\mar2020\pickle_files\a240847c08b02bd8982eb37d98e0771bc4dc0f74.pkl,1
D:\08_Dataset\Internal\mar2020\pickle_files\076adbc46c23fd767b1380e6e3675e6a44679988.pkl,1
D:\08_Dataset\Internal\mar2020\pickle_files\4c0b38475b725d03a991eca470d24d1f1e1e3a7a.pkl,1
D:\08_Dataset\Internal\mar2020\pickle_files\8de84abe8e5e5b847ef16a868821b74fd12bc4bf.pkl,1
D:\08_Dataset\Internal\mar2020\pickle_files\91073b6a7a6a20e6174be925beacf208db979bc8.pkl,1
D:\08_Dataset\Internal\mar2020\pickle_files\17747e20befd0e872cbdd1b54b7706b563591cb9.pkl,1
D:\08_Dataset\Internal\mar2020\pickle_files\e1966329ad1a02161a64e75c89f6d446da06cf6a.pkl,1
D:\08_Dataset\Internal\mar2020\pickle_files\607c6494203899eeb25700308a7dc9ed90e9846e.pkl,1
D:\08_Dataset\Internal\mar2020\pickle_files\8404d010962be6724506f4f4c8bbc527f3884098.pkl,1
D:\08_Dataset\Internal\mar2020\pickle_files\9bc687300141fa9adcded73b6ae540826927f21b.pkl,1
D:\08_Dataset\Internal\mar2020\pickle_files\d03b2780f1337545b8605455bc45d416a2564224.pkl,1
D:\08_Dataset\Internal\mar2020\pickle_files\5e4f76ad80475eff4431a8f80a5dfdafabeaa893.pkl,1
D:\08_Dataset\Internal\mar2020\pickle_files\d794e175aef04e9d159f833a21650d1b37bcaf3c.pkl,1
D:\08_Dataset\Internal\mar2020\pickle_files\331677cf5c9e0dede014f1bd6ff6c59eb6ef44b0.pkl,1
D:\08_Dataset\Internal\mar2020\pickle_files\4bff4f9ab39641fb75be4202bbb0dd651cc5db6d.pkl,1
D:\08_Dataset\Internal\mar2020\pickle_files\6650ea7b65c4919996f9bfabb60330469d6b431d.pkl,1
D:\08_Dataset\Internal\mar2020\pickle_files\7a226f59734e7b1f6edcf8f535b81bcbf2150212.pkl,1
D:\08_Dataset\Internal\mar2020\pickle_files\bf92fbfd69b57cf07a02441457cd6e1cb2cbdaa5.pkl,1
D:\08_Dataset\Internal\mar2020\pickle_files\ea2771da393d26765293fad9f579f531ed5f155e.pkl,1
D:\08_Dataset\Internal\mar2020\pickle_files\50463d817cb4befee1db4c3e6d19643dbb198dba.pkl,1
D:\08_Dataset\Internal\mar2020\pickle_files\ac9f9a927ab9249887de7f406a6e9bb03336b722.pkl,1
D:\08_Dataset\Internal\mar2020\pickle_files\5624127e129eca0cb25c861f683d85f4df58d47c.pkl,1
D:\08_Dataset\Internal\mar2020\pickle_files\72669c91198eec811276262aabcc3fb81f132504.pkl,1
D:\08_Dataset\Internal\mar2020\pickle_files\c6d530fcbd4bfc43cb0938c8e4515d9c6bd6831d.pkl,1
D:\08_Dataset\Internal\mar2020\pickle_files\ae7ac1154334d4978f1a17332494fc77491ab09e.pkl,1
D:\08_Dataset\Internal\mar2020\pickle_files\16c6edc827fa4b9d988b4a6b2f4c763c6b82a66d.pkl,1
D:\08_Dataset\Internal\mar2020\pickle_files\bb0ed723bd44e69b50e864d14ef08333caadf654.pkl,1
D:\08_Dataset\Internal\mar2020\pickle_files\d4e9361e8baf66aee0cee276c7155b01be6f6e4b.pkl,1
D:\08_Dataset\Internal\mar2020\pickle_files\e1b02c7be4f9881232e91f56c0c40e076fa57482.pkl,1
D:\08_Dataset\Internal\mar2020\pickle_files\57ae2428cefa37b00e8a5dadd1f3fdbbe01364fd.pkl,1
D:\08_Dataset\Internal\mar2020\pickle_files\c3e30d290c6b93696c28b92840ee51460350e7f8.pkl,1
D:\08_Dataset\Internal\mar2020\pickle_files\9a664aac740f800712d9f99a4a9fd651dacfb122.pkl,1
D:\08_Dataset\Internal\mar2020\pickle_files\2164b26405c6038fe21849dfd9296188daf1f42e.pkl,1
D:\08_Dataset\Internal\mar2020\pickle_files\85f0a69a3e9f27f19cb68e4b999f375052db5251.pkl,1
D:\08_Dataset\Internal\mar2020\pickle_files\e25dd6837af57593ce0502f1ce5d2ac0ebab2531.pkl,1
D:\08_Dataset\Internal\mar2020\pickle_files\8dc3750afd1cb90773e842652b5621fdd2435658.pkl,1
D:\08_Dataset\Internal\mar2020\pickle_files\a5de6ac72461c739fe44bff19d6a2b1a434823bc.pkl,1
D:\08_Dataset\Internal\mar2020\pickle_files\ab414cadbcebe4c3bcbe5381746c068337da88e8.pkl,1
D:\08_Dataset\Internal\mar2020\pickle_files\60276c788b2ca0525cbda37c969b6971ddcc037a.pkl,1
D:\08_Dataset\Internal\mar2020\pickle_files\b7f115f985e33f2bf0cf5ebe4d8ce0854ef5ed09.pkl,1
D:\08_Dataset\Internal\mar2020\pickle_files\e8685e31b1312b7075d1d4d672683b35d61bb10e.pkl,1
D:\08_Dataset\Internal\mar2020\pickle_files\8565b42cfee645edf292fea7072b6056408f849c.pkl,1
D:\08_Dataset\Internal\mar2020\pickle_files\0a04bc853d20102fd6570800be67a266525adf8a.pkl,1
D:\08_Dataset\Internal\mar2020\pickle_files\35f56fc34f5c847ec0c75c0ddce9e47e11d79d77.pkl,1
D:\08_Dataset\Internal\mar2020\pickle_files\138ec0866469ef778025573e673f77d186c16b9b.pkl,1
D:\08_Dataset\Internal\mar2020\pickle_files\fad7ada3913b009503a3f125e1d24ac621e35c0a.pkl,1
D:\08_Dataset\Internal\mar2020\pickle_files\bdc24edab359a4df72b91c2daf2f997eee3967a6.pkl,1
D:\08_Dataset\Internal\mar2020\pickle_files\83af8491e201099b67b3b8d09e80b9f31826f507.pkl,1
D:\08_Dataset\Internal\mar2020\pickle_files\e228d0cdd3ad649c5a31c464252646183d7b0fbf.pkl,1
D:\08_Dataset\Internal\mar2020\pickle_files\a1455c412d3ed360a1f6bf402c8bbecd733c0585.pkl,1
D:\08_Dataset\Internal\mar2020\pickle_files\457aee84dc243cc35291b41eac73dab90fe9b9db.pkl,1
D:\08_Dataset\Internal\mar2020\pickle_files\8485d5fa4e6c14553ba92e8ebd084bebd4c7b690.pkl,1
D:\08_Dataset\Internal\mar2020\pickle_files\b8ae0dc284652ae3d729d76db0856e032d62c427.pkl,1
D:\08_Dataset\Internal\mar2020\pickle_files\0776162636b80894731bbdd148e04f7bf88f2d69.pkl,1
D:\08_Dataset\Internal\mar2020\pickle_files\775ecb1c59fe51581ea4853d086e3fcfa6b8b10e.pkl,1
D:\08_Dataset\Internal\mar2020\pickle_files\518a512129ab677fd48870c973f9af161bb26097.pkl,1
D:\08_Dataset\Internal\mar2020\pickle_files\bb1650979a58f743ab0becdf59ccbc79ff146d23.pkl,1
D:\08_Dataset\Internal\mar2020\pickle_files\06962e1174dcce647930bddec1d50e3f9fe6a737.pkl,1
D:\08_Dataset\Internal\mar2020\pickle_files\a5ee3f8fd3359d388f701d43547dfe948d7f6958.pkl,1
D:\08_Dataset\Internal\mar2020\pickle_files\df6e4aef2e45f1203a1a6e558d91913db1a2da3a.pkl,1
D:\08_Dataset\Internal\mar2020\pickle_files\1480c0a4703f9a367a2f1e77dc86cce2a8d25b25.pkl,1
D:\08_Dataset\Internal\mar2020\pickle_files\d8ae21d98d76e3fd1e21c50ba869b3050b881ac4.pkl,1
D:\08_Dataset\Internal\mar2020\pickle_files\94ed7417206f32344093197434a603bfbc7cc11c.pkl,1
D:\08_Dataset\Internal\mar2020\pickle_files\03aedef30592c753cc258be3b5413f76eb49242d.pkl,1
D:\08_Dataset\Internal\mar2020\pickle_files\6ae1467806da9f07c63318e730c6df3ac3f4d6d8.pkl,1
D:\08_Dataset\Internal\mar2020\pickle_files\0e1afbe7e5a39e5c978bf1441f7fe0394c9b77b6.pkl,1
D:\08_Dataset\Internal\mar2020\pickle_files\9625f2a58f62765da3bed4805900b52bf25df39a.pkl,1
D:\08_Dataset\Internal\mar2020\pickle_files\3143562e275e48c97e8eb9329a524aa909fd6183.pkl,1
D:\08_Dataset\Internal\mar2020\pickle_files\99e6bc49baa21f311a69d43b3b6c2e211fc6c664.pkl,1
D:\08_Dataset\Internal\mar2020\pickle_files\b279622a35c7b44552dd6503b42fbcfd0480d7e8.pkl,1
D:\08_Dataset\Internal\mar2020\pickle_files\d553ac90f35ed9677001a6e271ed7ab0c29a2fa0.pkl,1
D:\08_Dataset\Internal\mar2020\pickle_files\2b0ae2d892c4afd8723338470483f69fbb8f092a.pkl,1
D:\08_Dataset\Internal\mar2020\pickle_files\e0e2c526cc2e6d17dcd9cb5f393f85aaa35f8bf0.pkl,1
D:\08_Dataset\Internal\mar2020\pickle_files\6558a3190bda919d4a6b7bde4ee1e9195db2382d.pkl,1
D:\08_Dataset\Internal\mar2020\pickle_files\133e0cf981b2ffc4088c84202c338f88268b0862.pkl,1
D:\08_Dataset\Internal\mar2020\pickle_files\99e429a4e71d5582f382b2570a2705c0d6e51366.pkl,1
D:\08_Dataset\Internal\mar2020\pickle_files\c26800aee49c623a255049928d2a8837670deb33.pkl,1
D:\08_Dataset\Internal\mar2020\pickle_files\6c5cd15246989bcafd3c58ae5a9f0ac474ea89a0.pkl,1
D:\08_Dataset\Internal\mar2020\pickle_files\8b909616783e917f26967d38b78db758382d05c3.pkl,1
D:\08_Dataset\Internal\mar2020\pickle_files\d5f4fecde3728b89a76f643612e977edc19cb9e0.pkl,1
D:\08_Dataset\Internal\mar2020\pickle_files\764c3d6f5ebaa9077ae592e95c9188ebdee9b2c7.pkl,1
D:\08_Dataset\Internal\mar2020\pickle_files\d27787345ce04dcf5156d03731ab7330d2b4c8ec.pkl,1
D:\08_Dataset\Internal\mar2020\pickle_files\107127686d2fff15a678adc239ebb104e169e2e9.pkl,1
D:\08_Dataset\Internal\mar2020\pickle_files\7b29c148bffb1e97e736076df027281f3f11e8b7.pkl,1
D:\08_Dataset\Internal\mar2020\pickle_files\ec703aefa6578cd9b36cfef5f606838272e357fa.pkl,1
D:\08_Dataset\Internal\mar2020\pickle_files\e37e92a0671cf74aa199a9c5626279a95beb83ca.pkl,1
D:\08_Dataset\Internal\mar2020\pickle_files\96b5227b077f31845c36267138df4a038754bdeb.pkl,1
D:\08_Dataset\Internal\mar2020\pickle_files\91d5af8abb4ee2379b749cc497cf33e8e6e4c496.pkl,1
D:\08_Dataset\Internal\mar2020\pickle_files\89826caf527b515fd93cb5f41f54fedc52ff9f8f.pkl,1
D:\08_Dataset\Internal\mar2020\pickle_files\9103c0630949fc91e3c33820ec1b7f2103b15c06.pkl,1
D:\08_Dataset\Internal\mar2020\pickle_files\0a023bd0bd2376c45c8f22316c8e189b15260b55.pkl,1
D:\08_Dataset\Internal\mar2020\pickle_files\a2dcf898d1fc3f0fb4d311f1d4dee4e962e6dc5c.pkl,1
D:\08_Dataset\Internal\mar2020\pickle_files\04ead517641fd7fba4cbadfd6fc4fa190c93d86a.pkl,1
D:\08_Dataset\Internal\mar2020\pickle_files\e120a2eb333b31eeda1863600cc2a0a358d13590.pkl,1
D:\08_Dataset\Internal\mar2020\pickle_files\fabb27e9fa8e2578cd3a6fb73a83afc44e47e35f.pkl,1
D:\08_Dataset\Internal\mar2020\pickle_files\d50258708fd8fc25f1bdb7b33af168c385d343a4.pkl,1
D:\08_Dataset\Internal\mar2020\pickle_files\ec4b4297be7e5887ae05cdb3e2da9ae0ace2fe34.pkl,1
D:\08_Dataset\Internal\mar2020\pickle_files\8d19a43741fb4e161cf0f9578705cd9eeccad52d.pkl,1
D:\08_Dataset\Internal\mar2020\pickle_files\2991addfa98e2b62bddb958d2b3295560bc365ea.pkl,1
D:\08_Dataset\Internal\mar2020\pickle_files\b2dac79bbc3ea2efbd6e46445227edf96413e620.pkl,1
D:\08_Dataset\Internal\mar2020\pickle_files\ad08cb68fdb8f119dc3f19dc70ebfd615c0165c9.pkl,1
D:\08_Dataset\Internal\mar2020\pickle_files\40f4a8e11d5605cba585aa7f8fae27d350a641ae.pkl,1
D:\08_Dataset\Internal\mar2020\pickle_files\5ea3aa31e8f93e4978e83b2c0926a20d42094422.pkl,1
D:\08_Dataset\Internal\mar2020\pickle_files\dbfb5bbb03198c3902fb0348f2ae343e35c34759.pkl,1
D:\08_Dataset\Internal\mar2020\pickle_files\ec2e85e0ebc5ebe52094b37c9f53c8d7ee18d405.pkl,1
D:\08_Dataset\Internal\mar2020\pickle_files\54e7f0be8f90b80b603572298deb226fdcb8c8d6.pkl,1
D:\08_Dataset\Internal\mar2020\pickle_files\1d340a69579f1f3c26ac5b5390944a21675c4009.pkl,1
D:\08_Dataset\Internal\mar2020\pickle_files\ed2132f7558613f852e3e7145124941928ef7e19.pkl,1
D:\08_Dataset\Internal\mar2020\pickle_files\31cc64c8accf8b5850f0d5a3df338d95b4d9efe9.pkl,1
D:\08_Dataset\Internal\mar2020\pickle_files\150ec57d1cdc5b1926e59a504eb79c50c10460f2.pkl,1
D:\08_Dataset\Internal\mar2020\pickle_files\7ef45e8881f3d0eeadd054cbb6c0098cfc50afd3.pkl,1
D:\08_Dataset\Internal\mar2020\pickle_files\89501313c2679358d7f631ffa27ed50b0dec2a8d.pkl,1
D:\08_Dataset\Internal\mar2020\pickle_files\ce0dbf5737cb95a11945c5dab5e599a3e21592fc.pkl,1
D:\08_Dataset\Internal\mar2020\pickle_files\70a9e40b9037437a8252d3dbb53f3f5fba87ba02.pkl,1
D:\08_Dataset\Internal\mar2020\pickle_files\9f2b6bb8665d214bcbe5daa5132da98d5b9905f7.pkl,1
D:\08_Dataset\Internal\mar2020\pickle_files\f13869e3d88f3946c054933cb9198ac52f465cb3.pkl,1
D:\08_Dataset\Internal\mar2020\pickle_files\7d0a598f43dc97faa409a6fb975edabc01c6c4e5.pkl,1
D:\08_Dataset\Internal\mar2020\pickle_files\b84c5b7c4b80337df0df7c271964cd2b0410b794.pkl,1
D:\08_Dataset\Internal\mar2020\pickle_files\e778b1b70beb0297ed4efea91a8469d93b0df163.pkl,1
D:\08_Dataset\Internal\mar2020\pickle_files\7ae05c852e9a5789013bb924e9975566bbafba3d.pkl,1
D:\08_Dataset\Internal\mar2020\pickle_files\f5c428d35652385f7db4d47542075503c51028ef.pkl,1
D:\08_Dataset\Internal\mar2020\pickle_files\2c5ea650e48b35dff90aedbf0bcac84bfa654d4c.pkl,1
D:\08_Dataset\Internal\mar2020\pickle_files\fdc8a8645756a846a60862e5b11fdeb19c033f56.pkl,1
D:\08_Dataset\Internal\mar2020\pickle_files\f0dd437af9b52664fb67495dd881c341d6c7ad81.pkl,1
D:\08_Dataset\Internal\mar2020\pickle_files\2c96c95f7cec5bd16b672d6eab53130c0c247bc0.pkl,1
D:\08_Dataset\Internal\mar2020\pickle_files\007ba2367a00df9638586d1734de4bd8aa3fe2b1.pkl,1
D:\08_Dataset\Internal\mar2020\pickle_files\87ff81484438e34ec43df6b4ebe7bad727bc725f.pkl,1
D:\08_Dataset\Internal\mar2020\pickle_files\3023b5e7ab425a4b31a6efe1a0a61c08331f283a.pkl,1
D:\08_Dataset\Internal\mar2020\pickle_files\79a7e87fc9f9efd26c9b3dfab7f3101c3cb2e0c1.pkl,1
D:\08_Dataset\Internal\mar2020\pickle_files\72fb249bd7b41595647d37a5c6f3a3a429515e0d.pkl,1
D:\08_Dataset\Internal\mar2020\pickle_files\e0ea5b569740533214a1ea9ba043433d65896413.pkl,1
D:\08_Dataset\Internal\mar2020\pickle_files\94fdb5418d8076274b957ba9e16a1441f26800b7.pkl,1
D:\08_Dataset\Internal\mar2020\pickle_files\c4878f28b16914a0d7d847fc857714e1051b21ac.pkl,1
D:\08_Dataset\Internal\mar2020\pickle_files\d97038996218cf59d304af60f9e390dd13f2b67d.pkl,1
D:\08_Dataset\Internal\mar2020\pickle_files\8585343d67a9c211197d82b356a5463f3522548d.pkl,1
D:\08_Dataset\Internal\mar2020\pickle_files\2577cd79697d5c623a459f6e34d490287e7ee7e3.pkl,1
D:\08_Dataset\Internal\mar2020\pickle_files\09ea13598608e90f1f8584ae1f56c8a5c268c6eb.pkl,1
D:\08_Dataset\Internal\mar2020\pickle_files\ea82e2addd7b52d153c80f43f43a0670a6a76be4.pkl,1
D:\08_Dataset\Internal\mar2020\pickle_files\a3da43acb0409b8f3c53de9e0e4cc1930042ee24.pkl,1
D:\08_Dataset\Internal\mar2020\pickle_files\047c4cf8fbb53a96ce3a8276ec2525e5e98739bf.pkl,1
D:\08_Dataset\Internal\mar2020\pickle_files\e30f36af1111282d244cb922b8c54f21766735e0.pkl,1
D:\08_Dataset\Internal\mar2020\pickle_files\f9f9614c62559ee1a66bb1629127120520957473.pkl,1
D:\08_Dataset\Internal\mar2020\pickle_files\ea02d04b8f19e7f8e581e6d9dd538328217d0bab.pkl,1
D:\08_Dataset\Internal\mar2020\pickle_files\ece987d989b0882f2f90af3a97bf5d5524e0b130.pkl,1
D:\08_Dataset\Internal\mar2020\pickle_files\4f1602953c9d5b76afe57d5dc212cc81d4cfda72.pkl,1
D:\08_Dataset\Internal\mar2020\pickle_files\fffdbce20bfc851ab07033f07c146945d96787a6.pkl,1
D:\08_Dataset\Internal\mar2020\pickle_files\0fe3ebd75bf3bab647ade7535c5f733a7cfd4cd4.pkl,1
D:\08_Dataset\Internal\mar2020\pickle_files\eb27824e6f4e5eac7424a429b83822365a35f077.pkl,1
D:\08_Dataset\Internal\mar2020\pickle_files\846ffceb1367dbf89ca10e5d4a5a7bfd3bf3a373.pkl,1
D:\08_Dataset\Internal\mar2020\pickle_files\2c7b40f0f57c35c2707d2fda9309fb87370516df.pkl,1
D:\08_Dataset\Internal\mar2020\pickle_files\ef639abc0f929b6a0bb82451ca0b511e8af40061.pkl,1
D:\08_Dataset\Internal\mar2020\pickle_files\9da69d09273fca148b8a03098be9ddae42e50f72.pkl,1
D:\08_Dataset\Internal\mar2020\pickle_files\629c802513d91b3715a98ecde5d176b531e3157d.pkl,1
D:\08_Dataset\Internal\mar2020\pickle_files\ce47715065e9e366ed89ed737433ee17573d43ed.pkl,1
D:\08_Dataset\Internal\mar2020\pickle_files\13dc3c446535e6c211b190c803643da870ba1592.pkl,1
D:\08_Dataset\Internal\mar2020\pickle_files\78c092e4744ba9c5598f45ae354c0c5f2fc8e5ff.pkl,1
D:\08_Dataset\Internal\mar2020\pickle_files\ffc20055cf1f085e2c358a7ab2cbd7d1bd2ebeac.pkl,1
D:\08_Dataset\Internal\mar2020\pickle_files\7abd439737ec88b3b69c463d53931a83c75f91a1.pkl,1
D:\08_Dataset\Internal\mar2020\pickle_files\2946c28aa1fba5c09e473b92258460462f8190fd.pkl,1
D:\08_Dataset\Internal\mar2020\pickle_files\7e368f0d8e0aab5d57cf55b998f3bdecc643af8d.pkl,1
D:\08_Dataset\Internal\mar2020\pickle_files\7abb4d5b36e71729ea55efaa76f50d2626b99039.pkl,1
D:\08_Dataset\Internal\mar2020\pickle_files\b3fe552ab8e255695cbf58e5abb9a6af9ae97136.pkl,1
D:\08_Dataset\Internal\mar2020\pickle_files\84dfee40c851683c98256b61beedeb77f2d6286c.pkl,1
D:\08_Dataset\Internal\mar2020\pickle_files\f7d492d78f03fd96738cfd3e544fba37b4c50851.pkl,1
D:\08_Dataset\Internal\mar2020\pickle_files\01d2a84a6b76ef64c31146df82828505704571b4.pkl,1
D:\08_Dataset\Internal\mar2020\pickle_files\157c3bf7b4c44d323371cc075dc71f5ea505b056.pkl,1
D:\08_Dataset\Internal\mar2020\pickle_files\9435cecc5b21683913a1a91144873e826d864f12.pkl,1
D:\08_Dataset\Internal\mar2020\pickle_files\a9a6f445cdc716e1457ea4f61bf7c7442a697045.pkl,1
D:\08_Dataset\Internal\mar2020\pickle_files\5b29daecf8b4f567dace374085cbfcb186a0e9c5.pkl,1
D:\08_Dataset\Internal\mar2020\pickle_files\4e6b2dc29faaebfa9639f65f3a588cf15871444e.pkl,1
D:\08_Dataset\Internal\mar2020\pickle_files\e0f0e599bab8fe8047e48a64af14596769e5dde6.pkl,1
D:\08_Dataset\Internal\mar2020\pickle_files\e0762b4ca3750ce83291485c563b389608a62477.pkl,1
D:\08_Dataset\Internal\mar2020\pickle_files\701ea8ff1bc30aab15317babca47a49e6c5c1a2f.pkl,1
D:\08_Dataset\Internal\mar2020\pickle_files\e54a9283f2ccd6b5328e9b198aaa76a8453c4667.pkl,1
D:\08_Dataset\Internal\mar2020\pickle_files\00092cb6ec0f8f1e0228f79cbad4fc6147d76748.pkl,1
D:\08_Dataset\Internal\mar2020\pickle_files\b0c5edd91f5529e35d70d85814348cd5cab8d1fa.pkl,1
D:\08_Dataset\Internal\mar2020\pickle_files\d13bdaa93952ffe21befa0b7f00fc9965dfc9388.pkl,1
D:\08_Dataset\Internal\mar2020\pickle_files\404c96cacd97186d08e608aa5d28bf5f3c748645.pkl,1
D:\08_Dataset\Internal\mar2020\pickle_files\299017382d5a63d56f6529cdaedda538dd4b7ac2.pkl,1
D:\08_Dataset\Internal\mar2020\pickle_files\f1c6e9790eb8a4136b5b1000dc3b6d1997d3037d.pkl,1
D:\08_Dataset\Internal\mar2020\pickle_files\2c03fd531e698cc5f4138b96ba22f646a69c8e45.pkl,1
D:\08_Dataset\Internal\mar2020\pickle_files\c60b564222861621b5bc0bd614027dff18259c01.pkl,1
D:\08_Dataset\Internal\mar2020\pickle_files\065a8a3ee2d3a7c4bca836544193f67e11ec73fa.pkl,1
D:\08_Dataset\Internal\mar2020\pickle_files\99828f08078ccc676400b826135ef52f0f48c510.pkl,1
D:\08_Dataset\Internal\mar2020\pickle_files\451ff47da770cd9c473c0ba5c7e0e3c018d7ffd8.pkl,1
D:\08_Dataset\Internal\mar2020\pickle_files\f26e724616f462c1db6f493748e2b22563a43a58.pkl,1
D:\08_Dataset\Internal\mar2020\pickle_files\29837c0b2c3533462e73da564f2c8bfac6ff704c.pkl,1
D:\08_Dataset\Internal\mar2020\pickle_files\76cfece059034ecb176bcec0c96c2296833be9e3.pkl,1
D:\08_Dataset\Internal\mar2020\pickle_files\409940ab024f40bf0e8998cb297bd1bfdea4e121.pkl,1
D:\08_Dataset\Internal\mar2020\pickle_files\e2d975ee3e235e30499322320378ee0010515397.pkl,1
D:\08_Dataset\Internal\mar2020\pickle_files\586fca4f3295462b07fc833a410a3cc2e6e784bc.pkl,1
D:\08_Dataset\Internal\mar2020\pickle_files\39fb3f9f52ff4cbfede4c55f65f3e6e67f43020b.pkl,1
D:\08_Dataset\Internal\mar2020\pickle_files\c71247dedda810f19505c79de84a283f0464468f.pkl,1
D:\08_Dataset\Internal\mar2020\pickle_files\754824e7c47c65fd755eae05d151ee800ae1026e.pkl,1
D:\08_Dataset\Internal\mar2020\pickle_files\e395ef5df94ba8ac2a0030e4598a4381b0dc517d.pkl,1
D:\08_Dataset\Internal\mar2020\pickle_files\1ace02a757166ae94c439ad5f0123a1202b88178.pkl,1
D:\08_Dataset\Internal\mar2020\pickle_files\712f25bfb04f3be1b2d8fbd20d4ecec049b6fd8f.pkl,1
D:\08_Dataset\Internal\mar2020\pickle_files\be083b8382698bd7338a75efc37f98997b49494b.pkl,1
D:\08_Dataset\Internal\mar2020\pickle_files\71a6d11415feddc186d0600f0c4e047a9cf1afdc.pkl,1
D:\08_Dataset\Internal\mar2020\pickle_files\aba57ef7459099d77ed82919826a16608a90c482.pkl,1
D:\08_Dataset\Internal\mar2020\pickle_files\ba3efacd3ad70f9f75de66bf53c61eccc8f6911d.pkl,1
D:\08_Dataset\Internal\mar2020\pickle_files\be8c5775121072899881c0fa6dcf71ea94829361.pkl,1
D:\08_Dataset\Internal\mar2020\pickle_files\2e3c0e472144069197f33c4eec3478dcea1b4d74.pkl,1
D:\08_Dataset\Internal\mar2020\pickle_files\5b90485ff1d4a59e57b5936d1fb11c9a6c9245ee.pkl,1
D:\08_Dataset\Internal\mar2020\pickle_files\cb7781fd9cd274d64920ca720c4433d8e7a61050.pkl,1
D:\08_Dataset\Internal\mar2020\pickle_files\ddebe2395a2c11105d80088c7b1d593feb92dc6a.pkl,1
D:\08_Dataset\Internal\mar2020\pickle_files\53e2906635c898d6335bafa39966e96d62be3a36.pkl,1
D:\08_Dataset\Internal\mar2020\pickle_files\ba5261c0ac05c3c54f2cd30c01ee623443bd72cc.pkl,1
D:\08_Dataset\Internal\mar2020\pickle_files\4b33820754bf9ed40459cb0a2da8eacf9aded888.pkl,1
D:\08_Dataset\Internal\mar2020\pickle_files\15d3902c28e54f02ac338b8bacaf4286f14cee27.pkl,1
D:\08_Dataset\Internal\mar2020\pickle_files\1531825116b6297c800a529ed57c60dcfb7153af.pkl,1
D:\08_Dataset\Internal\mar2020\pickle_files\21bc6e1fa778ce22214bd35fbbb9d172532c70ad.pkl,1
D:\08_Dataset\Internal\mar2020\pickle_files\62abe6ff687cf04d95384969f06967ed69fae1a1.pkl,1
D:\08_Dataset\Internal\mar2020\pickle_files\6cd6c4b68086bed8df534131ccf5eb40a69f353e.pkl,1
D:\08_Dataset\Internal\mar2020\pickle_files\a34e1795057092916a5496f98617cd5590c605d8.pkl,1
D:\08_Dataset\Internal\mar2020\pickle_files\b8d867a0ae4c0fb90dfd0ac6c11d72093080b03a.pkl,1
D:\08_Dataset\Internal\mar2020\pickle_files\7231a137644c01c947fe07ed1b63e1859233bef4.pkl,1
D:\08_Dataset\Internal\mar2020\pickle_files\fbb166d64d16f812c648559b138394f38e5675c6.pkl,1
D:\08_Dataset\Internal\mar2020\pickle_files\0697f32c2902fc521cdc30c4b1ad11c60725805b.pkl,1
D:\08_Dataset\Internal\mar2020\pickle_files\ff4118f928aca0840478f2e4fb24d0ce783cbccb.pkl,1
D:\08_Dataset\Internal\mar2020\pickle_files\297a0857efeaecde8e15cf47862448de4aef735f.pkl,1
D:\08_Dataset\Internal\mar2020\pickle_files\e5d5f65908bee40050bae8ea531799567bfc08e0.pkl,1
D:\08_Dataset\Internal\mar2020\pickle_files\33c9282cb59cc0add9582fbdf5718439e81c9849.pkl,1
D:\08_Dataset\Internal\mar2020\pickle_files\7cb3be8418d8a705b6ab52199624fb857182e2cf.pkl,1
D:\08_Dataset\Internal\mar2020\pickle_files\8f18952241d673bf28a15046bad8b3d781deff13.pkl,1
D:\08_Dataset\Internal\mar2020\pickle_files\d569c6302da03edfacd007be77e9622c5580ba3b.pkl,1
D:\08_Dataset\Internal\mar2020\pickle_files\1a5ad302d062532f2ff9c22cdaa0aceb8b7eaccf.pkl,1
D:\08_Dataset\Internal\mar2020\pickle_files\0039e72750e2ec876ab0fa4d8cf1d993b3576d10.pkl,1
D:\08_Dataset\Internal\mar2020\pickle_files\26aadefcff83bde7d9798f85929d27c8b65ad633.pkl,1
D:\08_Dataset\Internal\mar2020\pickle_files\8b40f83aec4691580e6bdde5cc124c7604d00ce5.pkl,1
D:\08_Dataset\Internal\mar2020\pickle_files\fde73bb07b4b02bc5d2bb47774c845035c775a41.pkl,1
D:\08_Dataset\Internal\mar2020\pickle_files\e2cf51fb8ee941aa1b5602b6af1684c328e0fcdc.pkl,1
D:\08_Dataset\Internal\mar2020\pickle_files\a5d122641bc7bae571e8081cc014f1c7654315ba.pkl,1
D:\08_Dataset\Internal\mar2020\pickle_files\73b25f79a6bfd8d767825a99c53d6cc3b655199c.pkl,1
D:\08_Dataset\Internal\mar2020\pickle_files\7194cbe27abb5eb79efeafc7fdeedf7a8773942b.pkl,1
D:\08_Dataset\Internal\mar2020\pickle_files\1e37c32ff8c6e86044eced6fc6ea9ce871318149.pkl,1
D:\08_Dataset\Internal\mar2020\pickle_files\d2effdb8561bc9f1742b201f862a2d9dfb88c9f6.pkl,1
D:\08_Dataset\Internal\mar2020\pickle_files\c5d073e7f6b73653b7086b78385128c7e87c3818.pkl,1
D:\08_Dataset\Internal\mar2020\pickle_files\46915652a06bb24dea08e3cbd686a43ada59f2ec.pkl,1
D:\08_Dataset\Internal\mar2020\pickle_files\abed40bdb08e804fb4afed1cd5001d7d1ffeadb9.pkl,1
D:\08_Dataset\Internal\mar2020\pickle_files\0be44a9742152268a02ffd1c69614db35ec10bca.pkl,1
D:\08_Dataset\Internal\mar2020\pickle_files\f247ec76c468dfed9ebc881d4b5036c650e24976.pkl,1
D:\08_Dataset\Internal\mar2020\pickle_files\2ccb293fd74b8fe6e909871989668fce12843e59.pkl,1
D:\08_Dataset\Internal\mar2020\pickle_files\9bd6032f0caa4466cf4b446deb60d3803be9ba65.pkl,1
D:\08_Dataset\Internal\mar2020\pickle_files\a152df87fc62028a8b8e8f5c1952db031e2018c8.pkl,1
D:\08_Dataset\Internal\mar2020\pickle_files\d7cb17260b58c2110594544c63da47b3a27fe551.pkl,1
D:\08_Dataset\Internal\mar2020\pickle_files\92a14303ab7884338b628641c56919da839f39b5.pkl,1
D:\08_Dataset\Internal\mar2020\pickle_files\b2fee280d9d022dee201be6e00dc72d8057d28b2.pkl,1
D:\08_Dataset\Internal\mar2020\pickle_files\3e34a800b889e58e2cfc73d893cf1213a85b1f79.pkl,1
D:\08_Dataset\Internal\mar2020\pickle_files\79232f0f12c3b5f3220f8ab4172d0c4780b7ddfa.pkl,1
D:\08_Dataset\Internal\mar2020\pickle_files\546b74fc240e7b9a38b3eedf11a8a89cedb328d3.pkl,1
D:\08_Dataset\Internal\mar2020\pickle_files\a9d4b8566f4e513ff1c415e3d82f8cece2f7454e.pkl,1
D:\08_Dataset\Internal\mar2020\pickle_files\4fd9cf5e7ff90076ae4d618fadf82a7f1ce29c73.pkl,1
D:\08_Dataset\Internal\mar2020\pickle_files\164d1b58a915e07efc82df285057adeefad5d99d.pkl,1
D:\08_Dataset\Internal\mar2020\pickle_files\475ec5712174e74ba93936d0d899b8681476da51.pkl,1
D:\08_Dataset\Internal\mar2020\pickle_files\4d9f14d1a1d1d0301246fd6c4036816bc1cc2efe.pkl,1
D:\08_Dataset\Internal\mar2020\pickle_files\26324c6cd56ff1413d9f7234a9f5c841d6631c5b.pkl,1
D:\08_Dataset\Internal\mar2020\pickle_files\a044ad4290996f075258e1f9737d921480fdf836.pkl,1
D:\08_Dataset\Internal\mar2020\pickle_files\2b5c900060013d42059239d567e63a7f0126fe09.pkl,1
D:\08_Dataset\Internal\mar2020\pickle_files\9e45275940255b9ca042da456f6fbfe867116df4.pkl,1
D:\08_Dataset\Internal\mar2020\pickle_files\f5c0593ea4e1eda88584aa7bb2c54ef6fe4cae01.pkl,1
D:\08_Dataset\Internal\mar2020\pickle_files\84e2724ee0e37d669904e38da83edd6521c77404.pkl,1
D:\08_Dataset\Internal\mar2020\pickle_files\17ca27740c15d00c1bb8e644bcb97b29b1c86600.pkl,1
D:\08_Dataset\Internal\mar2020\pickle_files\71fc67ec689b746ba4636ebe7a64069374378d08.pkl,1
D:\08_Dataset\Internal\mar2020\pickle_files\1e5254a9ca63549a6218b58d27bf4cb692f443cc.pkl,1
D:\08_Dataset\Internal\mar2020\pickle_files\df76f88b24bd5c027e2c252a045f7195fb435f4a.pkl,1
D:\08_Dataset\Internal\mar2020\pickle_files\f4ca9dfd1f64d37c3e5793f38791813299c514b7.pkl,1
D:\08_Dataset\Internal\mar2020\pickle_files\aa3233bf0c452e0b3a690aa75e5f2bfc0016479a.pkl,1
D:\08_Dataset\Internal\mar2020\pickle_files\b6ff67a2c8379d4f5bd5bf35b8cddef6ba8d7d19.pkl,1
D:\08_Dataset\Internal\mar2020\pickle_files\8e424c465fd23c4120c684e5dbd9052477a96359.pkl,1
D:\08_Dataset\Internal\mar2020\pickle_files\32f51686205a4772c8631fec7b7f67401710c669.pkl,1
D:\08_Dataset\Internal\mar2020\pickle_files\fd5fe99116a41042f5b8f4c014f9fbdf7fd2a301.pkl,1
D:\08_Dataset\Internal\mar2020\pickle_files\fa3ec7549a6f496749762cbed1038a2cb1951dca.pkl,1
D:\08_Dataset\Internal\mar2020\pickle_files\7ae37ea73b28f06cbbe81d8c2a91ffa3f4eab42c.pkl,1
D:\08_Dataset\Internal\mar2020\pickle_files\de3e23063034c5b6d5c6881093dd69e196e7ebf9.pkl,1
D:\08_Dataset\Internal\mar2020\pickle_files\15f65b63680afb3a5a3943f92a7013d21bfe3fa5.pkl,1
D:\08_Dataset\Internal\mar2020\pickle_files\e8df7e1b1369fae5645d470b2330d6541e51e134.pkl,1
D:\08_Dataset\Internal\mar2020\pickle_files\631c000d94329bcc3b18f5872ac8efd7595bd82d.pkl,1
D:\08_Dataset\Internal\mar2020\pickle_files\61fbe5c0019d036b8d0d5083fabf668db2222a93.pkl,1
D:\08_Dataset\Internal\mar2020\pickle_files\696127b138d010cdcb8a0ecbcccbe5439a304dc1.pkl,1
D:\08_Dataset\Internal\mar2020\pickle_files\2beb6baa068ebdf14315e8dc6c5eb69e784ac029.pkl,1
D:\08_Dataset\Internal\mar2020\pickle_files\1dbb26b70cb723d55ad57911c53a1589a78fc481.pkl,1
D:\08_Dataset\Internal\mar2020\pickle_files\79e7026ee9bd9ef783341bceb30d331cb9bb1e01.pkl,1
D:\08_Dataset\Internal\mar2020\pickle_files\2b95bd548256854f02d9143d6578f523f92c9d75.pkl,1
D:\08_Dataset\Internal\mar2020\pickle_files\e0b064ecb4a3e69c4d3f9e8486be54b3e8ac338e.pkl,1
D:\08_Dataset\Internal\mar2020\pickle_files\09a80428fd5be8af9ed8fc322ad7afa925c08eef.pkl,1
D:\08_Dataset\Internal\mar2020\pickle_files\2f9ba0b4b726ecdab85692722bb8293bbe28bfd7.pkl,1
D:\08_Dataset\Internal\mar2020\pickle_files\4122e0ccb1a666bba154a57190ead2ceed8f3dd3.pkl,1
D:\08_Dataset\Internal\mar2020\pickle_files\0037a8ab8d1d55775b58dd27f3cda9652d963e8f.pkl,1
D:\08_Dataset\Internal\mar2020\pickle_files\2cfe5fc9c9319a2611a1cd789e17f27630706589.pkl,1
D:\08_Dataset\Internal\mar2020\pickle_files\6b76979feeea0cb32a8a6d8d7f72e59178a32ad3.pkl,1
D:\08_Dataset\Internal\mar2020\pickle_files\ef8705bd44532a2becde6e68c5d2c1cec569f721.pkl,1
D:\08_Dataset\Internal\mar2020\pickle_files\bc94df08779c169249e8e4646cf334f60c232588.pkl,1
D:\08_Dataset\Internal\mar2020\pickle_files\5f441c858290e6aaa071f26c4d55157d66279843.pkl,1
D:\08_Dataset\Internal\mar2020\pickle_files\554859ded48add545f6a4fa40555773145a0f757.pkl,1
D:\08_Dataset\Internal\mar2020\pickle_files\f988ab73995116d2067b6717e782dce0f7193f12.pkl,1
D:\08_Dataset\Internal\mar2020\pickle_files\f388ac5fd526fc0f577f953d9762630d360feaeb.pkl,1
D:\08_Dataset\Internal\mar2020\pickle_files\3b13def4ab2e9d54b820dd9dd06b99f970006bf3.pkl,1
D:\08_Dataset\Internal\mar2020\pickle_files\f2092d3e7d094bbbfb25127a754e2bff71bb173a.pkl,1
D:\08_Dataset\Internal\mar2020\pickle_files\7b3d2386418810535f591ad03ac09d9e494f48f4.pkl,1
D:\08_Dataset\Internal\mar2020\pickle_files\fe3812bde82518d3f790122057f369f22b16c31c.pkl,1
D:\08_Dataset\Internal\mar2020\pickle_files\6cc7d2b65c1b904de1ead1451b8093a4359b767f.pkl,1
D:\08_Dataset\Internal\mar2020\pickle_files\a826cd3e8f98d65a88d1b14a831051c2aa3f67e9.pkl,1
D:\08_Dataset\Internal\mar2020\pickle_files\8414dd00e2419436ababb9c5eba9d31a35e0b8d6.pkl,1
D:\08_Dataset\Internal\mar2020\pickle_files\990645f74f247bb773660d44179edd78ce77fdff.pkl,1
D:\08_Dataset\Internal\mar2020\pickle_files\c9292ab400a72731db68c6cf7c2c31c69f9908cf.pkl,1
D:\08_Dataset\Internal\mar2020\pickle_files\dd706c88b108f57e0d8e963dbbc0a57263fc90b1.pkl,1
D:\08_Dataset\Internal\mar2020\pickle_files\ebc4041189148c7eba08871d9e8d727e3bdadf53.pkl,1
D:\08_Dataset\Internal\mar2020\pickle_files\c669fae7280e901c896a0c8576c9edfa74c5f421.pkl,1
D:\08_Dataset\Internal\mar2020\pickle_files\ac12bba8a0906ed985ef4ac5df807416c9a83c11.pkl,1
D:\08_Dataset\Internal\mar2020\pickle_files\dd01d6c56c3a53ae74beff820e62c17cc065f53a.pkl,1
D:\08_Dataset\Internal\mar2020\pickle_files\5e9a89b208cfd86b87c3b6c5af069980f614fbd7.pkl,1
D:\08_Dataset\Internal\mar2020\pickle_files\bb9a630da1b545efb548cc7f156f9329722e3a08.pkl,1
D:\08_Dataset\Internal\mar2020\pickle_files\868a6c43217280b8b7aaf61c1dfdbd85bd7e0809.pkl,1
D:\08_Dataset\Internal\mar2020\pickle_files\3404bc484385882c3984d3cf3e7b6c22a1a396f9.pkl,1
D:\08_Dataset\Internal\mar2020\pickle_files\08733b8b22256e308f034cb60b0f6af0bc04a7d5.pkl,1
D:\08_Dataset\Internal\mar2020\pickle_files\eecf7512b5e397324ab30ce848304dfd180ffeed.pkl,1
D:\08_Dataset\Internal\mar2020\pickle_files\251ac80b10a0986f3a76ebc2e05895afe8427718.pkl,1
D:\08_Dataset\Internal\mar2020\pickle_files\b0c32e359ec8a3cbff7385bbdf8a21a14b7b4544.pkl,1
D:\08_Dataset\Internal\mar2020\pickle_files\840442cb158d09b422c8a885e28bd0a2def7ab16.pkl,1
D:\08_Dataset\Internal\mar2020\pickle_files\dad00e3c56ab775062fb67186fc38e6f3ce1a0e4.pkl,1
D:\08_Dataset\Internal\mar2020\pickle_files\d74ac1ff1f7ecc8225793c646cd84e41fc39bf00.pkl,1
D:\08_Dataset\Internal\mar2020\pickle_files\a51ce70880102ee08f451fbe2a3423fd561236ea.pkl,1
D:\08_Dataset\Internal\mar2020\pickle_files\0b7f0f2d9b2555f6533e6697582f07f90353cd43.pkl,1
D:\08_Dataset\Internal\mar2020\pickle_files\5f3b0c951799e637532edd987eb5d88fdfd2a187.pkl,1
D:\08_Dataset\Internal\mar2020\pickle_files\65d42f4c0b6fa6562536f991b3d22505c5b1aa5b.pkl,1
D:\08_Dataset\Internal\mar2020\pickle_files\6ac2f6fdb585a022f790cebf2aa71840cfa369c9.pkl,1
D:\08_Dataset\Internal\mar2020\pickle_files\31c48acd3642b776c72c7914128d131dc31ba086.pkl,1
D:\08_Dataset\Internal\mar2020\pickle_files\7e81cacdd36b7a52d9001276b2724117c59c1892.pkl,1
D:\08_Dataset\Internal\mar2020\pickle_files\63e83ae13c25e3fb18df78628cfda9cacc222a61.pkl,1
D:\08_Dataset\Internal\mar2020\pickle_files\52987dda76fb4842bb39d415799d67352dc843f0.pkl,1
D:\08_Dataset\Internal\mar2020\pickle_files\672e092b66ce9eb5b46cf0d870ea109065e12376.pkl,1
D:\08_Dataset\Internal\mar2020\pickle_files\a2f746855545234ec40f199130aeaa07d4f95d1b.pkl,1
D:\08_Dataset\Internal\mar2020\pickle_files\a93b0fa9ac62cd780fdd988ef2a46b7417952046.pkl,1
D:\08_Dataset\Internal\mar2020\pickle_files\1b21c073afca10c98e865677506bcec3d803093b.pkl,1
D:\08_Dataset\Internal\mar2020\pickle_files\f3a37aaa6c937e5b620ca93ffa11396dcd2dcaf4.pkl,1
D:\08_Dataset\Internal\mar2020\pickle_files\f834623c39be9850ad8960eaa796a1f7755bda90.pkl,1
D:\08_Dataset\Internal\mar2020\pickle_files\f5da24b8d6430201eaff66cd6bc338c9b2df8015.pkl,1
D:\08_Dataset\Internal\mar2020\pickle_files\d6325f5d1fd61eff9c013b6160db5f9c5ea7b321.pkl,1
D:\08_Dataset\Internal\mar2020\pickle_files\d829a2914d7935c64241cfc450fe5a6c228e861a.pkl,1
D:\08_Dataset\Internal\mar2020\pickle_files\e1d0d24e8a23286d0b12ac905c9b9cb206365b28.pkl,1
D:\08_Dataset\Internal\mar2020\pickle_files\2b894efe74432c77ceb46ab3fbbae6444b577f5f.pkl,1
D:\08_Dataset\Internal\mar2020\pickle_files\4cfc4a95e836e87c497ed11d3bac15722f6c704e.pkl,1
D:\08_Dataset\Internal\mar2020\pickle_files\b748f75ad08899ef8dc488779d6aea345ce9b2b0.pkl,1
D:\08_Dataset\Internal\mar2020\pickle_files\5e08fc8abc3f553e0f2e0d41a1e26b4494230255.pkl,1
D:\08_Dataset\Internal\mar2020\pickle_files\0f4641e5c939ad8d7aee92f149f96189b53e5900.pkl,1
D:\08_Dataset\Internal\mar2020\pickle_files\87723a27551fe0ddcad1a50e2e8ab28daceb03ae.pkl,1
D:\08_Dataset\Internal\mar2020\pickle_files\3ce4a34c9c1e2f2c331887763b2fc1733200b03f.pkl,1
D:\08_Dataset\Internal\mar2020\pickle_files\767a4e843fa231c4d93e5be5fefc378f7bff10f1.pkl,1
D:\08_Dataset\Internal\mar2020\pickle_files\a09ac87470b87c48695426047a31a581a24e9af1.pkl,1
D:\08_Dataset\Internal\mar2020\pickle_files\b0df393b79f0fff9b33e6c24ef2301543aab1296.pkl,1
D:\08_Dataset\Internal\mar2020\pickle_files\106bdd8d72a95aea41226b03a8564bd80cb2da54.pkl,1
D:\08_Dataset\Internal\mar2020\pickle_files\51f752a45e3c27ae8134b95399ef2c5ac3c241c5.pkl,1
D:\08_Dataset\Internal\mar2020\pickle_files\a9bc26977148b746fc6cc44c432374439c7b6b62.pkl,1
D:\08_Dataset\Internal\mar2020\pickle_files\7133736105d2ba94238c8319428f47b39b7383d4.pkl,1
D:\08_Dataset\Internal\mar2020\pickle_files\091898e2e680086f975e3f366b1219e987f63660.pkl,1
D:\08_Dataset\Internal\mar2020\pickle_files\256bc0deea994880e25d3b313efbc31ed552a097.pkl,1
D:\08_Dataset\Internal\mar2020\pickle_files\1e4ab5a006fbd514fba568175ce73dcdb508cf47.pkl,1
D:\08_Dataset\Internal\mar2020\pickle_files\b9dd4688edc4054e4ea1dcaa49998097d47eeada.pkl,1
D:\08_Dataset\Internal\mar2020\pickle_files\6289ff3cfd3332e1f8c4e21e6afb92bab4641002.pkl,1
D:\08_Dataset\Internal\mar2020\pickle_files\f6358b32ae0e09abba9d0f91578c477ae494c999.pkl,1
D:\08_Dataset\Internal\mar2020\pickle_files\ac916155bbf3152cbe30ef33708e6c5b06a9b55d.pkl,1
D:\08_Dataset\Internal\mar2020\pickle_files\33f67838a330b979bb48e5b8fe7d65f719674644.pkl,1
D:\08_Dataset\Internal\mar2020\pickle_files\ea59f6379831c1d90e5dfaf8e9fb5f6e771ef77e.pkl,1
D:\08_Dataset\Internal\mar2020\pickle_files\b808a354c83ab7549786098580cd336a231fb52b.pkl,1
D:\08_Dataset\Internal\mar2020\pickle_files\679bad2769e70b267af8addc8cd829f731c8bd37.pkl,1
D:\08_Dataset\Internal\mar2020\pickle_files\03f249110f53b75d5c00ee97330ad774f15fdf38.pkl,1
D:\08_Dataset\Internal\mar2020\pickle_files\ff9a67d4aa438500ca4086d4f0481e3da829b631.pkl,1
D:\08_Dataset\Internal\mar2020\pickle_files\9424800389c1d619fc57b554617dc1a6860bb054.pkl,1
D:\08_Dataset\Internal\mar2020\pickle_files\089f7572b18aefd43fcddfa6174fd4f0f9e74b08.pkl,1
D:\08_Dataset\Internal\mar2020\pickle_files\58d5d1c8c913aa8e5d1ad9c6730f9b7785bd18b8.pkl,1
D:\08_Dataset\Internal\mar2020\pickle_files\fe37ac93e56594cac8d3710e1e559e4150ce3ac6.pkl,1
D:\08_Dataset\Internal\mar2020\pickle_files\05fbc5062cd0b29707a32cafc05adf682caa6848.pkl,1
D:\08_Dataset\Internal\mar2020\pickle_files\39944d9f899fb47ba0631977ef583a401c84ce13.pkl,1
D:\08_Dataset\Internal\mar2020\pickle_files\42571a26be1f024c4789a17e666f806490a5ea5c.pkl,1
D:\08_Dataset\Internal\mar2020\pickle_files\ff13bb6668612656521532008c54b982d6c60a86.pkl,1
D:\08_Dataset\Internal\mar2020\pickle_files\1b56bcd12eac7bd9855e3b618ebdadd75ed9b1a3.pkl,1
D:\08_Dataset\Internal\mar2020\pickle_files\3a17c9b1fea1f6f416f818c6943f4fdb094a14db.pkl,1
D:\08_Dataset\Internal\mar2020\pickle_files\c5e70fa734b54d0cd4fef6003a7e0711358e2e0e.pkl,1
D:\08_Dataset\Internal\mar2020\pickle_files\c76fa361c18696493abf54866ead261a32b04f72.pkl,1
D:\08_Dataset\Internal\mar2020\pickle_files\58aa418025a85cd47af238b2558b8eaf094a9665.pkl,1
D:\08_Dataset\Internal\mar2020\pickle_files\750b3d4582e4ad7d492545d38b3020309f4137b0.pkl,1
D:\08_Dataset\Internal\mar2020\pickle_files\1b9412760032c5b1dde2d27392f69e67647588cc.pkl,1
D:\08_Dataset\Internal\mar2020\pickle_files\3bc8a8b3e0f9441cb4be9a99c60d9bec36e9b15b.pkl,1
D:\08_Dataset\Internal\mar2020\pickle_files\ee35288bd7f48f9383a66be7737acc34e127321f.pkl,1
D:\08_Dataset\Internal\mar2020\pickle_files\39f42204005eeea2ad2882d5d4959a8b4f96e966.pkl,1
D:\08_Dataset\Internal\mar2020\pickle_files\babfd0384547d0d602f40407fd709cd0699a8316.pkl,1
D:\08_Dataset\Internal\mar2020\pickle_files\08921e58f49b5c031e89ce08d488be8c113d8568.pkl,1
D:\08_Dataset\Internal\mar2020\pickle_files\42c2533a92ba17d91ecbec2a32f1de3a306542df.pkl,1
D:\08_Dataset\Internal\mar2020\pickle_files\75baea04ee42bf90d30c4503509614e453b253d2.pkl,1
D:\08_Dataset\Internal\mar2020\pickle_files\1e9ce28778e202febbd8c43449c5870b4beafeb1.pkl,1
D:\08_Dataset\Internal\mar2020\pickle_files\8a1e2f353265048bff7d43978a87e55dcbbe8a13.pkl,1
D:\08_Dataset\Internal\mar2020\pickle_files\968c75c168f0f69fda43fa904c5c5e683226a366.pkl,1
D:\08_Dataset\Internal\mar2020\pickle_files\f3f6c0d5184cc195d9339286416d9dff83792297.pkl,1
D:\08_Dataset\Internal\mar2020\pickle_files\508436f4d8485a7550272d076556d58bad75d8b1.pkl,1
D:\08_Dataset\Internal\mar2020\pickle_files\04b3696f4b72a0a8007d288dce976e239917c6c8.pkl,1
D:\08_Dataset\Internal\mar2020\pickle_files\acda9d40a78a2a5070308ac230b07a9be09bd5b1.pkl,1
D:\08_Dataset\Internal\mar2020\pickle_files\51c83188868a797940ecba9af94a3532b7b12b03.pkl,1
D:\08_Dataset\Internal\mar2020\pickle_files\86b5b9e4579f542f9b94f7f4b8566774c8a1c490.pkl,1
D:\08_Dataset\Internal\mar2020\pickle_files\de28fcc4f2dea6fd231d32e7c784daccbf4ede90.pkl,1
D:\08_Dataset\Internal\mar2020\pickle_files\9f8b6eedafb9574e6c0136aa56c669db5a3e0ac4.pkl,1
D:\08_Dataset\Internal\mar2020\pickle_files\2b9b6b08760c4ac680af025e47b38b78a8b58acb.pkl,1
D:\08_Dataset\Internal\mar2020\pickle_files\cefd7d93d8f8be4a47973bf48021249b67997c15.pkl,1
D:\08_Dataset\Internal\mar2020\pickle_files\b806c10781ec7f2302ebaf890c21bbcb825d0b14.pkl,1
D:\08_Dataset\Internal\mar2020\pickle_files\a148c2c26b95385eeb2d158b8291008ecf2117cc.pkl,1
D:\08_Dataset\Internal\mar2020\pickle_files\02d49d4014d5ec6b5b9c36f3bb74c0134a48bc7b.pkl,1
D:\08_Dataset\Internal\mar2020\pickle_files\89d5cfff06f621e06cfd7b59371be0afa5045c4c.pkl,1
D:\08_Dataset\Internal\mar2020\pickle_files\3b146adc61375c33fcb4b281841d87dd98cfb1a0.pkl,1
D:\08_Dataset\Internal\mar2020\pickle_files\63af6d1a65645b0b5738e4b928301eb087f483c7.pkl,1
D:\08_Dataset\Internal\mar2020\pickle_files\83d1af347ca27a4374760b82f9652beddb8863f6.pkl,1
D:\08_Dataset\Internal\mar2020\pickle_files\9c90ca73ff55bd7af83f88925c3072dbc4274e43.pkl,1
D:\08_Dataset\Internal\mar2020\pickle_files\1e54f7b08b310a4242c5c1940be5e9802098b43b.pkl,1
D:\08_Dataset\Internal\mar2020\pickle_files\c2d59a8bda6871652ca053f8e1e08f54f276f087.pkl,1
D:\08_Dataset\Internal\mar2020\pickle_files\6fd7bf7ce791592e27e645ba5f77b968d9e983ca.pkl,1
D:\08_Dataset\Internal\mar2020\pickle_files\8dfdbdd4128515811fbb0984386a29d8e932fe4b.pkl,1
D:\08_Dataset\Internal\mar2020\pickle_files\111c51808ad6873b0338c0e502084a82dbdb558f.pkl,1
D:\08_Dataset\Internal\mar2020\pickle_files\66a931c105b37d925b925f2ac015243685d3e3c9.pkl,1
D:\08_Dataset\Internal\mar2020\pickle_files\0d1e6228e3ad5b7b2d6e61c4759c817f7c207a4d.pkl,1
D:\08_Dataset\Internal\mar2020\pickle_files\0c83bf14d5cc85776a19916edcc746370a3ae3cb.pkl,1
D:\08_Dataset\Internal\mar2020\pickle_files\469ff5ed33ce50fdf23dbca42c7df9595dadffac.pkl,1
D:\08_Dataset\Internal\mar2020\pickle_files\efc2ce028df16f60b18d778fc837071e202c770c.pkl,1
D:\08_Dataset\Internal\mar2020\pickle_files\da19b5b808c9c548402196ae2a280869a1058ab5.pkl,1
D:\08_Dataset\Internal\mar2020\pickle_files\67b8330b6def7df485f948d52fa4d39667da3145.pkl,1
D:\08_Dataset\Internal\mar2020\pickle_files\ae11a7671fff536b8beec9e2c6e9b827b3f06d67.pkl,1
D:\08_Dataset\Internal\mar2020\pickle_files\e5c658343e4bca0dd9273359628cd90a7ae64757.pkl,1
D:\08_Dataset\Internal\mar2020\pickle_files\a599512552ec02d278be967f824184f964fbda50.pkl,1
D:\08_Dataset\Internal\mar2020\pickle_files\bc006eaf5501f0ab282c7d6cdfc9ec2337f65c1f.pkl,1
D:\08_Dataset\Internal\mar2020\pickle_files\4609c2a39c63f0854307191c4e7f43a8779656dc.pkl,1
D:\08_Dataset\Internal\mar2020\pickle_files\0c451703d9f81611569a91de489f47084aae1249.pkl,1
D:\08_Dataset\Internal\mar2020\pickle_files\44d19ec920687de3ce49fb91d5d3faad873f0a65.pkl,1
D:\08_Dataset\Internal\mar2020\pickle_files\08f949be2d5bf896993ef4e25f8f54e866fff40a.pkl,1
D:\08_Dataset\Internal\mar2020\pickle_files\9c5d2223241cd36b0f342320b3839654acd696ae.pkl,1
D:\08_Dataset\Internal\mar2020\pickle_files\ef2c1c257b4ea2dc6640a8485d6bcbd967cc5870.pkl,1
D:\08_Dataset\Internal\mar2020\pickle_files\774daa14bd39318667edc45f27bee70f9ec52777.pkl,1
D:\08_Dataset\Internal\mar2020\pickle_files\0b019253e4017577a83cbf50a0e39db19e8a3860.pkl,1
D:\08_Dataset\Internal\mar2020\pickle_files\be45c694aa5cb9281b21faa3c6cdafb5a2c6e0b4.pkl,1
D:\08_Dataset\Internal\mar2020\pickle_files\8fc3fa823c52f3206f5e16988b422ea5a56ae613.pkl,1
D:\08_Dataset\Internal\mar2020\pickle_files\180bd5b1d4dd4947e1eb6d47e30103de87ac3e5b.pkl,1
D:\08_Dataset\Internal\mar2020\pickle_files\c2370a4d54f2df82b513215b49daecd6d878e087.pkl,1
D:\08_Dataset\Internal\mar2020\pickle_files\8f826dc62c4c4eac65c391b160663638c649061a.pkl,1
D:\08_Dataset\Internal\mar2020\pickle_files\fc787f6bde340fd58ca9fbacfc39796fbd6fa79f.pkl,1
D:\08_Dataset\Internal\mar2020\pickle_files\39e192a2d8b2847de15719d8e7b12ec328d29537.pkl,1
D:\08_Dataset\Internal\mar2020\pickle_files\80cc40d2e2bbe29c84063a0e74898b8bdb193a06.pkl,1
D:\08_Dataset\Internal\mar2020\pickle_files\4509c29e8b1a393c366fe99ad8cb0dc95e2c9281.pkl,1
D:\08_Dataset\Internal\mar2020\pickle_files\3d28e8ac5f04060b566b3a6980beec7203a4edec.pkl,1
D:\08_Dataset\Internal\mar2020\pickle_files\cac52ed52aa18d6b9ef0c521d4569fe206fb3454.pkl,1
D:\08_Dataset\Internal\mar2020\pickle_files\a4cc09407c6ae8f15bb1e9fb692d843931e92331.pkl,1
D:\08_Dataset\Internal\mar2020\pickle_files\8e8d8703da58c032487394bf76924a574af5451b.pkl,1
D:\08_Dataset\Internal\mar2020\pickle_files\e38d126da4356276f56089f51508be0b3f9a1d10.pkl,1
D:\08_Dataset\Internal\mar2020\pickle_files\2b2a58326f0de9caff5cc76bdbc0a594b0c8ed4e.pkl,1
D:\08_Dataset\Internal\mar2020\pickle_files\dd65828eed141d92b487399799a5b450533099d9.pkl,1
D:\08_Dataset\Internal\mar2020\pickle_files\716bb3e031a3eac2762f0765110aa4d218b4631a.pkl,1
D:\08_Dataset\Internal\mar2020\pickle_files\b13eac08a80a195dec907e11417446d8801ccb0e.pkl,1
D:\08_Dataset\Internal\mar2020\pickle_files\e6329dca1d156d04ce26545f1df7b66b78bc1e75.pkl,1
D:\08_Dataset\Internal\mar2020\pickle_files\2a1a7c921734f14d630c8870bb7d6771463f593a.pkl,1
D:\08_Dataset\Internal\mar2020\pickle_files\a4dd3c6cceb8eb38822bfcc9c510d29a063d453b.pkl,1
D:\08_Dataset\Internal\mar2020\pickle_files\c0d1ecc872ec738a76bbb2502ad48a52d2a8773f.pkl,1
D:\08_Dataset\Internal\mar2020\pickle_files\0c26aa2b3009a02c4a5894d1367a963f217ef461.pkl,1
D:\08_Dataset\Internal\mar2020\pickle_files\3e7f2779cc3031fa5c4f7e222910e457f70cd037.pkl,1
D:\08_Dataset\Internal\mar2020\pickle_files\fc79752c9e6ecd2d0e0a092c1db09ccd6dd60122.pkl,1
D:\08_Dataset\Internal\mar2020\pickle_files\a419e7a7f172d407acee3adac61f940f848ee12a.pkl,1
D:\08_Dataset\Internal\mar2020\pickle_files\f7f34e32036aca4a8c35218fe2f55e479a0e1b36.pkl,1
D:\08_Dataset\Internal\mar2020\pickle_files\0fe1f59dc729175fa48e47f5cce3a66eefb6de46.pkl,1
D:\08_Dataset\Internal\mar2020\pickle_files\f75ced100e7c89a830f483fa4e2ebc571e19511c.pkl,1
D:\08_Dataset\Internal\mar2020\pickle_files\6d3aaef93e16aa104e74235b530bd7533ab84432.pkl,1
D:\08_Dataset\Internal\mar2020\pickle_files\8ae11e26618e389f72e0b0ad43c9df5ba9bad36a.pkl,1
D:\08_Dataset\Internal\mar2020\pickle_files\35037360a323595f225a015c2f5b314e610eb4d4.pkl,1
D:\08_Dataset\Internal\mar2020\pickle_files\663ca58fc2876c25bc609679cbd1d24715dda89e.pkl,1
D:\08_Dataset\Internal\mar2020\pickle_files\550ec52929a07960a04be2527c063ee9aa67555a.pkl,1
D:\08_Dataset\Internal\mar2020\pickle_files\32f29fbac629b47024f93c92425c3e0d0164698d.pkl,1
D:\08_Dataset\Internal\mar2020\pickle_files\89b97cef99af62bc7635a2b2f56879c2afc81c7a.pkl,1
D:\08_Dataset\Internal\mar2020\pickle_files\b9e76f41786937384fd0c5f9d338c5cdec360d7e.pkl,1
D:\08_Dataset\Internal\mar2020\pickle_files\130abc57b3226cfceafd84c849824aa1c1762c6e.pkl,1
D:\08_Dataset\Internal\mar2020\pickle_files\1e68fe0ced12ad0f2b3c73278d0e10a1ba9277ba.pkl,1
D:\08_Dataset\Internal\mar2020\pickle_files\349336b55a30efee91cf76bcf73c7986c574c00e.pkl,1
D:\08_Dataset\Internal\mar2020\pickle_files\c77843e16dc52e2face5d03e2fcb35456440bc45.pkl,1
D:\08_Dataset\Internal\mar2020\pickle_files\f4c88d83166b33d9d81e1d38afd5c74637171542.pkl,1
D:\08_Dataset\Internal\mar2020\pickle_files\c676ab53421f5e1302c4d21390c8da438d694241.pkl,1
D:\08_Dataset\Internal\mar2020\pickle_files\d7cdea17a35b9a08b9de0df2b07db4e71800572a.pkl,1
D:\08_Dataset\Internal\mar2020\pickle_files\02f7cca173134987374165f448151dd1303867c8.pkl,1
D:\08_Dataset\Internal\mar2020\pickle_files\749385d095e14ec9d9efeb7a82e36c891243adfb.pkl,1
D:\08_Dataset\Internal\mar2020\pickle_files\182d27988195b4dec6abc007c8f263ebcf32a3b7.pkl,1
D:\08_Dataset\Internal\mar2020\pickle_files\9c3ffe7ee2f47bd0f0e8c12fbc95386f5ed0cd04.pkl,1
D:\08_Dataset\Internal\mar2020\pickle_files\bf41c33933c6ba6978143dc5f5b1f5074c56d74f.pkl,1
D:\08_Dataset\Internal\mar2020\pickle_files\b8279454f710fcd0fffebc109c9bc9215968be8e.pkl,1
D:\08_Dataset\Internal\mar2020\pickle_files\0048a82282fc47daad2a9bc19fcc5c820b7af5d0.pkl,1
D:\08_Dataset\Internal\mar2020\pickle_files\3c0c11605574e723e60a2a01bbdfedefba476f5e.pkl,1
D:\08_Dataset\Internal\mar2020\pickle_files\9b5aac4929f129feece2038cc16a94771bda86e8.pkl,1
D:\08_Dataset\Internal\mar2020\pickle_files\ef42b17326b31b1c77b5be851b9704c2ab42cbfb.pkl,1
D:\08_Dataset\Internal\mar2020\pickle_files\30bf7d6b4d8bd41bed9da7910bb559a9cbdf643c.pkl,1
D:\08_Dataset\Internal\mar2020\pickle_files\caaf75c2d80613bb9d305e8df58431b0de00eaa4.pkl,1
D:\08_Dataset\Internal\mar2020\pickle_files\990e5cf745794cd7412964e7317f178ddf0e2223.pkl,1
D:\08_Dataset\Internal\mar2020\pickle_files\b33f6f93ed6226f9b76af14a910daacedce3dd48.pkl,1
D:\08_Dataset\Internal\mar2020\pickle_files\2c903b9b1bd8f6a127a00ecf44cce5485356582e.pkl,1
D:\08_Dataset\Internal\mar2020\pickle_files\9619c7dc8948bf4fab003f528c88fc10c7ac1b37.pkl,1
D:\08_Dataset\Internal\mar2020\pickle_files\f30bc6d0dff3dc66ecb4b36dee415ee9e3570d57.pkl,1
D:\08_Dataset\Internal\mar2020\pickle_files\694a69feef4138dfe68457cb85d2af3a665bf39e.pkl,1
D:\08_Dataset\Internal\mar2020\pickle_files\e6e3bf5c3891c9ce7eaafbbefadae7f7b57a9f52.pkl,1
D:\08_Dataset\Internal\mar2020\pickle_files\845946501fa9736e88281aea74f94e10eeb60354.pkl,1
D:\08_Dataset\Internal\mar2020\pickle_files\306f7cc9d54ea7a35f854399007445a70b06e4c7.pkl,1
D:\08_Dataset\Internal\mar2020\pickle_files\0bd7a57bc38d27885892d0a7ff11c484ba1cc1f9.pkl,1
D:\08_Dataset\Internal\mar2020\pickle_files\85d0d23d42ce3dbdff2ae192c995a03f77e81256.pkl,1
D:\08_Dataset\Internal\mar2020\pickle_files\5eb06871b09204ed19c26d75b7267d86d7c2c12f.pkl,1
D:\08_Dataset\Internal\mar2020\pickle_files\e60c8864e9dcc69b239ac23fe2bd6341c584367f.pkl,1
D:\08_Dataset\Internal\mar2020\pickle_files\d903a7ddf9e6d702c6d38b8205788c11ea4efbec.pkl,1
D:\08_Dataset\Internal\mar2020\pickle_files\3cad8815265a1b871791b65446086068cd065b95.pkl,1
D:\08_Dataset\Internal\mar2020\pickle_files\ecb53d82a7bb4c0dc46783b1595d344aa53d9234.pkl,1
D:\08_Dataset\Internal\mar2020\pickle_files\e44d44b63f76e8dcf0074a43e8938a4ad61c4e30.pkl,1
D:\08_Dataset\Internal\mar2020\pickle_files\e3ead0e7f852d879d1e4984631a8045dbd2ba71d.pkl,1
D:\08_Dataset\Internal\mar2020\pickle_files\39f0f17c9d38a8d088b5affc96251a70de6281d7.pkl,1
D:\08_Dataset\Internal\mar2020\pickle_files\3acefdf2832b45efd35becc775a335a45489de7f.pkl,1
D:\08_Dataset\Internal\mar2020\pickle_files\1e5902c1645bb41bc5563e46b697db2ca7152722.pkl,1
D:\08_Dataset\Internal\mar2020\pickle_files\e5b423b82f9198a91f430e4e6eb66bdc76eb15e7.pkl,1
D:\08_Dataset\Internal\mar2020\pickle_files\27b9dadea195224e7c6437802cf5b5465aec2b02.pkl,1
D:\08_Dataset\Internal\mar2020\pickle_files\b9936266935090debbdc849bf8160a3503683837.pkl,1
D:\08_Dataset\Internal\mar2020\pickle_files\6c5ec0d3ca97c7bc774358ffb0134e9a2f1220d2.pkl,1
D:\08_Dataset\Internal\mar2020\pickle_files\b3c4e1c016b383f5ae56db0b7e4d973dca4e9960.pkl,1
D:\08_Dataset\Internal\mar2020\pickle_files\440fe8835d2e6cc0c08bc4935752722555989cd1.pkl,1
D:\08_Dataset\Internal\mar2020\pickle_files\e3e9cafee1d4a58406f66be37137e42d00501749.pkl,1
D:\08_Dataset\Internal\mar2020\pickle_files\e139cfc4024908730cefefe743681fceac639c18.pkl,1
D:\08_Dataset\Internal\mar2020\pickle_files\9d618f70e09fe97a3232afc52e9f98553d41e9c0.pkl,1
D:\08_Dataset\Internal\mar2020\pickle_files\edcc3638b9054ac58f770f3f9fb3ae42add5ce70.pkl,1
D:\08_Dataset\Internal\mar2020\pickle_files\f7064099203d4095879ed422497d03993893f916.pkl,1
D:\08_Dataset\Internal\mar2020\pickle_files\48f47df3c4e9c475856a8adbee3d747cb29bd942.pkl,1
D:\08_Dataset\Internal\mar2020\pickle_files\dafc6f9da6d538a172de81d2592811916a4efc3e.pkl,1
D:\08_Dataset\Internal\mar2020\pickle_files\a6de57eacdba1c312ee5cde5138c4333c13aa062.pkl,1
D:\08_Dataset\Internal\mar2020\pickle_files\24e4dc36f09afdbeaad6217157bd832f055699bb.pkl,1
D:\08_Dataset\Internal\mar2020\pickle_files\be67816cb4d14bb2aaa198cc40ab6c9aaf8b1699.pkl,1
D:\08_Dataset\Internal\mar2020\pickle_files\46fecebb5c31c01b41a35032b16e5b75cf0f5204.pkl,1
D:\08_Dataset\Internal\mar2020\pickle_files\243e427b59b9aab9806254683b0972e556033946.pkl,1
D:\08_Dataset\Internal\mar2020\pickle_files\57946d2b136f07a07d3cd37d35a8f07e4c0bfa0a.pkl,1
D:\08_Dataset\Internal\mar2020\pickle_files\e1bf7af6cfcedf7a9b1395440895235dfe5a19ab.pkl,1
D:\08_Dataset\Internal\mar2020\pickle_files\e7491bc6c3fdd7bab746e520466bc4018420f27b.pkl,1
D:\08_Dataset\Internal\mar2020\pickle_files\85b248c4abbc9ebb7b210fb590220286ad58eed6.pkl,1
D:\08_Dataset\Internal\mar2020\pickle_files\bf21b2863ba5bdd85006af21b22bc37edd9edfca.pkl,1
D:\08_Dataset\Internal\mar2020\pickle_files\742365ea7146541d48b5696cda244b1035ee96e2.pkl,1
D:\08_Dataset\Internal\mar2020\pickle_files\f2ef541099bb51f6455ab35fce8844cc27d8be32.pkl,1
D:\08_Dataset\Internal\mar2020\pickle_files\46ef58ba5a51149b778c64488b10bec81c12c734.pkl,1
D:\08_Dataset\Internal\mar2020\pickle_files\ee60e8d8b721085cfded820790ba161dd4e08f37.pkl,1
D:\08_Dataset\Internal\mar2020\pickle_files\a7ee6bd1773a541c9cb4877b852b1c1d1776a2b8.pkl,1
D:\08_Dataset\Internal\mar2020\pickle_files\fd0c4574db8c1120ba7b7c42e6a688a57beed318.pkl,1
D:\08_Dataset\Internal\mar2020\pickle_files\38e5ab418d2f2f23253d220133d4a76a6d51476c.pkl,1
D:\08_Dataset\Internal\mar2020\pickle_files\85854ddffaa1fc7529122b9984eed42a5f918699.pkl,1
D:\08_Dataset\Internal\mar2020\pickle_files\57e53460e603b237f29ad3b1a24cb134c9632ac4.pkl,1
D:\08_Dataset\Internal\mar2020\pickle_files\a0b71d299d983509c254141eb40b20756be5b328.pkl,1
D:\08_Dataset\Internal\mar2020\pickle_files\fa1b143766d5f55a55fa7f88a32773737f6b6081.pkl,1
D:\08_Dataset\Internal\mar2020\pickle_files\8d38d0c6d0ba166dbc47bc57dee8371bd74c3a02.pkl,1
D:\08_Dataset\Internal\mar2020\pickle_files\4451a9ada197302e55908fb9aacc375888893776.pkl,1
D:\08_Dataset\Internal\mar2020\pickle_files\27bafdcfb829ea37043d2ca399c49a856fc1c6c6.pkl,1
D:\08_Dataset\Internal\mar2020\pickle_files\a82a6f55c4717bbe7c20d0832da1ef3b8f3546f5.pkl,1
D:\08_Dataset\Internal\mar2020\pickle_files\b8134bfec643669c72af085154999b062a695591.pkl,1
D:\08_Dataset\Internal\mar2020\pickle_files\cf2d6be890a5112b903605d00609ce49dc7704af.pkl,1
D:\08_Dataset\Internal\mar2020\pickle_files\db18e471b5c9246259644d45f902dd869eebcba1.pkl,1
D:\08_Dataset\Internal\mar2020\pickle_files\f60798f516ea476034167874504de5c55591369e.pkl,1
D:\08_Dataset\Internal\mar2020\pickle_files\15283cf18e5705b14f739af03d2e61612ff4e5dc.pkl,1
D:\08_Dataset\Internal\mar2020\pickle_files\e1b0380a278e6fa020a99ab5a7a54936da33c3b4.pkl,1
D:\08_Dataset\Internal\mar2020\pickle_files\5854b3b263209872b4e0276771a44d104f9082bf.pkl,1
D:\08_Dataset\Internal\mar2020\pickle_files\f2495c20950fe0e757ffc8324e1b180d67b9643e.pkl,1
D:\08_Dataset\Internal\mar2020\pickle_files\2268076b5bee6ae4750c3f3769b25186c025b5cf.pkl,1
D:\08_Dataset\Internal\mar2020\pickle_files\0f3939e7f2c945a41192cc9edf8d2b1561b06ad1.pkl,1
D:\08_Dataset\Internal\mar2020\pickle_files\1843f360475cd3f95c0ba0a260adfbb78426f7bd.pkl,1
D:\08_Dataset\Internal\mar2020\pickle_files\107487584cacf40974974a0a17648c858470a598.pkl,1
D:\08_Dataset\Internal\mar2020\pickle_files\ae0d0acb78b5b0bae020fd59aac2acd06b885ffe.pkl,1
D:\08_Dataset\Internal\mar2020\pickle_files\a84de29ec0f39a23f2098a8045c4cf5865928012.pkl,1
D:\08_Dataset\Internal\mar2020\pickle_files\279671862290f8d7db49ad264e062a235401609b.pkl,1
D:\08_Dataset\Internal\mar2020\pickle_files\f0a51bd8e460871d1704bd10470c73f1c7da9036.pkl,1
D:\08_Dataset\Internal\mar2020\pickle_files\4bae4ac5360a4b0d2c207962da4f8ce787498604.pkl,1
D:\08_Dataset\Internal\mar2020\pickle_files\864940d82732991360cd6641c89a9b86235b7b18.pkl,1
D:\08_Dataset\Internal\mar2020\pickle_files\4e8bd3d8e2c22eebf8daeb4c9bc4cb5f673bd885.pkl,1
D:\08_Dataset\Internal\mar2020\pickle_files\f4ccf7515634b1e6256f4b6d191fde7d2dbbadf4.pkl,1
D:\08_Dataset\Internal\mar2020\pickle_files\4c23d7f71069569a34b3db2228934a43445e7fd3.pkl,1
D:\08_Dataset\Internal\mar2020\pickle_files\00af9b60c4f8c2bf34c703c815a719806f456110.pkl,1
D:\08_Dataset\Internal\mar2020\pickle_files\b049a8c2c5091edaa337b95464d59303f0b3bf0f.pkl,1
D:\08_Dataset\Internal\mar2020\pickle_files\5178b89691e11ef1564142e1fe64491da20926d6.pkl,1
D:\08_Dataset\Internal\mar2020\pickle_files\5f2f6c8b70f2ff541dfc89274b0ad2abaa5205b8.pkl,1
D:\08_Dataset\Internal\mar2020\pickle_files\6a330763a59755b0c7b51b5f30a775a7aee29085.pkl,1
D:\08_Dataset\Internal\mar2020\pickle_files\5971db2994c6203b238c702792680e1f97b2ec37.pkl,1
D:\08_Dataset\Internal\mar2020\pickle_files\12e3c192451c9b6eeb1bf66e6a095e0606153fce.pkl,1
D:\08_Dataset\Internal\mar2020\pickle_files\f3a9933754f6d665e5fb7f64b0763c76a62e98e6.pkl,1
D:\08_Dataset\Internal\mar2020\pickle_files\b3d900ba7ae0d7c32d001fa0179e7fd6ebc4d11e.pkl,1
D:\08_Dataset\Internal\mar2020\pickle_files\a69812fa53d3ee15e2c05023662be30a3f4777d5.pkl,1
D:\08_Dataset\Internal\mar2020\pickle_files\ec403be956c19dedfb859fd90d35b627f3632c95.pkl,1
D:\08_Dataset\Internal\mar2020\pickle_files\5c6ea1fcf2987f4bc504f7e0b69883a94ea91631.pkl,1
D:\08_Dataset\Internal\mar2020\pickle_files\4b173421d685747d853bec72af7bb13e8324e3d4.pkl,1
D:\08_Dataset\Internal\mar2020\pickle_files\494e099713afe6048bb3b992e39f2dabcae25b5b.pkl,1
D:\08_Dataset\Internal\mar2020\pickle_files\a1bd4dcf3d346cd42561ca6106fbfeb85a832da3.pkl,1
D:\08_Dataset\Internal\mar2020\pickle_files\f79b2c451b02cc6f2edc22e13945eb74964fddc3.pkl,1
D:\08_Dataset\Internal\mar2020\pickle_files\aaab25aa9f1b6dc34f91437c0928c8a4bfa2fb6e.pkl,1
D:\08_Dataset\Internal\mar2020\pickle_files\5ce2b36fb9a90ef3ebfec0c7a5672d3a490dc20f.pkl,1
D:\08_Dataset\Internal\mar2020\pickle_files\f6b8bc8ceecc1c2b161d9666e5228915489e8281.pkl,1
D:\08_Dataset\Internal\mar2020\pickle_files\afa684588ed42b8b382a24588acd1650b1663b88.pkl,1
D:\08_Dataset\Internal\mar2020\pickle_files\fc0640e15da3db32f6ffcf890b54264cf95ab92b.pkl,1
D:\08_Dataset\Internal\mar2020\pickle_files\bda5b86cbb90ce726c9cbb3a8b3ebdb687adc83d.pkl,1
D:\08_Dataset\Internal\mar2020\pickle_files\3213b225875fe1bcbb5ccbf9b5991bf6613efc15.pkl,1
D:\08_Dataset\Internal\mar2020\pickle_files\40553efb1e25123e2970d5741f5b29849979f133.pkl,1
D:\08_Dataset\Internal\mar2020\pickle_files\58206eefe8f08083e09e9fbd0f9176778e3f4ae1.pkl,1
D:\08_Dataset\Internal\mar2020\pickle_files\344e478d3f70a1a0d83121abc6286e8fe34065ff.pkl,1
D:\08_Dataset\Internal\mar2020\pickle_files\fdb49b39441d94b6ccaa798621ecc34103837823.pkl,1
D:\08_Dataset\Internal\mar2020\pickle_files\f4c45d6aff38b4ee5ed76cda15e051ab1666398a.pkl,1
D:\08_Dataset\Internal\mar2020\pickle_files\44e3908d77f8fc8687b9a06212535c9a0b8032f8.pkl,1
D:\08_Dataset\Internal\mar2020\pickle_files\463a81030611454fa4ecf69a67ab25bc07150d41.pkl,1
D:\08_Dataset\Internal\mar2020\pickle_files\4b2d3263d0110c7d33ccc71b83066670dd535e18.pkl,1
D:\08_Dataset\Internal\mar2020\pickle_files\3eedc16fa3a09693cb8994feec1ec6c48347f9fb.pkl,1
D:\08_Dataset\Internal\mar2020\pickle_files\a99d23d41c89ce2274c5932c7313732e1fff7157.pkl,1
D:\08_Dataset\Internal\mar2020\pickle_files\2755a043baa6bc810a5ceb4a59065c18df4fe0a7.pkl,1
D:\08_Dataset\Internal\mar2020\pickle_files\c717b259fa2b37cd3df7cce56b0653fda8632edb.pkl,1
D:\08_Dataset\Internal\mar2020\pickle_files\3ca6e97ea2d28198f96c167921c2d93b47b6f3d0.pkl,1
D:\08_Dataset\Internal\mar2020\pickle_files\1f4be556cfe3e38c9753d237c2d95cb3f25f0bef.pkl,1
D:\08_Dataset\Internal\mar2020\pickle_files\0c1a32491c209a5f3f90112c36d4f0b7dfb25ce2.pkl,1
D:\08_Dataset\Internal\mar2020\pickle_files\c41cf1f817ed69524c2a41dfcf06787403c3917b.pkl,1
D:\08_Dataset\Internal\mar2020\pickle_files\3bd0e55d9e3e3ea4a611c21e9699e76f466f5046.pkl,1
D:\08_Dataset\Internal\mar2020\pickle_files\2a4a5eeb70674fda3bd6f84afaa5f296f4f8691c.pkl,1
D:\08_Dataset\Internal\mar2020\pickle_files\764f1feb62f9b7ccee944b075607aa7d79bfe9ea.pkl,1
D:\08_Dataset\Internal\mar2020\pickle_files\90089410b5294b6850f8244c31c34afa259166b7.pkl,1
D:\08_Dataset\Internal\mar2020\pickle_files\65315a7c29feb2724028af22422aa569d1f90aac.pkl,1
D:\08_Dataset\Internal\mar2020\pickle_files\4c98c7f44e6f139b46d8dcdfe49e1a76cb9f003b.pkl,1
D:\08_Dataset\Internal\mar2020\pickle_files\047664de3a87984fe22c7a92417b87bcc342c18e.pkl,1
D:\08_Dataset\Internal\mar2020\pickle_files\fc25063aaaf38104e0c55662afb73b260b043dc2.pkl,1
D:\08_Dataset\Internal\mar2020\pickle_files\29f75f5c7941b97f368e74437ac77ca63bbc3d47.pkl,1
D:\08_Dataset\Internal\mar2020\pickle_files\25a6c1c59ea7a5c37a4b4e3621434e9c14b42832.pkl,1
D:\08_Dataset\Internal\mar2020\pickle_files\a2bf7dcdd9b15eea54ac3737e185cff45355f699.pkl,1
D:\08_Dataset\Internal\mar2020\pickle_files\4a1a966babfcd80e53544e1ae8f5870f3a9593e9.pkl,1
D:\08_Dataset\Internal\mar2020\pickle_files\84ad262fb151ba8654b58899c302256f11521bc8.pkl,1
D:\08_Dataset\Internal\mar2020\pickle_files\64cc8ab70c3e929bb9a6d149e6ee666277f75e7e.pkl,1
D:\08_Dataset\Internal\mar2020\pickle_files\709d23b92b25052dd6e76e44d3c6a41fe57665dc.pkl,1
D:\08_Dataset\Internal\mar2020\pickle_files\9ce743a671b69438a832a277cb8b2f308f3b595d.pkl,1
D:\08_Dataset\Internal\mar2020\pickle_files\1174ebd15dd583339a1468e32b9aa300d4f8e5c2.pkl,1
D:\08_Dataset\Internal\mar2020\pickle_files\b7151efb3b6331b86aa476dba1fec0b8de60bbf1.pkl,1
D:\08_Dataset\Internal\mar2020\pickle_files\c689180da563f360a2968a94a85eea2dc83c3879.pkl,1
D:\08_Dataset\Internal\mar2020\pickle_files\5392cb54a66e8cdb55661c802757530a60cbcb7c.pkl,1
D:\08_Dataset\Internal\mar2020\pickle_files\1fbe776711a15c7962cf132378c6a4cbc21b302a.pkl,1
D:\08_Dataset\Internal\mar2020\pickle_files\c97ca7a2009a216dc93ee2e43dec3f4d02671950.pkl,1
D:\08_Dataset\Internal\mar2020\pickle_files\646dbbf527c0ccc270e115c2a7d926c4c4d07342.pkl,1
D:\08_Dataset\Internal\mar2020\pickle_files\06f363294ba716a629356b5424979ee7b4fc11a4.pkl,1
D:\08_Dataset\Internal\mar2020\pickle_files\dac6d08ee5be3d1e8b018627fc25176a87061dbe.pkl,1
D:\08_Dataset\Internal\mar2020\pickle_files\ec96705d912e14797ec555e6d6fdbfb2d1b6f739.pkl,1
D:\08_Dataset\Internal\mar2020\pickle_files\5da8a82330c56abed478fdbb670d8a575b7c08bc.pkl,1
D:\08_Dataset\Internal\mar2020\pickle_files\7d213ef389386187724413f668c692227d258d46.pkl,1
D:\08_Dataset\Internal\mar2020\pickle_files\328bb1dfbb1b0351255d419086bbbc8ed557d849.pkl,1
D:\08_Dataset\Internal\mar2020\pickle_files\3a76adcd83eef2e714f5ad579a5acc02b8c81c1e.pkl,1
D:\08_Dataset\Internal\mar2020\pickle_files\2a2183ce9cb597685173b0226cae7269afff3cbc.pkl,1
D:\08_Dataset\Internal\mar2020\pickle_files\50c1086539a14467bf903c5b8457ad99a164645a.pkl,1
D:\08_Dataset\Internal\mar2020\pickle_files\3eb8e6aca5fe5869c019bfcdf50ccab6353e099a.pkl,1
D:\08_Dataset\Internal\mar2020\pickle_files\fa941fde089f5fd0ae05a283998988451fa70ab7.pkl,1
D:\08_Dataset\Internal\mar2020\pickle_files\727306772b32c23cc233bc47c26c5b60c3436c51.pkl,1
D:\08_Dataset\Internal\mar2020\pickle_files\799662a39e3d4c39f6daebf5bf37b5ef2c7d6896.pkl,1
D:\08_Dataset\Internal\mar2020\pickle_files\f27bb8ed1f09cb1d4dd362264503784212338c6e.pkl,1
D:\08_Dataset\Internal\mar2020\pickle_files\3069efc733b9d4280ff3adf270be47188d237133.pkl,1
D:\08_Dataset\Internal\mar2020\pickle_files\4b410f5c3969a5e8191c590d40e967b9fbf5c741.pkl,1
D:\08_Dataset\Internal\mar2020\pickle_files\269ce0adc0b311f603182a520c12282b702ff455.pkl,1
D:\08_Dataset\Internal\mar2020\pickle_files\bcfce1a1f82cf4ead5e7580d000b7886eb10b97e.pkl,1
D:\08_Dataset\Internal\mar2020\pickle_files\eee933e96bc57c994d9fe46534d15a9663acc20e.pkl,1
D:\08_Dataset\Internal\mar2020\pickle_files\e17fe2b3962d434ffa3ef8062cdf49f8cb088a64.pkl,1
D:\08_Dataset\Internal\mar2020\pickle_files\7733bd206bdb266576ea60d587f8c03e33fed210.pkl,1
D:\08_Dataset\Internal\mar2020\pickle_files\aa6ae8250b387d3f885f4f6a07558d4abca61a8c.pkl,1
D:\08_Dataset\Internal\mar2020\pickle_files\62d7ad3e4e739edee89b1f0c6917a3d8f3b0fec4.pkl,1
D:\08_Dataset\Internal\mar2020\pickle_files\10b13e576b224c512971fd6dcddf1b1898c640b9.pkl,1
D:\08_Dataset\Internal\mar2020\pickle_files\d951c32dec54dc9ee7e61ac2c3c789aeb197a1b5.pkl,1
D:\08_Dataset\Internal\mar2020\pickle_files\3a1e709e106284a3713bf9cdba7b72bbcfb6ff63.pkl,1
D:\08_Dataset\Internal\mar2020\pickle_files\9004c676c93392403b113952eada1f0c3a7c9009.pkl,1
D:\08_Dataset\Internal\mar2020\pickle_files\e6483216335afa25c8731f9ad6b25afe4fcf8742.pkl,1
D:\08_Dataset\Internal\mar2020\pickle_files\c07c954cea71eaf113ee9c23841297d07025ab93.pkl,1
D:\08_Dataset\Internal\mar2020\pickle_files\a3371895440d7f9a4c61a33c71a02b8881a5d422.pkl,1
D:\08_Dataset\Internal\mar2020\pickle_files\1a3c5c2f434f805bfa210856e9e406e06c50b2f3.pkl,1
D:\08_Dataset\Internal\mar2020\pickle_files\924925e19a327ef90f7da67f5bd020b0ad3b0c97.pkl,1
D:\08_Dataset\Internal\mar2020\pickle_files\8ccad0723316e28b5d932036adfc68548b2684e9.pkl,1
D:\08_Dataset\Internal\mar2020\pickle_files\916d07a3d73646fda6255f9079536fd2b84e5377.pkl,1
D:\08_Dataset\Internal\mar2020\pickle_files\37ad36ac4f947bdf4a6de9a3a5acf982b2230c54.pkl,1
D:\08_Dataset\Internal\mar2020\pickle_files\a240ebcd9608f1b55249924b52f14e0e6f1b9872.pkl,1
D:\08_Dataset\Internal\mar2020\pickle_files\f6d4ee37f21e6d2ba682c1f3c1e51bd63751e35a.pkl,1
D:\08_Dataset\Internal\mar2020\pickle_files\5155f325d04c7a739aff7147455bb28117018c1c.pkl,1
D:\08_Dataset\Internal\mar2020\pickle_files\3c4c5c796f8e3ce075403cfa13da6194f813558e.pkl,1
D:\08_Dataset\Internal\mar2020\pickle_files\159848d649891df943776f2cce1e19e8856023fa.pkl,1
D:\08_Dataset\Internal\mar2020\pickle_files\de7f07375cc9b598656d3fffdf79127f8154ef51.pkl,1
D:\08_Dataset\Internal\mar2020\pickle_files\6ad1052e87318f99b5bfe9ec079de68a2a5300dc.pkl,1
D:\08_Dataset\Internal\mar2020\pickle_files\df4680ace8aba2e0cf722d950f7928824d9867be.pkl,1
D:\08_Dataset\Internal\mar2020\pickle_files\1ca0e3778ecb1a1e145850936411c3caa028c1ac.pkl,1
D:\08_Dataset\Internal\mar2020\pickle_files\c8b020088ed4722f0edd00608ef5218a6fa53544.pkl,1
D:\08_Dataset\Internal\mar2020\pickle_files\48c41ea8958ab1bf22634ae23c989e41d5303b5e.pkl,1
D:\08_Dataset\Internal\mar2020\pickle_files\7cf391a9bd22f39de01e744d140bbe45b0df10d4.pkl,1
D:\08_Dataset\Internal\mar2020\pickle_files\35ad7926620e3d0262492c02381389149702fa8f.pkl,1
D:\08_Dataset\Internal\mar2020\pickle_files\7fcf4fe727dcc900f0cfc240ba5c5fa9be839f84.pkl,1
D:\08_Dataset\Internal\mar2020\pickle_files\31fc374d6c76fe6994572305235998ea2b17c4e9.pkl,1
D:\08_Dataset\Internal\mar2020\pickle_files\1b2cb7e148820a6bb65985571f4d2a9f31d313a8.pkl,1
D:\08_Dataset\Internal\mar2020\pickle_files\f08f08d7fa4493f53b71ac8f9fc429c04a4622c6.pkl,1
D:\08_Dataset\Internal\mar2020\pickle_files\fb7c11f01a2c4e3b90b293496d60cdd0fe932022.pkl,1
D:\08_Dataset\Internal\mar2020\pickle_files\e568417d0369d723fa8bf2d343402ec748e388cb.pkl,1
D:\08_Dataset\Internal\mar2020\pickle_files\3fb18f8193069bd3a9b3554dab8b0d0fbc8eaeb5.pkl,1
D:\08_Dataset\Internal\mar2020\pickle_files\4166a24e7c05803e58563c80dbf2f70c0afb87ac.pkl,1
D:\08_Dataset\Internal\mar2020\pickle_files\ba3d66e8b8ec8b8ab7daffca092d6f5dd7d8fdcd.pkl,1
D:\08_Dataset\Internal\mar2020\pickle_files\eaf4bb0cada853c0122389d0a99eb9d4a3bad405.pkl,1
D:\08_Dataset\Internal\mar2020\pickle_files\9fc21180576fc99b46b219efca82dafe7b673df5.pkl,1
D:\08_Dataset\Internal\mar2020\pickle_files\df0cdf59d6868c7b3b96e4bed454298fe955c189.pkl,1
D:\08_Dataset\Internal\mar2020\pickle_files\f7c4e5214bca795707f8ad8220844b4745536c6e.pkl,1
D:\08_Dataset\Internal\mar2020\pickle_files\4c2f18ac433a17cc26690835c8eb58c6c16b0439.pkl,1
D:\08_Dataset\Internal\mar2020\pickle_files\ed202d6c39683b1fe1c6da7474f0afe3ff8142c9.pkl,1
D:\08_Dataset\Internal\mar2020\pickle_files\43e782472885bab86e151f1ddabf773e3d7f20b8.pkl,1
D:\08_Dataset\Internal\mar2020\pickle_files\9dd9063c9d67550ece64ae7f216a9903363f1077.pkl,1
D:\08_Dataset\Internal\mar2020\pickle_files\da53cd05e1f531d7e19375b7f1615e90c40e8697.pkl,1
D:\08_Dataset\Internal\mar2020\pickle_files\4abd658d9d0b2e30ca30add647928829e2eccc14.pkl,1
D:\08_Dataset\Internal\mar2020\pickle_files\5d92cf7a6190bbe3386e3d868f875c2222992b0f.pkl,1
D:\08_Dataset\Internal\mar2020\pickle_files\c96d142566d323ce7ff37c35e7d6009ef961836c.pkl,1
D:\08_Dataset\Internal\mar2020\pickle_files\572bfe5a84d37b2b595904876c142cc41f6af2a9.pkl,1
D:\08_Dataset\Internal\mar2020\pickle_files\00604ee65aa3eb268a92eb55d1f6b10bd1dfa937.pkl,1
D:\08_Dataset\Internal\mar2020\pickle_files\b24f561cb5756bbf2a749e6f2d72c634fb51cf70.pkl,1
D:\08_Dataset\Internal\mar2020\pickle_files\e2ec83cd3db359a0949ae0645b36ef491d81defa.pkl,1
D:\08_Dataset\Internal\mar2020\pickle_files\7af9120e623865de1fc41b4a18ee00822893f93c.pkl,1
D:\08_Dataset\Internal\mar2020\pickle_files\10de70ee78d98dfc4bcef6d9491dcf04760d211e.pkl,1
D:\08_Dataset\Internal\mar2020\pickle_files\49fb5b7c1d6119ccd5ceb7a3373e29f40be11429.pkl,1
D:\08_Dataset\Internal\mar2020\pickle_files\d7cb62d5fdf9e159b22baea53e4641bc4b6b43e3.pkl,1
D:\08_Dataset\Internal\mar2020\pickle_files\f7b5199b4515df96c36e3368d06057ee2455acd4.pkl,1
D:\08_Dataset\Internal\mar2020\pickle_files\9b4c408b7e56e2c9f03ba333f5cb27dd5a872c58.pkl,1
D:\08_Dataset\Internal\mar2020\pickle_files\ea855e7556061e3b79f94463620853e4ef8c2b66.pkl,1
D:\08_Dataset\Internal\mar2020\pickle_files\148b1b9dfd607e906f7afcf0266d7059b2ee8159.pkl,1
D:\08_Dataset\Internal\mar2020\pickle_files\91637d163b8730ecbadaf1f5bf61271791b2636f.pkl,1
D:\08_Dataset\Internal\mar2020\pickle_files\698953754080506611625ced7e56ac3b4e226120.pkl,1
D:\08_Dataset\Internal\mar2020\pickle_files\9d382bcbc721600e2a3e084a71d94648d1078e83.pkl,1
D:\08_Dataset\Internal\mar2020\pickle_files\ec3b1176e78a827cc62a9e939dfa9f3758d0427e.pkl,1
D:\08_Dataset\Internal\mar2020\pickle_files\6b363fd7f49814c6005dd8a30ab833762cd75815.pkl,1
D:\08_Dataset\Internal\mar2020\pickle_files\ef96530654385b717a26a5725f3047f4cb9d1e72.pkl,1
D:\08_Dataset\Internal\mar2020\pickle_files\ba26879d8388263b0eb892353f10503288568a3f.pkl,1
D:\08_Dataset\Internal\mar2020\pickle_files\956173a98665b0b8425df2d30993c788346c0a74.pkl,1
D:\08_Dataset\Internal\mar2020\pickle_files\08d9151f1f37def4c39e6f670d0aa3f4e57b974c.pkl,1
D:\08_Dataset\Internal\mar2020\pickle_files\4da53d1fff3c0f0ef6ca123e5e54d66f65d263f7.pkl,1
D:\08_Dataset\Internal\mar2020\pickle_files\50ca56cb44e7ad27ae95dd438f09ff6662431775.pkl,1
D:\08_Dataset\Internal\mar2020\pickle_files\6c273b59ee26d11c52905fd1e5a50b9a07975e4f.pkl,1
D:\08_Dataset\Internal\mar2020\pickle_files\756eadafce587d7e53f22ce3b9eac3639fb53a4d.pkl,1
D:\08_Dataset\Internal\mar2020\pickle_files\dfa100a86f30804f026566cf873b88f674f90224.pkl,1
D:\08_Dataset\Internal\mar2020\pickle_files\684917eabac7e3b6f008126dc679d6db0bf9752d.pkl,1
D:\08_Dataset\Internal\mar2020\pickle_files\e7441672ab8a6b4b2b0fa2eb5c00e6939c80a9ad.pkl,1
D:\08_Dataset\Internal\mar2020\pickle_files\81ee720e5e572d17735899258ef6945636d74883.pkl,1
D:\08_Dataset\Internal\mar2020\pickle_files\ed7410e209ed2fbdb94d798a77736ecb8e663ebc.pkl,1
D:\08_Dataset\Internal\mar2020\pickle_files\a53bc523a244b6abfea81348e28a789bfd2917b6.pkl,1
D:\08_Dataset\Internal\mar2020\pickle_files\b2de2b1052ce4a570f7586e375b65bc06fe6a15c.pkl,1
D:\08_Dataset\Internal\mar2020\pickle_files\7ded96545c443c4f77c344ef966bbeb23fde9978.pkl,1
D:\08_Dataset\Internal\mar2020\pickle_files\9988d5ed47456637cfeb988f64b1e6168feb5c39.pkl,1
D:\08_Dataset\Internal\mar2020\pickle_files\0f8a14037b9cda37a90c2f8fe5984aaba971b55f.pkl,1
D:\08_Dataset\Internal\mar2020\pickle_files\f4d9c23f45ce0539fe52de54518eac8164d84e8d.pkl,1
D:\08_Dataset\Internal\mar2020\pickle_files\10a772e13f4fe656ab987e89aadf9e05a7c4a3ae.pkl,1
D:\08_Dataset\Internal\mar2020\pickle_files\1f740e13ab4b1179704da4e1021645c4060384dd.pkl,1
D:\08_Dataset\Internal\mar2020\pickle_files\94432e4166841f7cb853d63581316813fa664fc1.pkl,1
D:\08_Dataset\Internal\mar2020\pickle_files\cd054933f29b9b4fe5615832d5e7bd1d2114f8cd.pkl,1
D:\08_Dataset\Internal\mar2020\pickle_files\3707623661d9811926ad568afe3e53376dfe9e39.pkl,1
D:\08_Dataset\Internal\mar2020\pickle_files\b575be4112f1c2d05e178d697d777c3bef96c1ea.pkl,1
D:\08_Dataset\Internal\mar2020\pickle_files\d9346928d67c3c4412cffe93b42125ffefa13f38.pkl,1
D:\08_Dataset\Internal\mar2020\pickle_files\2b794ad4d7d31f33ba342e5475bb74f862ed0a91.pkl,1
D:\08_Dataset\Internal\mar2020\pickle_files\ce22283a82db5ba8ba0ef99c79b726a34761761a.pkl,1
D:\08_Dataset\Internal\mar2020\pickle_files\0102acdbe400d9e7301319172712772c15d35124.pkl,1
D:\08_Dataset\Internal\mar2020\pickle_files\faebbe8313d0accc6c2a53ea335b0c8a52eb4bb9.pkl,1
D:\08_Dataset\Internal\mar2020\pickle_files\d9d72c5e7899c4498f24d98d83f30cc026313be2.pkl,1
D:\08_Dataset\Internal\mar2020\pickle_files\397efb4c0bdfa3bfe8d670b88248a2cd80fef2ea.pkl,1
D:\08_Dataset\Internal\mar2020\pickle_files\e3e6a4e3f879f43bd88f6bcf76f1228eed00704b.pkl,1
D:\08_Dataset\Internal\mar2020\pickle_files\0dc0b98f64ad548d9dc7fcc64965fad73bf8c3b4.pkl,1
D:\08_Dataset\Internal\mar2020\pickle_files\b5ad034e1d88a98e3ead1fec40858ea095322130.pkl,1
D:\08_Dataset\Internal\mar2020\pickle_files\8603bc66ed606c4963c6cb06ba42978739338bad.pkl,1
D:\08_Dataset\Internal\mar2020\pickle_files\603c62806be5408494b3e2c89309ff14e081d781.pkl,1
D:\08_Dataset\Internal\mar2020\pickle_files\239d99c4c5011159163c3383b7930a0ce07b9a36.pkl,1
D:\08_Dataset\Internal\mar2020\pickle_files\9d2c3680c6ea6ee5b04fe7d7a1290c118a847ad9.pkl,1
D:\08_Dataset\Internal\mar2020\pickle_files\ec235b358c714dd017d09c0bfa55fc3267fca5a8.pkl,1
D:\08_Dataset\Internal\mar2020\pickle_files\e08713f89540613adb06d141ab15a194a91c87fd.pkl,1
D:\08_Dataset\Internal\mar2020\pickle_files\2c32f3655cea513fa45ca36c3e733a8be3dfaf58.pkl,1
D:\08_Dataset\Internal\mar2020\pickle_files\c057749c224e41a3d5cc2fc2ab69a09b6be14893.pkl,1
D:\08_Dataset\Internal\mar2020\pickle_files\1fb8d0dd63bc712abe3ede49214f8212f1265c07.pkl,1
D:\08_Dataset\Internal\mar2020\pickle_files\70328764c3efb9bf145a7accc9f6ec3f996c8be4.pkl,1
D:\08_Dataset\Internal\mar2020\pickle_files\1f237431f7ceea411c87ba9f3403a4929ad5d448.pkl,1
D:\08_Dataset\Internal\mar2020\pickle_files\585f6bc7c6d415597ae8baaf13d35263e6a8150e.pkl,1
D:\08_Dataset\Internal\mar2020\pickle_files\426e7de0e94ac60b8605251c59a6708cceecfabe.pkl,1
D:\08_Dataset\Internal\mar2020\pickle_files\636fc3fd1589e7b47938d77f10baa3e9acc78789.pkl,1
D:\08_Dataset\Internal\mar2020\pickle_files\e67e29ee713b38a9845a90115466f5e648e92a18.pkl,1
D:\08_Dataset\Internal\mar2020\pickle_files\b6bec408828f6aee87ea1ec4106c664a0eb0e1c9.pkl,1
D:\08_Dataset\Internal\mar2020\pickle_files\edf781e7decdf96f6f459352a1d2b5f3bdc96091.pkl,1
D:\08_Dataset\Internal\mar2020\pickle_files\932b2f4e8acd36f239162186a764b7e2cd448f07.pkl,1
D:\08_Dataset\Internal\mar2020\pickle_files\40e919a27f43076766b8800a9cd80d6bdc362b43.pkl,1
D:\08_Dataset\Internal\mar2020\pickle_files\bdf0719f34817b8e2bb17b600a7096b36f897b43.pkl,1
D:\08_Dataset\Internal\mar2020\pickle_files\3a419ca2647ae721c4051007f59680a26502d4aa.pkl,1
D:\08_Dataset\Internal\mar2020\pickle_files\3a21213532cbd89581fd555cdb3ed3ef16370db9.pkl,1
D:\08_Dataset\Internal\mar2020\pickle_files\e3b201375cbdd520b55cf9c711b809ffec0dda07.pkl,1
D:\08_Dataset\Internal\mar2020\pickle_files\bb454887806bc07f5a5ab3b6c9205a8b20acd127.pkl,1
D:\08_Dataset\Internal\mar2020\pickle_files\2e0dabf7aec95d87886562278bbec3fa29a13c43.pkl,1
D:\08_Dataset\Internal\mar2020\pickle_files\cabc94d8ca6299d3614a277db9879bf3ff637a39.pkl,1
D:\08_Dataset\Internal\mar2020\pickle_files\b4c743a2e92bed7ab54d51137da85ae76d5b867d.pkl,1
D:\08_Dataset\Internal\mar2020\pickle_files\94257bf92b2ea6dc1bbb3b3165b3ad3ba74d2ce1.pkl,1
D:\08_Dataset\Internal\mar2020\pickle_files\3286105226a60a10b45cd36e7fce1128909ae8b3.pkl,1
D:\08_Dataset\Internal\mar2020\pickle_files\dbdd8f70a7ec07d3594f376831994a3bc21291d7.pkl,1
D:\08_Dataset\Internal\mar2020\pickle_files\f6a882fd0ff04b7544303572fb31745f630b02f7.pkl,1
D:\08_Dataset\Internal\mar2020\pickle_files\8a91f18a6768f74fd938395a447fbde51d15194c.pkl,1
D:\08_Dataset\Internal\mar2020\pickle_files\084fd006c562cd0a6114018208948f8bfcd0a465.pkl,1
D:\08_Dataset\Internal\mar2020\pickle_files\2941f9b3e1c608afaee9bdbc8aea52f13bfe985e.pkl,1
D:\08_Dataset\Internal\mar2020\pickle_files\5e8beb2f86ede2f821c0a8cbee17d68f09f0c7a1.pkl,1
D:\08_Dataset\Internal\mar2020\pickle_files\6bfe7c2eefd5f697096d847c5766f700fc19e740.pkl,1
D:\08_Dataset\Internal\mar2020\pickle_files\b82e6030ecc47ef72ce6b26c1573e5f8b57dec47.pkl,1
D:\08_Dataset\Internal\mar2020\pickle_files\fae1e305a8d1280c846174609fd6362e043cc178.pkl,1
D:\08_Dataset\Internal\mar2020\pickle_files\c3e232be4bbd019467699ed452f28b789dd36c57.pkl,1
D:\08_Dataset\Internal\mar2020\pickle_files\81b93ed8a7070bedc9eee11f4eb30c58c4d82c4c.pkl,1
D:\08_Dataset\Internal\mar2020\pickle_files\a12afb119a0531d2715ab30de48a6a998f58e24e.pkl,1
D:\08_Dataset\Internal\mar2020\pickle_files\ec7346499844ffb5e7f9a740d26ba82e49d44c35.pkl,1
D:\08_Dataset\Internal\mar2020\pickle_files\a9b16923290bd2e11e55515cbc8ba682f3e745c3.pkl,1
D:\08_Dataset\Internal\mar2020\pickle_files\0eaaa288d2b29b3ddf305d8640cd664cca39e53f.pkl,1
D:\08_Dataset\Internal\mar2020\pickle_files\1b342564521fc4be23d877fc6c8409c269a3957b.pkl,1
D:\08_Dataset\Internal\mar2020\pickle_files\c4d8fb97a01aaa9736010011f58208ab8775808b.pkl,1
D:\08_Dataset\Internal\mar2020\pickle_files\e6e279323435ad97672c9f1405b8ac65e37062d7.pkl,1
D:\08_Dataset\Internal\mar2020\pickle_files\6464911b881d31244c447b79dfc9e798c809f3ee.pkl,1
D:\08_Dataset\Internal\mar2020\pickle_files\ac6b9eec58d729ceea1eec196fc2f964c0007deb.pkl,1
D:\08_Dataset\Internal\mar2020\pickle_files\bce650470e18779daf0ae23f815765df110b1eb5.pkl,1
D:\08_Dataset\Internal\mar2020\pickle_files\3a3b601d23c27d1587dbbd763d754d6d9cea3c7e.pkl,1
D:\08_Dataset\Internal\mar2020\pickle_files\b2bd56f4b260b6825f5b72c26932d905a7f727d9.pkl,1
D:\08_Dataset\Internal\mar2020\pickle_files\fc559331f168c5dc84295acfb705a73cb7b227d1.pkl,1
D:\08_Dataset\Internal\mar2020\pickle_files\4813b66a3d971c5b912ae2bc38ba341998101275.pkl,1
D:\08_Dataset\Internal\mar2020\pickle_files\9050f7b34c6290beb842286c620a08261790ba71.pkl,1
D:\08_Dataset\Internal\mar2020\pickle_files\e88c428bed01f8d6c0146877c1b9278c6e83b683.pkl,1
D:\08_Dataset\Internal\mar2020\pickle_files\9ce2a5ffd451c73d942d5630462fbf4e1cf83cea.pkl,1
D:\08_Dataset\Internal\mar2020\pickle_files\c243897351759549bf8e0ee30cfc744c735c1a3d.pkl,1
D:\08_Dataset\Internal\mar2020\pickle_files\d9c4d695ad2a46b73efb71e7c8b8e37942599a9f.pkl,1
D:\08_Dataset\Internal\mar2020\pickle_files\bbb92057f0a7e788c8b189c017429a8d6bdf1c9a.pkl,1
D:\08_Dataset\Internal\mar2020\pickle_files\98f3ec883fb3a93c139122448f2a3280a9d07026.pkl,1
D:\08_Dataset\Internal\mar2020\pickle_files\879d0c2db2efff861135da5a680e16859ac25f9f.pkl,1
D:\08_Dataset\Internal\mar2020\pickle_files\f22d537184b01ff5b96a68a099c101809e28bf4b.pkl,1
D:\08_Dataset\Internal\mar2020\pickle_files\a296e33e2ec4db2d2441bb3ce7cc128a91b8adaf.pkl,1
D:\08_Dataset\Internal\mar2020\pickle_files\6c64eedd4813d1187bf8a3a9d20903d15b2437cf.pkl,1
D:\08_Dataset\Internal\mar2020\pickle_files\8b22f5bf5c0cfaf8b213c988bf193e4f42e63775.pkl,1
D:\08_Dataset\Internal\mar2020\pickle_files\adc7273e9b8cbd65ca4e50f1a9ceafe117c80e53.pkl,1
D:\08_Dataset\Internal\mar2020\pickle_files\56f63b55ecd75179082e34d71bf664e041aaf215.pkl,1
D:\08_Dataset\Internal\mar2020\pickle_files\bdb35ee654df0801784ff603c1bd2ab4da06449f.pkl,1
D:\08_Dataset\Internal\mar2020\pickle_files\24dbacc592cfe8a449b2f5f643195d933cdfa6de.pkl,1
D:\08_Dataset\Internal\mar2020\pickle_files\6a2cbb4032c09f01ce985bf7ac2a2d8c3c2589b0.pkl,1
D:\08_Dataset\Internal\mar2020\pickle_files\441e1a4e8d23c79ee570b0acbbd7d0a2392e7754.pkl,1
D:\08_Dataset\Internal\mar2020\pickle_files\f4b9ae7d346e8da703299f6cbed721fad858a3bd.pkl,1
D:\08_Dataset\Internal\mar2020\pickle_files\30613a53713832682649b556c8ec375e61414ca4.pkl,1
D:\08_Dataset\Internal\mar2020\pickle_files\81092e23b1348dc1148935f646ad544ef50ce4fa.pkl,1
D:\08_Dataset\Internal\mar2020\pickle_files\93d7633408b7a29c2d482d8c6e888acb490e6d18.pkl,1
D:\08_Dataset\Internal\mar2020\pickle_files\00320df58c921abd96a93a1966beabe888e403bc.pkl,1
D:\08_Dataset\Internal\mar2020\pickle_files\bc453ef5df7e81019ef4e82956f049ab5187774e.pkl,1
D:\08_Dataset\Internal\mar2020\pickle_files\6e8c838875c98ea8fcd6af652462b2e2dd2eb5f7.pkl,1
D:\08_Dataset\Internal\mar2020\pickle_files\6bf8d18019bcaa72f7a20d4d65883e4e1c8d6082.pkl,1
D:\08_Dataset\Internal\mar2020\pickle_files\9b7d031b21d7ec1f59a517d11bcbcc22eb1c0c99.pkl,1
D:\08_Dataset\Internal\mar2020\pickle_files\1c172673948a46270f2001e7d177af3178609af9.pkl,1
D:\08_Dataset\Internal\mar2020\pickle_files\e938dd7c11edae4b13c36403b3bc18cbc0be59aa.pkl,1
D:\08_Dataset\Internal\mar2020\pickle_files\9bd68603ed7ab7444aaf1a53ea8c2ce86b2aae0b.pkl,1
D:\08_Dataset\Internal\mar2020\pickle_files\a7f4d2a503fecb1d11b6fdfd3417703f0fa78f90.pkl,1
D:\08_Dataset\Internal\mar2020\pickle_files\d2b486e8a0c1134ebbf3b147173672cebd5967df.pkl,1
D:\08_Dataset\Internal\mar2020\pickle_files\c8a1b42e27cdb6f20140e4d7cb17b3e19f4890a9.pkl,1
D:\08_Dataset\Internal\mar2020\pickle_files\9bb004c2b6d39544d41ddc7a4c2dfe54a9213160.pkl,1
D:\08_Dataset\Internal\mar2020\pickle_files\88f78a80489751e4b27bd834d4a865e7bc7d929f.pkl,1
D:\08_Dataset\Internal\mar2020\pickle_files\8fb99a50e02042e52e291d3ab19ca94ee90800ec.pkl,1
D:\08_Dataset\Internal\mar2020\pickle_files\638c680963ae94c901a33767762dcc7ddee1404b.pkl,1
D:\08_Dataset\Internal\mar2020\pickle_files\9fa1311c20acc7e1107fd66364152f0e34b6d417.pkl,1
D:\08_Dataset\Internal\mar2020\pickle_files\3a0e276dd5c9d79ecef250fef031f97cecbee4a2.pkl,1
D:\08_Dataset\Internal\mar2020\pickle_files\2af12c2642bcda8d01a18c54d0cf27b08a9d04b4.pkl,1
D:\08_Dataset\Internal\mar2020\pickle_files\45b3deadc337eaae42c316e328731ce8036cee20.pkl,1
D:\08_Dataset\Internal\mar2020\pickle_files\6df204a3c7e4ce7c69c04f31b73dd93a1753a540.pkl,1
D:\08_Dataset\Internal\mar2020\pickle_files\7a00d0e65b58c9b15e463aa5205dd811d668a6e2.pkl,1
D:\08_Dataset\Internal\mar2020\pickle_files\119113ae9ad8be71ef8a06d5cda1eb78d9f9e6fc.pkl,1
D:\08_Dataset\Internal\mar2020\pickle_files\287544230071935b06d39bb973c2b0ffc2c74210.pkl,1
D:\08_Dataset\Internal\mar2020\pickle_files\2d4829fb91b61871a886abb47a693e5493eee3d9.pkl,1
D:\08_Dataset\Internal\mar2020\pickle_files\4b6cbac5bf922e4765b3fac121cea9285c76f9c6.pkl,1
D:\08_Dataset\Internal\mar2020\pickle_files\66504779b861146937f9c1771a532b13b5cb1a51.pkl,1
D:\08_Dataset\Internal\mar2020\pickle_files\2c5caf5d1de979ee2b433d763c1a75644e5d772e.pkl,1
D:\08_Dataset\Internal\mar2020\pickle_files\36c0e7ea52a46fffea49f53ad305aa6d4e5d8a60.pkl,1
D:\08_Dataset\Internal\mar2020\pickle_files\924bb8ddb1a047a7437734d70284b83178b8e809.pkl,1
D:\08_Dataset\Internal\mar2020\pickle_files\d9698cf77c29fe9448dea684ab29e9c176c19c86.pkl,1
D:\08_Dataset\Internal\mar2020\pickle_files\d94789c04b07dac3dde99f79dfca12a1a5744579.pkl,1
D:\08_Dataset\Internal\mar2020\pickle_files\88af7becb1c0c29bc86505b586a311a95153bb43.pkl,1
D:\08_Dataset\Internal\mar2020\pickle_files\4bfd1d319acebe23580ae06bf43c710ad0852d76.pkl,1
D:\08_Dataset\Internal\mar2020\pickle_files\37f70f140334e4601d9aeeb115d0b7135683229a.pkl,1
D:\08_Dataset\Internal\mar2020\pickle_files\554fb480a5af8305821abdaaec65179a0e3d80bc.pkl,1
D:\08_Dataset\Internal\mar2020\pickle_files\0855a42494eaf23f81d08bd32052e89b17e6f57b.pkl,1
D:\08_Dataset\Internal\mar2020\pickle_files\38ca352777789239ba26ea800b9e344122da6c72.pkl,1
D:\08_Dataset\Internal\mar2020\pickle_files\c05d3cfc752c15556b9f20d5c3c31e307abe78d5.pkl,1
D:\08_Dataset\Internal\mar2020\pickle_files\b22fa11beb4805be823027357960b609f48edbd1.pkl,1
D:\08_Dataset\Internal\mar2020\pickle_files\7cfa68457d7729627e2cd1517fc1e32bc96c70a7.pkl,1
D:\08_Dataset\Internal\mar2020\pickle_files\08e77b0f24bb0bec2921e918c08c61ccbd3dd1fa.pkl,1
D:\08_Dataset\Internal\mar2020\pickle_files\163a6a064fd267313d6ee6ea90882389f5575b2d.pkl,1
D:\08_Dataset\Internal\mar2020\pickle_files\23ae629b70bc39c75f91a423e9baa0d492717133.pkl,1
D:\08_Dataset\Internal\mar2020\pickle_files\00236ac9a311b8edcb7043694b85fa048c907d39.pkl,1
D:\08_Dataset\Internal\mar2020\pickle_files\a40d57014f4e84d6e4686f6b0cbeaf861f840b75.pkl,1
D:\08_Dataset\Internal\mar2020\pickle_files\705e416923b67c2f8250e15ad8a82acb109cc0f4.pkl,1
D:\08_Dataset\Internal\mar2020\pickle_files\c657dd5b87f1ffb7e43010e6e42e8d72274c5427.pkl,1
D:\08_Dataset\Internal\mar2020\pickle_files\debd40cef6bf18cc131c800f360ad1bc66c8c94b.pkl,1
D:\08_Dataset\Internal\mar2020\pickle_files\ec87f946ec9f02b9a336bb047f713a61265ba9e2.pkl,1
D:\08_Dataset\Internal\mar2020\pickle_files\18567f5470734b0e94aeeea9cea173090112363b.pkl,1
D:\08_Dataset\Internal\mar2020\pickle_files\d138f33526bbd856314c40c8783769e60382a0f3.pkl,1
D:\08_Dataset\Internal\mar2020\pickle_files\9950915b4304f6c3a6314f6971b11b5588e6a0df.pkl,1
D:\08_Dataset\Internal\mar2020\pickle_files\fbf025f64929f01d0768acb64cf776172c0067e7.pkl,1
D:\08_Dataset\Internal\mar2020\pickle_files\927529787ea7971d5518c48de661c92e14091b1f.pkl,1
D:\08_Dataset\Internal\mar2020\pickle_files\79b58010be8e63f85d0641c57c1951dae0e0c49b.pkl,1
D:\08_Dataset\Internal\mar2020\pickle_files\b5d68e5145f40ec1e1c69c5b491ed56c6e27a77f.pkl,1
D:\08_Dataset\Internal\mar2020\pickle_files\a86020786ae02ba45beaf00b96ba29046b5a687c.pkl,1
D:\08_Dataset\Internal\mar2020\pickle_files\93d4f3afe7dc50cfb4f33c448895e5ae49d9ca48.pkl,1
D:\08_Dataset\Internal\mar2020\pickle_files\cb3477fefb169476db6e76ea9e9b2953f0dbe229.pkl,1
D:\08_Dataset\Internal\mar2020\pickle_files\11e5bb6736ba63329f65aa0b01fb99efcdd7cfa2.pkl,1
D:\08_Dataset\Internal\mar2020\pickle_files\23f17744c2240ae3c1d815c03c16e5a08b69c9f7.pkl,1
D:\08_Dataset\Internal\mar2020\pickle_files\4a56ecdd21e65679179c89375bd722abc31605e5.pkl,1
D:\08_Dataset\Internal\mar2020\pickle_files\19999737288a1739be9c6de2bc3481c558f9043e.pkl,1
D:\08_Dataset\Internal\mar2020\pickle_files\d1a6211284b351f120048aa8674e1623b3590890.pkl,1
D:\08_Dataset\Internal\mar2020\pickle_files\2a059582bfa78bd0d0bc0451925fd8d46e1b44b8.pkl,1
D:\08_Dataset\Internal\mar2020\pickle_files\3a65d26e454bda0b0a2f67ec34f27b4d69a6741a.pkl,1
D:\08_Dataset\Internal\mar2020\pickle_files\4f42cc4d999860b6241ac77d0893a6dfbf7205b7.pkl,1
D:\08_Dataset\Internal\mar2020\pickle_files\06c4baf294fdd4209262fce473cd37e8ec23c9d0.pkl,1
D:\08_Dataset\Internal\mar2020\pickle_files\d97b06642ee05cdcd2c37d634566e5d4bfef75be.pkl,1
D:\08_Dataset\Internal\mar2020\pickle_files\2b696c76f7659e478659fe4c9b1d042a4a3e5784.pkl,1
D:\08_Dataset\Internal\mar2020\pickle_files\f61b6eac7c86ec162dde7e4e061f4267ab8fec95.pkl,1
D:\08_Dataset\Internal\mar2020\pickle_files\2ed95119212893f36e316b080eb7617e2fece794.pkl,1
D:\08_Dataset\Internal\mar2020\pickle_files\835a99f58760b9e5f1ce8eeec31e49abf713687b.pkl,1
D:\08_Dataset\Internal\mar2020\pickle_files\b14b2aaa49b2de7444d1e7b8565461eaa5c6a00a.pkl,1
D:\08_Dataset\Internal\mar2020\pickle_files\da209c2f16b1ab5e888bce5f7d6de0eb489e827e.pkl,1
D:\08_Dataset\Internal\mar2020\pickle_files\2336f588d825abcb06434b0f20f0edfc497a69a5.pkl,1
D:\08_Dataset\Internal\mar2020\pickle_files\051028e68e081915943d3464124ed48598b5d9cd.pkl,1
D:\08_Dataset\Internal\mar2020\pickle_files\39c54a0405820faddc231c948ff3cc81f5a1ac46.pkl,1
D:\08_Dataset\Internal\mar2020\pickle_files\fd1363f0fa4644add0d685be5c563abbeb9a43b1.pkl,1
D:\08_Dataset\Internal\mar2020\pickle_files\c6bf1b59404720b6902e5270b5f09aab596b8587.pkl,1
D:\08_Dataset\Internal\mar2020\pickle_files\86489eca752d746515adc43ae519bc7906b28015.pkl,1
D:\08_Dataset\Internal\mar2020\pickle_files\1443658d53530ab43c03a9b69e13464c5dd9b522.pkl,1
D:\08_Dataset\Internal\mar2020\pickle_files\34ec41759fb36e45b128333e988e2eb4fa6300bc.pkl,1
D:\08_Dataset\Internal\mar2020\pickle_files\3a1408c2882d0d1d6d59e88ddc5fbb23234ced00.pkl,1
D:\08_Dataset\Internal\mar2020\pickle_files\b507e45d0ef06c2a79b30a25aec8236d3c5a8dda.pkl,1
D:\08_Dataset\Internal\mar2020\pickle_files\42987115e86bcecadf518eda21125b2403150b30.pkl,1
D:\08_Dataset\Internal\mar2020\pickle_files\fb61e9eeba60d3efe6d8448cd0cca17cea1c01f0.pkl,1
D:\08_Dataset\Internal\mar2020\pickle_files\47552000f5162d95a4a6d19ccafc6d325fec7c5e.pkl,1
D:\08_Dataset\Internal\mar2020\pickle_files\728b1995968e03976b66fefdb7001de28c9aee1f.pkl,1
D:\08_Dataset\Internal\mar2020\pickle_files\44b24a97f81cb634efa1d2dcc2c97328af363bd7.pkl,1
D:\08_Dataset\Internal\mar2020\pickle_files\82ee1645b0813275ea941e9dacd7a211174c4f1a.pkl,1
D:\08_Dataset\Internal\mar2020\pickle_files\a1f410d618e01588699c3a0cad247da8a716abdb.pkl,1
D:\08_Dataset\Internal\mar2020\pickle_files\481852f64e06b470a05bb3be8c3faaeb600f836d.pkl,1
D:\08_Dataset\Internal\mar2020\pickle_files\b35c3cf012a035879fb8d4fd0ee2fde4008f37ff.pkl,1
D:\08_Dataset\Internal\mar2020\pickle_files\3373f10eec579be5fefce9a087b58e79cd654a60.pkl,1
D:\08_Dataset\Internal\mar2020\pickle_files\ddd22440040e4e731f3a85e243bfb0d154134d17.pkl,1
D:\08_Dataset\Internal\mar2020\pickle_files\ce7fe6434f5f34903889e6e5e113c7ac62a6b52e.pkl,1
D:\08_Dataset\Internal\mar2020\pickle_files\2759ea94d976be114f0e1a0bb6b3fdaf032b9dcf.pkl,1
D:\08_Dataset\Internal\mar2020\pickle_files\a26cd77a2ecdff6443de601939c3fddb29357056.pkl,1
D:\08_Dataset\Internal\mar2020\pickle_files\f3f96a183a101d29c0984c9a050092b62a12f54c.pkl,1
D:\08_Dataset\Internal\mar2020\pickle_files\5e972bbb6c6e130f4e9e80af558674d6b98c6c54.pkl,1
D:\08_Dataset\Internal\mar2020\pickle_files\a190e509d7b07605c270d800830605502fa9dd2d.pkl,1
D:\08_Dataset\Internal\mar2020\pickle_files\fd0b611ca73fdf0ee7d0b0154da9bf281da1d472.pkl,1
D:\08_Dataset\Internal\mar2020\pickle_files\8dd4797013b0696878effa19c9661bc738706e4a.pkl,1
D:\08_Dataset\Internal\mar2020\pickle_files\4c5c389ea1959b30754e5a837d364f65c7cb5550.pkl,1
D:\08_Dataset\Internal\mar2020\pickle_files\2437a137d08d2586f35761135ce6642d6519a64b.pkl,1
D:\08_Dataset\Internal\mar2020\pickle_files\820d51a68a67f8816bd77febe6301d0393ff8c69.pkl,1
D:\08_Dataset\Internal\mar2020\pickle_files\e6a6fede5139d0a2309a6f7bcbd7c54dfab0f2c6.pkl,1
D:\08_Dataset\Internal\mar2020\pickle_files\0c334e3e03ff15535571ca34101bd3ed991d23bb.pkl,1
D:\08_Dataset\Internal\mar2020\pickle_files\bd6bb80702c210e5c168f313b8a7fa6f64dfe52b.pkl,1
D:\08_Dataset\Internal\mar2020\pickle_files\2d46cc91b664de495a472332920378a61d2e4516.pkl,1
D:\08_Dataset\Internal\mar2020\pickle_files\02d76d5c84b004a321648fa51e4099d01c04b7ea.pkl,1
D:\08_Dataset\Internal\mar2020\pickle_files\0cacec07bfaba01152197cee5e37149683c08321.pkl,1
D:\08_Dataset\Internal\mar2020\pickle_files\52c9cabebfc18d568ad1d11074cbff7a3af91279.pkl,1
D:\08_Dataset\Internal\mar2020\pickle_files\e516e70109785e05fc93b5cb40597afce646b785.pkl,1
D:\08_Dataset\Internal\mar2020\pickle_files\ca6a86055a98c90d26749fcb54c9130cb66bc4e7.pkl,1
D:\08_Dataset\Internal\mar2020\pickle_files\fc25cc8de9d3f536382fbb5a9985a8274b1d0fd3.pkl,1
D:\08_Dataset\Internal\mar2020\pickle_files\8507233e6b871ef54cfaab6ac1433374fde47c16.pkl,1
D:\08_Dataset\Internal\mar2020\pickle_files\af465b0f6729dedc50262c77b76ce2f419cbafb4.pkl,1
D:\08_Dataset\Internal\mar2020\pickle_files\d3d48c66823e79cd6cba09b443d6c4cfc066bbad.pkl,1
D:\08_Dataset\Internal\mar2020\pickle_files\542b2d16832562ba9940a329a10a73aec549d59e.pkl,1
D:\08_Dataset\Internal\mar2020\pickle_files\06b3711c01491a04a839836e3deb0734a9e03c04.pkl,1
D:\08_Dataset\Internal\mar2020\pickle_files\a7f06d641c5de24cdda6f9202f766e7843a0b418.pkl,1
D:\08_Dataset\Internal\mar2020\pickle_files\4a097375b568f21a3ab5e14ad8031a5ca0789d20.pkl,1
D:\08_Dataset\Internal\mar2020\pickle_files\ce2ef639d8600cb45922388b10e81ab264601977.pkl,1
D:\08_Dataset\Internal\mar2020\pickle_files\4e7857e3a267fd61b8630271a33c28f72c7d8250.pkl,1
D:\08_Dataset\Internal\mar2020\pickle_files\01b33dc9a9184ecf74a837f962414734d22babc5.pkl,1
D:\08_Dataset\Internal\mar2020\pickle_files\8ada9e941495685bb7dfe1331d6eeb1b8d429c97.pkl,1
D:\08_Dataset\Internal\mar2020\pickle_files\ea68064a89ba4871d7de6a7820f1f30e2e32edda.pkl,1
D:\08_Dataset\Internal\mar2020\pickle_files\8be2160d453736f5c4abef503cedb7c61bf1aca9.pkl,1
D:\08_Dataset\Internal\mar2020\pickle_files\e997b62900a87f655ec4705d461a2983e3fda6cb.pkl,1
D:\08_Dataset\Internal\mar2020\pickle_files\e66fbd29a8457400086396c87642a4d11a38e715.pkl,1
D:\08_Dataset\Internal\mar2020\pickle_files\2fc0167557e559919bf2b6b566dc984101bee015.pkl,1
D:\08_Dataset\Internal\mar2020\pickle_files\90c71de073c65823c58ba7fe916baebecc808e57.pkl,1
D:\08_Dataset\Internal\mar2020\pickle_files\2c7d70de10af9a35030a5fe5b88e93a49055c62a.pkl,1
D:\08_Dataset\Internal\mar2020\pickle_files\79fb5ac2a807b36a43478b98941dce94bd0c0518.pkl,1
D:\08_Dataset\Internal\mar2020\pickle_files\db92f4b7cdc3a013be4bafa88f2370b1445b20f5.pkl,1
D:\08_Dataset\Internal\mar2020\pickle_files\695dfce18525b70dafcd9b5bfbd495038b4eeff7.pkl,1
D:\08_Dataset\Internal\mar2020\pickle_files\522eba33e9c639aa361b62d23162f780be609250.pkl,1
D:\08_Dataset\Internal\mar2020\pickle_files\8218a23ab073f669f7440ac4536c3c74547ed678.pkl,1
D:\08_Dataset\Internal\mar2020\pickle_files\adf839fe7e0b6c6a399bde72f93f8be319cfd3b2.pkl,1
D:\08_Dataset\Internal\mar2020\pickle_files\0e01947f9b5ccf459d2b77363f7e038d2ad78c4c.pkl,1
D:\08_Dataset\Internal\mar2020\pickle_files\5126f9d276057b77a0dc7718666a89a0c36463ad.pkl,1
D:\08_Dataset\Internal\mar2020\pickle_files\42ab62b6964b5f0bd3f57cc273cd9a8b9beb58a2.pkl,1
D:\08_Dataset\Internal\mar2020\pickle_files\4a2de24a1fe999f706ae601bfca74fb376fa425d.pkl,1
D:\08_Dataset\Internal\mar2020\pickle_files\650c1ae43a0ed3d85f2edc736d4c246ed2961597.pkl,1
D:\08_Dataset\Internal\mar2020\pickle_files\827e4079e68937091d5e3bae5eadb154c49c0fc8.pkl,1
D:\08_Dataset\Internal\mar2020\pickle_files\3ac63ade581632380ce12747b48f448b9fcbd00c.pkl,1
D:\08_Dataset\Internal\mar2020\pickle_files\61e45179f9d0553a3273beb6f32f84cec4b93166.pkl,1
D:\08_Dataset\Internal\mar2020\pickle_files\01b0733abc9a507523602a23cc330796fd891306.pkl,1
D:\08_Dataset\Internal\mar2020\pickle_files\e88dc59504a46ec1c946a4117eb397f995b5f003.pkl,1
D:\08_Dataset\Internal\mar2020\pickle_files\68c2522d6aec03c86d2af75a6d4a4ad4aa8b8072.pkl,1
D:\08_Dataset\Internal\mar2020\pickle_files\900c777f267d92e424de5eda3827e6dadf8b4bb7.pkl,1
D:\08_Dataset\Internal\mar2020\pickle_files\f83bd49379ed9270064a4de16a5fba0c3c00af98.pkl,1
D:\08_Dataset\Internal\mar2020\pickle_files\d79797d9a6b1186a02baa89c691e9c756c09f23a.pkl,1
D:\08_Dataset\Internal\mar2020\pickle_files\d66ab7fc9721504cac0f2a213aa2216c64c1f418.pkl,1
D:\08_Dataset\Internal\mar2020\pickle_files\b526fdcc6ed9903ce3b1731795c01b7e49549156.pkl,1
D:\08_Dataset\Internal\mar2020\pickle_files\ef27dab6b74f16b8c4d581d86b63f2c680678875.pkl,1
D:\08_Dataset\Internal\mar2020\pickle_files\0fddd262ac9f6fefecdf05c07985122c4251aac8.pkl,1
D:\08_Dataset\Internal\mar2020\pickle_files\a1b83761549ada6520ec6048c2f5769600bbb805.pkl,1
D:\08_Dataset\Internal\mar2020\pickle_files\e3f0b9975842013d871ca2d66a4bfc1b5704b018.pkl,1
D:\08_Dataset\Internal\mar2020\pickle_files\d509006a8da8452d77d2af1408a3ca6f505e3470.pkl,1
D:\08_Dataset\Internal\mar2020\pickle_files\26653bfcb235117d9fa8fcf99c51d68f5e22e8ed.pkl,1
D:\08_Dataset\Internal\mar2020\pickle_files\863aa230ba4ca94645b682b90b7c0867a2d9aa71.pkl,1
D:\08_Dataset\Internal\mar2020\pickle_files\e3ec6eb72bef980325e8aac30e07a2d088bdc712.pkl,1
D:\08_Dataset\Internal\mar2020\pickle_files\995968e296617f4e694fd78022f22fb46b08e664.pkl,1
D:\08_Dataset\Internal\mar2020\pickle_files\8a9df16374a10797ebe097456c31acf02c946fb4.pkl,1
D:\08_Dataset\Internal\mar2020\pickle_files\108dff967c598892d4fb9e48d654a053f73532c8.pkl,1
D:\08_Dataset\Internal\mar2020\pickle_files\df59659b680b0e21b82b516f96d8c05188061b09.pkl,1
D:\08_Dataset\Internal\mar2020\pickle_files\dec9e414cc9059312f694aeebb004628e7f2dbcf.pkl,1
D:\08_Dataset\Internal\mar2020\pickle_files\2e52c161f90ca60c792723269b5fd63d0300364c.pkl,1
D:\08_Dataset\Internal\mar2020\pickle_files\1bc5ed83cc4db1560b17f507e418643b5ea209d9.pkl,1
D:\08_Dataset\Internal\mar2020\pickle_files\343227ee16d934dfa972e624adaa76d5835892c2.pkl,1
D:\08_Dataset\Internal\mar2020\pickle_files\5f19c032f91ffad6f912272e0ed02b9f73d74ccd.pkl,1
D:\08_Dataset\Internal\mar2020\pickle_files\9e06a9bde8e39e105c4131df92d005ff25b90ea0.pkl,1
D:\08_Dataset\Internal\mar2020\pickle_files\fc2ce168f6cd71d1ab60cbfa5f8f08bd9916fae5.pkl,1
D:\08_Dataset\Internal\mar2020\pickle_files\4ffd2dc6fed3dc8b3f36a0ebc5236ae2c8beda0a.pkl,1
D:\08_Dataset\Internal\mar2020\pickle_files\a022b98013a37731953ff573d9d14085e41692bf.pkl,1
D:\08_Dataset\Internal\mar2020\pickle_files\f494ce38f19804dbb84e57476ae3402188865f5f.pkl,1
D:\08_Dataset\Internal\mar2020\pickle_files\18bbde847e3f1f8ee5427dec309fa8b6e638322e.pkl,1
D:\08_Dataset\Internal\mar2020\pickle_files\bb14a864a8b2fa0c6cf66fd9ceb2136d2fd67f74.pkl,1
D:\08_Dataset\Internal\mar2020\pickle_files\e8746396b466cd222cb1eb68f21af69cf5768e39.pkl,1
D:\08_Dataset\Internal\mar2020\pickle_files\b6680d64e33070c9ed8d05051539f7e59e51f337.pkl,1
D:\08_Dataset\Internal\mar2020\pickle_files\4cc73b722240c981f7258d84de24ca219f94df8c.pkl,1
D:\08_Dataset\Internal\mar2020\pickle_files\1844a164169452f0526f20e23cdcd68b4ece79ac.pkl,1
D:\08_Dataset\Internal\mar2020\pickle_files\7b7bf31fae6a5d0b0acfec6adc86f07d130e3d50.pkl,1
D:\08_Dataset\Internal\mar2020\pickle_files\b96a1b985edcd4e64f60c1574f879353b4cf82dd.pkl,1
D:\08_Dataset\Internal\mar2020\pickle_files\cdf3f7d1dbb2f8a0c4aebb93936bfdd3c7843b89.pkl,1
D:\08_Dataset\Internal\mar2020\pickle_files\f9f579f6858b75040babdf1243a41880e5b8b104.pkl,1
D:\08_Dataset\Internal\mar2020\pickle_files\9efa093f1d82d4998074e7c45928debfce215e91.pkl,1
D:\08_Dataset\Internal\mar2020\pickle_files\f895274bcc20ff3d628b277f810d2b61c11d43e0.pkl,1
D:\08_Dataset\Internal\mar2020\pickle_files\88de89560440a1bb03780ae0f338175275963e2e.pkl,1
D:\08_Dataset\Internal\mar2020\pickle_files\b5d8d58899f296b36fbaba0551cecd5e6cec5264.pkl,1
D:\08_Dataset\Internal\mar2020\pickle_files\d0e025be2e0acff7f6e597a2433f367719dca4d8.pkl,1
D:\08_Dataset\Internal\mar2020\pickle_files\990697cce23dc50cda325cd0f8142462f2bcc90b.pkl,1
D:\08_Dataset\Internal\mar2020\pickle_files\135a4b281cc62361530fc7ebc6e8761c69834dfb.pkl,1
D:\08_Dataset\Internal\mar2020\pickle_files\85283af7f76773f3456a0dfcc44f3ad1a4b241ad.pkl,1
D:\08_Dataset\Internal\mar2020\pickle_files\ca5e17f67407b2b1cb6a97f65130c3d8c7447b79.pkl,1
D:\08_Dataset\Internal\mar2020\pickle_files\891a56ee2c8cef733482b3efe4973e20e307a170.pkl,1
D:\08_Dataset\Internal\mar2020\pickle_files\a24e0df2ef0eb95493fad8c78f0c0992552a597f.pkl,1
D:\08_Dataset\Internal\mar2020\pickle_files\55fc1492a826e5797a1c5e322d70de959998620a.pkl,1
D:\08_Dataset\Internal\mar2020\pickle_files\7d8c13fe947519d4de5120b63cec54fe0dcaa10b.pkl,1
D:\08_Dataset\Internal\mar2020\pickle_files\a7a65f8bf48f08597daa1f83dca79deb9feef337.pkl,1
D:\08_Dataset\Internal\mar2020\pickle_files\b68a83fcf0f58ced72299f58d6ba6ffd34f1eec8.pkl,1
D:\08_Dataset\Internal\mar2020\pickle_files\654bc53a900d3f37a3af7feb46fd8a1a9ad24683.pkl,1
D:\08_Dataset\Internal\mar2020\pickle_files\6b29656e25f94240bb0cc36af2a3708d9684aea3.pkl,1
D:\08_Dataset\Internal\mar2020\pickle_files\ad7ae2a7e2a0cdc01062a7a41d6728c4787e787b.pkl,1
D:\08_Dataset\Internal\mar2020\pickle_files\b088a7d8e42eb47999c6b99ba41d938299e426c6.pkl,1
D:\08_Dataset\Internal\mar2020\pickle_files\371b1ceb1529d72a159bca987d1d17c992fd851f.pkl,1
D:\08_Dataset\Internal\mar2020\pickle_files\826e0e4d97d59a12f7824890e81f0d5a36856b71.pkl,1
D:\08_Dataset\Internal\mar2020\pickle_files\e072072094af558f4ef327b4f5624c497e85c2f3.pkl,1
D:\08_Dataset\Internal\mar2020\pickle_files\ec6f195dde1b091ca1d434c87137ec9d12121240.pkl,1
D:\08_Dataset\Internal\mar2020\pickle_files\fe5508be1a59c55483d18a46c818d211f60a76ac.pkl,1
D:\08_Dataset\Internal\mar2020\pickle_files\66de0839f4682f4fa9be118d19908c50d76c5ac6.pkl,1
D:\08_Dataset\Internal\mar2020\pickle_files\4b689494b93c9311b94fb4c8dcf02bc959dcf13c.pkl,1
D:\08_Dataset\Internal\mar2020\pickle_files\5b1074269325c7844a8acd1f391174045607425e.pkl,1
D:\08_Dataset\Internal\mar2020\pickle_files\6b8fe8c4804bc20888ecb4afaad4ab9b67b0479d.pkl,1
D:\08_Dataset\Internal\mar2020\pickle_files\a34903ec0483687276bae97bcd7b12235358ee54.pkl,1
D:\08_Dataset\Internal\mar2020\pickle_files\7b94aca512259d45fd603128ac8a46aa75bdf4b2.pkl,1
D:\08_Dataset\Internal\mar2020\pickle_files\97f9e5f949633213e66c240dac35b418184c721a.pkl,1
D:\08_Dataset\Internal\mar2020\pickle_files\f7cf4a6e0147241072625382cfe9f6be9105cef1.pkl,1
D:\08_Dataset\Internal\mar2020\pickle_files\311ec65f5e872af16e1aba0c0377a8ca0349c8bd.pkl,1
D:\08_Dataset\Internal\mar2020\pickle_files\5bb9a69dbeaf306212e956a62644f6760c4a4e3e.pkl,1
D:\08_Dataset\Internal\mar2020\pickle_files\d82cfa3876537d5c8631db1be2fdaa9b7d09a025.pkl,1
D:\08_Dataset\Internal\mar2020\pickle_files\fc1ddb09bd32a3947ad0ffb34a88764854678aac.pkl,1
D:\08_Dataset\Internal\mar2020\pickle_files\0370c088a0030b702cb0583881c80a917c07330e.pkl,1
D:\08_Dataset\Internal\mar2020\pickle_files\f4953873bd47fca9dd6bc4ab44b11eae0ac34c99.pkl,1
D:\08_Dataset\Internal\mar2020\pickle_files\96e8e54dccf484f5398b3f1361dc744dc1baa204.pkl,1
D:\08_Dataset\Internal\mar2020\pickle_files\119ef715d863a0d7c6e829b5c829547b20124a8a.pkl,1
D:\08_Dataset\Internal\mar2020\pickle_files\85fa1d64b8a8e6552c81beb5aab917e141db04f2.pkl,1
D:\08_Dataset\Internal\mar2020\pickle_files\759a1a1e129a5c87a6d33b0f4ee6ced20c275a5d.pkl,1
D:\08_Dataset\Internal\mar2020\pickle_files\cc929d49793eb535281ec487dad775f47865ff3b.pkl,1
D:\08_Dataset\Internal\mar2020\pickle_files\064836b76b34d312ad1a6c29485d4733e71aa48f.pkl,1
D:\08_Dataset\Internal\mar2020\pickle_files\d2ec9b700caf71dfa1c5c9906bc5225ce0faed5d.pkl,1
D:\08_Dataset\Internal\mar2020\pickle_files\fbbf8bca739ca4e9745e5224662b33b437a52461.pkl,1
D:\08_Dataset\Internal\mar2020\pickle_files\d4601862eaff57ee7c7713ccd56477ad4a4c03a2.pkl,1
D:\08_Dataset\Internal\mar2020\pickle_files\1242a353100b9cfefad45c955d8afd2f5d177887.pkl,1
D:\08_Dataset\Internal\mar2020\pickle_files\f41541b6b3c92700c003e34f19c2033a42b25f4e.pkl,1
D:\08_Dataset\Internal\mar2020\pickle_files\a1ef5e790a8c4cdeebcaf563060518303eb82684.pkl,1
D:\08_Dataset\Internal\mar2020\pickle_files\5b2cf4f338060f385aa25fd76f978ea25bcc46e2.pkl,1
D:\08_Dataset\Internal\mar2020\pickle_files\c7f52e6be311f7d4e9088aae6b97f94986d76f24.pkl,1
D:\08_Dataset\Internal\mar2020\pickle_files\c3ee6940be616b200f562df83dcce16e0d4e94c0.pkl,1
D:\08_Dataset\Internal\mar2020\pickle_files\7b50c392b859b4ea3075b5dc5794b14a43974656.pkl,1
D:\08_Dataset\Internal\mar2020\pickle_files\48b782b2010c9703b1990ce5a10cc405de181e6a.pkl,1
D:\08_Dataset\Internal\mar2020\pickle_files\43259ccd553e4a25a955cc7282bfcd75ee2fe9cb.pkl,1
D:\08_Dataset\Internal\mar2020\pickle_files\2811d37aa618af927596736e23796e5f66fe706e.pkl,1
D:\08_Dataset\Internal\mar2020\pickle_files\6a37706599c8cf3f294b70d9098120e16dc0577f.pkl,1
D:\08_Dataset\Internal\mar2020\pickle_files\0a2597e38c9aa31d51a6816676ec1163184f2f25.pkl,1
D:\08_Dataset\Internal\mar2020\pickle_files\e9644d627d6d4daa0854065d01ff0e1bad5eac6c.pkl,1
D:\08_Dataset\Internal\mar2020\pickle_files\e2f9d1a2b2bfe7db470897e873d63a9b4c6cadc2.pkl,1
D:\08_Dataset\Internal\mar2020\pickle_files\4a6fa004b59567c197fa4d96ed6aedd340ea5de6.pkl,1
D:\08_Dataset\Internal\mar2020\pickle_files\9fe63e439f86f276b6cd8c2f67ce3fbb5f30a62f.pkl,1
D:\08_Dataset\Internal\mar2020\pickle_files\2d1f6d906ba4381bbcf0ac42dce3b9651a3693bb.pkl,1
D:\08_Dataset\Internal\mar2020\pickle_files\7598b4ed6a957a9d90d7a20b9734a464f8ea740c.pkl,1
D:\08_Dataset\Internal\mar2020\pickle_files\2f729f667cb5c512ba6f6a6d6953c6882a15cedf.pkl,1
D:\08_Dataset\Internal\mar2020\pickle_files\52268038271e49858d45c7f5029572f6df160840.pkl,1
D:\08_Dataset\Internal\mar2020\pickle_files\beccd265a4b91b91a436860da5ca7b66f27c8c63.pkl,1
D:\08_Dataset\Internal\mar2020\pickle_files\4ad067b7d3db38c73022600a3f4350f5debeab53.pkl,1
D:\08_Dataset\Internal\mar2020\pickle_files\99a87fbd9b3389e2351437f16748e71c6457ceaf.pkl,1
D:\08_Dataset\Internal\mar2020\pickle_files\2457285f963540cbaf3785b8ac9e349d816bd277.pkl,1
D:\08_Dataset\Internal\mar2020\pickle_files\97c723c3cf9eb3940e3a9c60cc2a1c761973590f.pkl,1
D:\08_Dataset\Internal\mar2020\pickle_files\63a059cde21379ce631be3055787064be871cc2f.pkl,1
D:\08_Dataset\Internal\mar2020\pickle_files\d25af49f8ec8846d42c9d2a45b4e0d3968c58e64.pkl,1
D:\08_Dataset\Internal\mar2020\pickle_files\b425670541af69a01d4c16a7644f74ab449bb442.pkl,1
D:\08_Dataset\Internal\mar2020\pickle_files\6fb9d205f48eb540f49147310ff1847c4de68203.pkl,1
D:\08_Dataset\Internal\mar2020\pickle_files\30a09a7b4598dfc323dbbae140cca808c8993f36.pkl,1
D:\08_Dataset\Internal\mar2020\pickle_files\20879018a93036741ff76f713d2e056dea566bb9.pkl,1
D:\08_Dataset\Internal\mar2020\pickle_files\200d0c973f88f3c9bb3a0b8f11e638c1d39e5b17.pkl,1
D:\08_Dataset\Internal\mar2020\pickle_files\975d4fb9f1a11e68d7fc3137261c5389edda187f.pkl,1
D:\08_Dataset\Internal\mar2020\pickle_files\d8cccc7547e7b0eda6e99a9ae0874952efd86507.pkl,1
D:\08_Dataset\Internal\mar2020\pickle_files\48b8029210bce8a5fcfd76ccd797430ab1240b8e.pkl,1
D:\08_Dataset\Internal\mar2020\pickle_files\b47998d6267e2bfa78011c403aa5f2feaeaef345.pkl,1
D:\08_Dataset\Internal\mar2020\pickle_files\a04be523d2f0cee63bff92dc6b075a02be98c220.pkl,1
D:\08_Dataset\Internal\mar2020\pickle_files\075dfe0d9c8df87e225664f71d380d07aef502d2.pkl,1
D:\08_Dataset\Internal\mar2020\pickle_files\b024cc32c1cd46fbfee416691c99c0e34d3c4d15.pkl,1
D:\08_Dataset\Internal\mar2020\pickle_files\f5f8ef92045a46e73fb5ed725df4cb8eab90b7b8.pkl,1
D:\08_Dataset\Internal\mar2020\pickle_files\6d4df818cbf28b3a8524f5b8926ebb7fb7f34f32.pkl,1
D:\08_Dataset\Internal\mar2020\pickle_files\012d85d3d40213465dc85b5618a0e047f5b51620.pkl,1
D:\08_Dataset\Internal\mar2020\pickle_files\9530c14f84f99659504c6882afeee94dd1253c71.pkl,1
D:\08_Dataset\Internal\mar2020\pickle_files\417361da4a5f21ae8896561091924f5f79ad7f2b.pkl,1
D:\08_Dataset\Internal\mar2020\pickle_files\d3924c8d1568b67512ae7b75d4912008623f9b6b.pkl,1
D:\08_Dataset\Internal\mar2020\pickle_files\5a5c8fcfd36b40b3dd0e9f1e164bb0e0939a3801.pkl,1
D:\08_Dataset\Internal\mar2020\pickle_files\9db475cd60ee2df4e6193bae029ff07574cd2060.pkl,1
D:\08_Dataset\Internal\mar2020\pickle_files\590393a20b637b723be05eb19db5bff987eefd40.pkl,1
D:\08_Dataset\Internal\mar2020\pickle_files\95dc9a4b4048df2c8aa78157e8473109e313fff4.pkl,1
D:\08_Dataset\Internal\mar2020\pickle_files\9527ac9d8ede872b477b02cc09967dc2a040f58c.pkl,1
D:\08_Dataset\Internal\mar2020\pickle_files\5e525934477897578d2ba651b4112f6359e96418.pkl,1
D:\08_Dataset\Internal\mar2020\pickle_files\a83c98b2ccaa90fb63ef04f3f557bc3f2b718a42.pkl,1
D:\08_Dataset\Internal\mar2020\pickle_files\0454dcbd7e2431fd9699bc2dc6bbb51b0c5deacc.pkl,1
D:\08_Dataset\Internal\mar2020\pickle_files\6a3feeb6d392ed8dd8475e898343a3cababf1089.pkl,1
D:\08_Dataset\Internal\mar2020\pickle_files\aff955cd2b4f11452b06ec9ba83fc925fe5bc8ea.pkl,1
D:\08_Dataset\Internal\mar2020\pickle_files\cbef20054b37cd4a308f378fa021e72cdaa2b0ea.pkl,1
D:\08_Dataset\Internal\mar2020\pickle_files\7df4b165e8460123451c2a6cb3c7f371898d648d.pkl,1
D:\08_Dataset\Internal\mar2020\pickle_files\ccc16a27a0bcfa31e23d585cfed7160ddfede2f1.pkl,1
D:\08_Dataset\Internal\mar2020\pickle_files\0d82d61e336ffb85d3b4586e7742350b271d90d2.pkl,1
D:\08_Dataset\Internal\mar2020\pickle_files\64ed63bb7d4d1c7f937625df152de5487e50a63c.pkl,1
D:\08_Dataset\Internal\mar2020\pickle_files\84861dea47c5fc8ac266ede890b90fa22c7e25ff.pkl,1
D:\08_Dataset\Internal\mar2020\pickle_files\b026395da23f4a6e439dcc8f10928dd8dab8836c.pkl,1
D:\08_Dataset\Internal\mar2020\pickle_files\6d3dd78ed7c92e8ccb3bdc686d865574354a2c1d.pkl,1
D:\08_Dataset\Internal\mar2020\pickle_files\521b00899cdf10a669fae3624596e22adc147cf9.pkl,1
D:\08_Dataset\Internal\mar2020\pickle_files\3a0b9da624bdfa7bfb8d633b50b01d4ad7d4f70c.pkl,1
D:\08_Dataset\Internal\mar2020\pickle_files\1d9d628e90149dbc77d8b622d13751c48a290f90.pkl,1
D:\08_Dataset\Internal\mar2020\pickle_files\497995bdcf62ee36a7fb1d25d401bce43dfe31d7.pkl,1
D:\08_Dataset\Internal\mar2020\pickle_files\6d96f019e0e9c8c306ef56290628ab53f5e117f3.pkl,1
D:\08_Dataset\Internal\mar2020\pickle_files\556e5ba527f02dc4c1c7c1d77fc68c328cf55a1d.pkl,1
D:\08_Dataset\Internal\mar2020\pickle_files\fa133fe4cc4601f14e9ce56e82d65c9311cf6c75.pkl,1
D:\08_Dataset\Internal\mar2020\pickle_files\ec45cec432531816851c1786c840020ab2806082.pkl,1
D:\08_Dataset\Internal\mar2020\pickle_files\6511f4ea3f488ec6e0ac324f22493c29a331c25d.pkl,1
D:\08_Dataset\Internal\mar2020\pickle_files\f69fd6b2523783ea23773ce48c614aad3d47c721.pkl,1
D:\08_Dataset\Internal\mar2020\pickle_files\4a6c3ad8ef4d621caa280d058f700ceeaf3df00d.pkl,1
D:\08_Dataset\Internal\mar2020\pickle_files\3da7b5a68f245f80b123ac2679d9937fb4974164.pkl,1
D:\08_Dataset\Internal\mar2020\pickle_files\2eefa4d292a8771aa6d126dad10d3ac02a4adc76.pkl,1
D:\08_Dataset\Internal\mar2020\pickle_files\fab3a6078a359f0d4b1716d60b56372992a0780b.pkl,1
D:\08_Dataset\Internal\mar2020\pickle_files\63eaf118ef40c01bec295dfcff7c9e85c7f03f0a.pkl,1
D:\08_Dataset\Internal\mar2020\pickle_files\e92b07f2d7398c33b284df0283b678b17c4871f3.pkl,1
D:\08_Dataset\Internal\mar2020\pickle_files\9fdd2aa09908af8d086e9190aba56246b141880b.pkl,1
D:\08_Dataset\Internal\mar2020\pickle_files\cdde5ca2a18626f42c11146117f23f51bd42fbd2.pkl,1
D:\08_Dataset\Internal\mar2020\pickle_files\2319f4fc62ee0fb83dbe702970062c8f1c943a35.pkl,1
D:\08_Dataset\Internal\mar2020\pickle_files\8514381617cff8668bf0fb6a6a652008c518586f.pkl,1
D:\08_Dataset\Internal\mar2020\pickle_files\85703f2f88b735ebba4139c1f8c4bb3606cff08b.pkl,1
D:\08_Dataset\Internal\mar2020\pickle_files\f1482042884005aaaeac75c8c877c3c9a3a4eb7c.pkl,1
D:\08_Dataset\Internal\mar2020\pickle_files\8cf658f26520132df2c2ef349a673d23426c3dc9.pkl,1
D:\08_Dataset\Internal\mar2020\pickle_files\a657accbb41ff49319e52878f5fee6a241d9677b.pkl,1
D:\08_Dataset\Internal\mar2020\pickle_files\4abf60291c00440194b3900e2b3c82314d3b9861.pkl,1
D:\08_Dataset\Internal\mar2020\pickle_files\a03e763af75b06b346737fdfe8a773c9b1e43988.pkl,1
D:\08_Dataset\Internal\mar2020\pickle_files\4e9ec0a07fa23c8fcf91e0523604a6b2ec159eb3.pkl,1
D:\08_Dataset\Internal\mar2020\pickle_files\a732291471da97d794e05b15f1db5424fc14f7aa.pkl,1
D:\08_Dataset\Internal\mar2020\pickle_files\c193c0eb951bc69005fda3cf64a0f0ce003dd0c4.pkl,1
D:\08_Dataset\Internal\mar2020\pickle_files\aad64a349eae17561c82d0c8a15e484b97d33d7b.pkl,1
D:\08_Dataset\Internal\mar2020\pickle_files\6f01febe97dc6406da45ff14c1c1323d6f53c188.pkl,1
D:\08_Dataset\Internal\mar2020\pickle_files\d53d440cf9050bd6e741de73584b7e0b181b5026.pkl,1
D:\08_Dataset\Internal\mar2020\pickle_files\c5308d96505cc20af285f403daa8dedc0077464f.pkl,1
D:\08_Dataset\Internal\mar2020\pickle_files\1cfee80cf6773d8e83573ec67ea2377c79318fca.pkl,1
D:\08_Dataset\Internal\mar2020\pickle_files\1edd1b826c04c98520b701ea15682be699cda9e6.pkl,1
D:\08_Dataset\Internal\mar2020\pickle_files\eab9e1fd576566fda9631c292175fef4182c6a1c.pkl,1
D:\08_Dataset\Internal\mar2020\pickle_files\3f1bd2a09b241c9f17920ce86b7f739021dbabdf.pkl,1
D:\08_Dataset\Internal\mar2020\pickle_files\e311e32423875aad79d8287bc56ca4003d2c2cfa.pkl,1
D:\08_Dataset\Internal\mar2020\pickle_files\6e71e9b30fa39bfee5a9a1272f9ce41a8b2dad58.pkl,1
D:\08_Dataset\Internal\mar2020\pickle_files\7ace50a0d9df14a1e9da7a6b0701640ecf0961bd.pkl,1
D:\08_Dataset\Internal\mar2020\pickle_files\7413079900e601823f934110ed6ab515296965a8.pkl,1
D:\08_Dataset\Internal\mar2020\pickle_files\1d1e5b68adcabc25c370af505e74873d24f9c696.pkl,1
D:\08_Dataset\Internal\mar2020\pickle_files\3053a9226763ec65e6dd4ad27844bad904580030.pkl,1
D:\08_Dataset\Internal\mar2020\pickle_files\0df3155a051294b74e6c211d6fff532db82197c4.pkl,1
D:\08_Dataset\Internal\mar2020\pickle_files\a2f484ea698ea97434bc480f0773efed2ce31dda.pkl,1
D:\08_Dataset\Internal\mar2020\pickle_files\5dcd96ad56562b4579810512a9dfef1ba333872e.pkl,1
D:\08_Dataset\Internal\mar2020\pickle_files\283282b67d09764b7e85574074f50f2b82c0db4a.pkl,1
D:\08_Dataset\Internal\mar2020\pickle_files\b2c1bafdcba83646124de32874ea32d2de63c334.pkl,1
D:\08_Dataset\Internal\mar2020\pickle_files\ecccba3ada69878a412b9a39356930f3b9d1ffb7.pkl,1
D:\08_Dataset\Internal\mar2020\pickle_files\7cc2f604bb17ddf35bee629214efb5f1b2b50cc3.pkl,1
D:\08_Dataset\Internal\mar2020\pickle_files\af378289d3862c4ea84586d5cd411b5e090a309a.pkl,1
D:\08_Dataset\Internal\mar2020\pickle_files\d7357202d4c16c370e977c7acae36fee100faf3f.pkl,1
D:\08_Dataset\Internal\mar2020\pickle_files\ee98819639835b2fbd2d4fc2058d5bf1c3c6f6d0.pkl,1
D:\08_Dataset\Internal\mar2020\pickle_files\ef8ad82a6135d6a42cc879988e07d62ae47db225.pkl,1
D:\08_Dataset\Internal\mar2020\pickle_files\1f2213ceeff0820ac27229023b511386d81b7b5b.pkl,1
D:\08_Dataset\Internal\mar2020\pickle_files\53db8e19d31a312c7764ed839bcd2940f85608a7.pkl,1
D:\08_Dataset\Internal\mar2020\pickle_files\08dfc629429e56a0acd54aec4df658ee09193d1e.pkl,1
D:\08_Dataset\Internal\mar2020\pickle_files\04e544f2b7e50a0d0eeba97f9350836021892f56.pkl,1
D:\08_Dataset\Internal\mar2020\pickle_files\1216d29a35316ecd2c9e8753b1b19a0af5beea84.pkl,1
D:\08_Dataset\Internal\mar2020\pickle_files\f7c694428b1f3d70fb17707857f9060fd493bec7.pkl,1
D:\08_Dataset\Internal\mar2020\pickle_files\2fe8784f38bea32745e866f1a4ae71b41946c5fa.pkl,1
D:\08_Dataset\Internal\mar2020\pickle_files\2f37c333ed5a96eb6d1fe01701b63997c83a6b42.pkl,1
D:\08_Dataset\Internal\mar2020\pickle_files\1ee7f7a5880fd696fc8f4a1ccd2a8412857c99ad.pkl,1
D:\08_Dataset\Internal\mar2020\pickle_files\07519b288939a2b5b43f129c4b4c7dbc35e71bc8.pkl,1
D:\08_Dataset\Internal\mar2020\pickle_files\d46e40829f0998222afe02c802cf9fad03edc10b.pkl,1
D:\08_Dataset\Internal\mar2020\pickle_files\f86c64ab367c0dcf1b81f218041ebd6ed0dedbc4.pkl,1
D:\08_Dataset\Internal\mar2020\pickle_files\0f9b8e3225ba6ff2dda23e380ccaece303ae31cc.pkl,1
D:\08_Dataset\Internal\mar2020\pickle_files\80a60b0be673ed1e3db7e457953910ebd8c58ff3.pkl,1
D:\08_Dataset\Internal\mar2020\pickle_files\ac95da139e0b2b6c06989816cc90a17688fec3d6.pkl,1
D:\08_Dataset\Internal\mar2020\pickle_files\f3371e763a3af5fdd8e4ff853405f51a450e3117.pkl,1
D:\08_Dataset\Internal\mar2020\pickle_files\07bcdab9d0f374f28e94be1990b24846f9c05a62.pkl,1
D:\08_Dataset\Internal\mar2020\pickle_files\e39aa64c68c93fcc70836a1216980211c4cf128e.pkl,1
D:\08_Dataset\Internal\mar2020\pickle_files\7e3934fc5637cb72b1a71d24af1fbb16834a2895.pkl,1
D:\08_Dataset\Internal\mar2020\pickle_files\a24cf46d5a1064bb0bb7ded50afa1e66be46b9e7.pkl,1
D:\08_Dataset\Internal\mar2020\pickle_files\8772b0741c2b38e79d30b76dbdc68bfd9b3c1313.pkl,1
D:\08_Dataset\Internal\mar2020\pickle_files\544f748f62cbac8ad9769439c20dcc09ce87485f.pkl,1
D:\08_Dataset\Internal\mar2020\pickle_files\ee813233bf06bd8498f1ce5fd7ac65f2ed3fa3fb.pkl,1
D:\08_Dataset\Internal\mar2020\pickle_files\dbd69899d7749d51d5ac9b0ef2a3c31a02d078af.pkl,1
D:\08_Dataset\Internal\mar2020\pickle_files\daf2346d5edaf212c257c40fcb983cd36f0bd24a.pkl,1
D:\08_Dataset\Internal\mar2020\pickle_files\8b0419aa12707de38955b3e90e67bd56f57fbd6d.pkl,1
D:\08_Dataset\Internal\mar2020\pickle_files\65741e574fadde7954c79dc4d9d5d827c5128040.pkl,1
D:\08_Dataset\Internal\mar2020\pickle_files\0de51df7e12262659ef85bea504d548706aadd06.pkl,1
D:\08_Dataset\Internal\mar2020\pickle_files\90ff1bb398ff4bd82ff4a541720ea56825bde3d4.pkl,1
D:\08_Dataset\Internal\mar2020\pickle_files\f7714a81a1598edf27a280690ff0549e34d94b18.pkl,1
D:\08_Dataset\Internal\mar2020\pickle_files\7e7ff695a48e3c5c7de00389fcdecf63d5c18f39.pkl,1
D:\08_Dataset\Internal\mar2020\pickle_files\858a6e6d251aabe3a2616fe7898b2ba4bdef1039.pkl,1
D:\08_Dataset\Internal\mar2020\pickle_files\64ce1452d13074e6f6c5d488fd3e7a7cc5ef33ad.pkl,1
D:\08_Dataset\Internal\mar2020\pickle_files\af33bc4afa08d2a660910cc14038ba988948e7d1.pkl,1
D:\08_Dataset\Internal\mar2020\pickle_files\6062cfab869fd6957a660fe867b8e2c0f25bf02e.pkl,1
D:\08_Dataset\Internal\mar2020\pickle_files\c32cc85d0fa0d09c71570ba54460341faa07ff4c.pkl,1
D:\08_Dataset\Internal\mar2020\pickle_files\0b11dad12f679b4cf6345a36d01e6779f22e4ada.pkl,1
D:\08_Dataset\Internal\mar2020\pickle_files\81bde799fe25598f8f0ba5cb244250fab934fc9f.pkl,1
D:\08_Dataset\Internal\mar2020\pickle_files\f8530fd045577c214c2f102f146234b9b0261bc1.pkl,1
D:\08_Dataset\Internal\mar2020\pickle_files\cd006affed953083c9e10d90c3f86774e2faa20c.pkl,1
D:\08_Dataset\Internal\mar2020\pickle_files\be44ce317fa741423325a48b74d10cbcf391e107.pkl,1
D:\08_Dataset\Internal\mar2020\pickle_files\edc9da4c31931f1fac5ee2a048024fa00720294a.pkl,1
D:\08_Dataset\Internal\mar2020\pickle_files\3d38f97043b759e3ec95d3dd7abcfa89979b5635.pkl,1
D:\08_Dataset\Internal\mar2020\pickle_files\108f1117be828df4800d4064598811dd0e5a7eb8.pkl,1
D:\08_Dataset\Internal\mar2020\pickle_files\3052799783e726ee5dda67e46cf30ee982db81c9.pkl,1
D:\08_Dataset\Internal\mar2020\pickle_files\8d06c4461043ed6a2db6d746f701f2401c14c26f.pkl,1
D:\08_Dataset\Internal\mar2020\pickle_files\9b0a8b39eeb3f4ae99abd93846a92ee8684e21e1.pkl,1
D:\08_Dataset\Internal\mar2020\pickle_files\9acd4d48ee81d4bdfd8fe8753aa3345af46a9ac5.pkl,1
D:\08_Dataset\Internal\mar2020\pickle_files\39dcf1984afd5090485ca3fe865f1b3d0c71a56a.pkl,1
D:\08_Dataset\Internal\mar2020\pickle_files\ddb833a9f3c0daaa874014a6b41382dd7a60a495.pkl,1
D:\08_Dataset\Internal\mar2020\pickle_files\13e8938498e02ec3b66785b4b2e7270115969adc.pkl,1
D:\08_Dataset\Internal\mar2020\pickle_files\9f2f54202789b29f0493cad3322ffc4639144e6e.pkl,1
D:\08_Dataset\Internal\mar2020\pickle_files\12b6da351a880c04f2144e41a8d1353d27555365.pkl,1
D:\08_Dataset\Internal\mar2020\pickle_files\aabb7f32372b88134f7243890ea2c5219d08878a.pkl,1
D:\08_Dataset\Internal\mar2020\pickle_files\a68f2c8da3284a2472609455587e15171eb171fa.pkl,1
D:\08_Dataset\Internal\mar2020\pickle_files\1298f93d28f9fa62958ecff1dcaeed86bc205ec9.pkl,1
D:\08_Dataset\Internal\mar2020\pickle_files\71f15a8bc3714f620608bbd1487d66eb875f584a.pkl,1
D:\08_Dataset\Internal\mar2020\pickle_files\eb150cbb105d1908df5318ebe6474ddafbfa2c07.pkl,1
D:\08_Dataset\Internal\mar2020\pickle_files\620e26018ab05e633c0fdb46acdd14bc6e3bad00.pkl,1
D:\08_Dataset\Internal\mar2020\pickle_files\bbb173c42b647e8a532d3df38b985322801634c3.pkl,1
D:\08_Dataset\Internal\mar2020\pickle_files\fcb82c6b45bf9738f492a4fcb59147253b360a6e.pkl,1
D:\08_Dataset\Internal\mar2020\pickle_files\5b2ed19de23d845fde7d5c83123ef27ab31912e7.pkl,1
D:\08_Dataset\Internal\mar2020\pickle_files\5990b8196dff3b738e8ef86258844214735120ce.pkl,1
D:\08_Dataset\Internal\mar2020\pickle_files\7ae8ecbc8ad4cc633fa0ed61c1150db50db5962b.pkl,1
D:\08_Dataset\Internal\mar2020\pickle_files\e0ee5795209267d1e94a1a13a49bd87a27d2e3ea.pkl,1
D:\08_Dataset\Internal\mar2020\pickle_files\df4ce96aaebab010efc58836e7d197141948c0fd.pkl,1
D:\08_Dataset\Internal\mar2020\pickle_files\a72b58efd5d3063853bf49f537f1f28886fb6c1e.pkl,1
D:\08_Dataset\Internal\mar2020\pickle_files\a4b22bb8c220d487e147073f5bf6f517433348c4.pkl,1
D:\08_Dataset\Internal\mar2020\pickle_files\5d591187b45c9333c7d7140cd19d2142b14293b9.pkl,1
D:\08_Dataset\Internal\mar2020\pickle_files\42e629b1e35af200a56dedb2d646b2dc62171ab0.pkl,1
D:\08_Dataset\Internal\mar2020\pickle_files\af695afd1ee0f773aa3648bbfef915ee7de0d139.pkl,1
D:\08_Dataset\Internal\mar2020\pickle_files\ce5dbd6fbbd31135f157a46e0443f2595be61936.pkl,1
D:\08_Dataset\Internal\mar2020\pickle_files\d5b3c99ad8fa512ae4d3e833fdfc1acfdaaaa969.pkl,1
D:\08_Dataset\Internal\mar2020\pickle_files\5bf4ec9fe76d679e8142d0d634269e61a787b01d.pkl,1
D:\08_Dataset\Internal\mar2020\pickle_files\92d48594f87ffb3983de3fd9bd612aec26ef8c0f.pkl,1
D:\08_Dataset\Internal\mar2020\pickle_files\7f3bfbecc4f9b093d2201e87a1217c5cf4b7af5b.pkl,1
D:\08_Dataset\Internal\mar2020\pickle_files\95a08c25e85be6a096de4ec13a3316fb9b580b88.pkl,1
D:\08_Dataset\Internal\mar2020\pickle_files\478b8544c2bc1dc66f79b4dbfbaaab712c60a090.pkl,1
D:\08_Dataset\Internal\mar2020\pickle_files\daf0530d1bbffad8e2df6c7206b95056fba50062.pkl,1
D:\08_Dataset\Internal\mar2020\pickle_files\f873bf595b2be8842ace8a3a1520edcb1e35329d.pkl,1
D:\08_Dataset\Internal\mar2020\pickle_files\5950977267c850f45413be5d40eb304f9dc61c98.pkl,1
D:\08_Dataset\Internal\mar2020\pickle_files\3500ae9d9e22f96fa4b1df89626d893cbb9c1ba2.pkl,1
D:\08_Dataset\Internal\mar2020\pickle_files\d1b1ab49ff1e7ba77b694d04a70bb4dfb2906bd0.pkl,1
D:\08_Dataset\Internal\mar2020\pickle_files\9cc390bad226d985316629f40a20dbacf4d50195.pkl,1
D:\08_Dataset\Internal\mar2020\pickle_files\eb6833449c3a96ffd92ab201c9b0b0a97adb9109.pkl,1
D:\08_Dataset\Internal\mar2020\pickle_files\affb2f012b04ed4e87c2ad3998aaf34d84fe4f87.pkl,1
D:\08_Dataset\Internal\mar2020\pickle_files\c865d870496bdefca52ffbb362ea3770ce16f903.pkl,1
D:\08_Dataset\Internal\mar2020\pickle_files\a1e5d1b0d60bd62273cd3a0ca2885e3d98a7ec72.pkl,1
D:\08_Dataset\Internal\mar2020\pickle_files\88e220cfaaf956fab9c2b087be25cdb807261fb9.pkl,1
D:\08_Dataset\Internal\mar2020\pickle_files\de3dbc3249c456ba3a893482df03f5f2c1a8c7ee.pkl,1
D:\08_Dataset\Internal\mar2020\pickle_files\f57f71ae1e52f25ec9f643760551e1b6cfb9c7ff.pkl,1
D:\08_Dataset\Internal\mar2020\pickle_files\283b8a66a55a94ed7ac813f12fd26071bef75cde.pkl,1
D:\08_Dataset\Internal\mar2020\pickle_files\326633c3f73f8981069a48c8d43eb508e04f6a27.pkl,1
D:\08_Dataset\Internal\mar2020\pickle_files\ca410f5e07818027963c2326211c489c413731bc.pkl,1
D:\08_Dataset\Internal\mar2020\pickle_files\1498e19687db509a9aa9c812b551d938665ca017.pkl,1
D:\08_Dataset\Internal\mar2020\pickle_files\cd542dceddf69f07c0b7d6c97dbf2a61cb064639.pkl,1
D:\08_Dataset\Internal\mar2020\pickle_files\8282643b4ac1b591926851671da47c83e380a526.pkl,1
D:\08_Dataset\Internal\mar2020\pickle_files\131481b554430bd83dae405207d46998cb178855.pkl,1
D:\08_Dataset\Internal\mar2020\pickle_files\ad325bf63ac4a2a3d5234ed64f87d17746f7f682.pkl,1
D:\08_Dataset\Internal\mar2020\pickle_files\043961b2b991034040f8bada759d8a6b082ea9f5.pkl,1
D:\08_Dataset\Internal\mar2020\pickle_files\124b87e7817f720c945460ac470799e025a1cad4.pkl,1
D:\08_Dataset\Internal\mar2020\pickle_files\13bbdf6baaa391db929a8ff297d55b540157bcdf.pkl,1
D:\08_Dataset\Internal\mar2020\pickle_files\c71b42c62a99bf20b2bbc97c35ca71a838660514.pkl,1
D:\08_Dataset\Internal\mar2020\pickle_files\be500bf99c31a6cf3d607a9267ca599693ad9887.pkl,1
D:\08_Dataset\Internal\mar2020\pickle_files\b19541149e256cd73f3aa9840459541185982b07.pkl,1
D:\08_Dataset\Internal\mar2020\pickle_files\733f3bdb873ec383b6d38131af7aaf3e175f056d.pkl,1
D:\08_Dataset\Internal\mar2020\pickle_files\982e5a6ff6c42d28c8ab8bae390d599be1cce4c5.pkl,1
D:\08_Dataset\Internal\mar2020\pickle_files\dd4fdccfae9de1374d8f40189e9294a0576adc27.pkl,1
D:\08_Dataset\Internal\mar2020\pickle_files\e8b60ae2bf83dc8add64be63a60c4c358d424401.pkl,1
D:\08_Dataset\Internal\mar2020\pickle_files\5b9966f044dfab4424a8174bc008f223d2decf12.pkl,1
D:\08_Dataset\Internal\mar2020\pickle_files\2a00ff06e8904651c5d7d480896bf07c164290f6.pkl,1
D:\08_Dataset\Internal\mar2020\pickle_files\182c29c0c62502c81b3280869e68d449e0b09354.pkl,1
D:\08_Dataset\Internal\mar2020\pickle_files\7ce4c7ac0c77124895972b98a105f563dccb0cfa.pkl,1
D:\08_Dataset\Internal\mar2020\pickle_files\718633bab3daa9e05e37ede3e31d5dfc692674db.pkl,1
D:\08_Dataset\Internal\mar2020\pickle_files\6965bab4be52b87e53f36cccd1496ace01266375.pkl,1
D:\08_Dataset\Internal\mar2020\pickle_files\aea4d117470e7378b70772cff57dfd63255d36b6.pkl,1
D:\08_Dataset\Internal\mar2020\pickle_files\19f031327e666ddfcf294f631795acc9bb337ada.pkl,1
D:\08_Dataset\Internal\mar2020\pickle_files\26a5d2e9825e9e525325898a6de5a573f4deff53.pkl,1
D:\08_Dataset\Internal\mar2020\pickle_files\abf76b8bf36573d4532e52604a5d12942d844b0d.pkl,1
D:\08_Dataset\Internal\mar2020\pickle_files\c466e8cffad532a02f00388f733818d1b8fa3e73.pkl,1
D:\08_Dataset\Internal\mar2020\pickle_files\6c88518334c43de74d656c457057c9bcfb19abc0.pkl,1
D:\08_Dataset\Internal\mar2020\pickle_files\d3a98d91710bf58a2ca00c64631eefbb2181f0ca.pkl,1
D:\08_Dataset\Internal\mar2020\pickle_files\8c6f436c78852f22b19c6c3c8a3ac226fd17d7fe.pkl,1
D:\08_Dataset\Internal\mar2020\pickle_files\6a9d702ff7a43e1c94dea01c2a86400a8e0b3fd0.pkl,1
D:\08_Dataset\Internal\mar2020\pickle_files\b6c224289f9cd4038bdecd2074a5c19d91dcedc1.pkl,1
D:\08_Dataset\Internal\mar2020\pickle_files\76a58aaebfcddac0d09c24ebb706fe0f4cb61359.pkl,1
D:\08_Dataset\Internal\mar2020\pickle_files\315e002637cf5a0bfd2318b58b109269ef3a4b10.pkl,1
D:\08_Dataset\Internal\mar2020\pickle_files\ca7ef3f0929e087a37c45dac4a689842c2055659.pkl,1
D:\08_Dataset\Internal\mar2020\pickle_files\6b73a0565fc2d6549a37a1d54e6fb0c59d4fcbfe.pkl,1
D:\08_Dataset\Internal\mar2020\pickle_files\11c701e1797fcfe62394586ad61ed3c7fecd4b83.pkl,1
D:\08_Dataset\Internal\mar2020\pickle_files\84aa094a74bd33dd7b3480b6f19efe9a26419786.pkl,1
D:\08_Dataset\Internal\mar2020\pickle_files\12ec22ddca834b2407c418a82c1b790678bb72c8.pkl,1
D:\08_Dataset\Internal\mar2020\pickle_files\0a90155a83c1229e88a3d4498ae538bebdca666b.pkl,1
D:\08_Dataset\Internal\mar2020\pickle_files\d76d124e1e0985effed5749d2a9bf3dc29c0579f.pkl,1
D:\08_Dataset\Internal\mar2020\pickle_files\f25097b1b8d65223469ceaa3215665c15428e24b.pkl,1
D:\08_Dataset\Internal\mar2020\pickle_files\e43ed81088a48305c9b9dc3dadda64ec9efce48c.pkl,1
D:\08_Dataset\Internal\mar2020\pickle_files\18b38a80f98028c9ff420372d4f75ee4e2378c30.pkl,1
D:\08_Dataset\Internal\mar2020\pickle_files\74a594a239856609f4e9e41ad95352a0cec3dcc7.pkl,1
D:\08_Dataset\Internal\mar2020\pickle_files\4824f297893e74b0f09ca3f7fc8da2c6511e6a39.pkl,1
D:\08_Dataset\Internal\mar2020\pickle_files\1d737105f29eec7b519bbae33ec628d321b62cb2.pkl,1
D:\08_Dataset\Internal\mar2020\pickle_files\f2f4b0c936723377df0447322434dad3d32966a4.pkl,1
D:\08_Dataset\Internal\mar2020\pickle_files\c0492f704c596631943b59ba9825f8d2a113fab2.pkl,1
D:\08_Dataset\Internal\mar2020\pickle_files\845dd70571381fc560ba1ee932f87338dfd672e6.pkl,1
D:\08_Dataset\Internal\mar2020\pickle_files\5009de3a98dd3bf60aca4c49f47fd10e5098f957.pkl,1
D:\08_Dataset\Internal\mar2020\pickle_files\3f5f1c9ea63ff2aa7ce4db522b97bfa99f3ca8e2.pkl,1
D:\08_Dataset\Internal\mar2020\pickle_files\7baca5f30e7d9aceab3a39e7f512ad7cfdf6da8a.pkl,1
D:\08_Dataset\Internal\mar2020\pickle_files\a89588de57513196ca570b17fbfb35b9134ad8bf.pkl,1
D:\08_Dataset\Internal\mar2020\pickle_files\a4660fffb2878199e6852d2b1f20074096c149a0.pkl,1
D:\08_Dataset\Internal\mar2020\pickle_files\6083db616205878da34125d8aaf73159451e175d.pkl,1
D:\08_Dataset\Internal\mar2020\pickle_files\d95634fbaebe93cd1810d26fb53c50787328d80e.pkl,1
D:\08_Dataset\Internal\mar2020\pickle_files\d5d61aa0a167c3940ed77483257b490b18a4f2ec.pkl,1
D:\08_Dataset\Internal\mar2020\pickle_files\a78c1df2b3dca6cc2e7950bf41ceafd08fccc31f.pkl,1
D:\08_Dataset\Internal\mar2020\pickle_files\e121efed3b060d4666a0e753a8b68afd341456f7.pkl,1
D:\08_Dataset\Internal\mar2020\pickle_files\b609aa73682135c6bdd64e6bb68503622daf28f0.pkl,1
D:\08_Dataset\Internal\mar2020\pickle_files\49b42fa6d743db2649605591faa96dc2cec96d68.pkl,1
D:\08_Dataset\Internal\mar2020\pickle_files\c67dd43980cd2b2dce3fff28033ebe0027ab5962.pkl,1
D:\08_Dataset\Internal\mar2020\pickle_files\7446337a5877ec601f4e9adc74bfafca36d32198.pkl,1
D:\08_Dataset\Internal\mar2020\pickle_files\7b71bbc2e0cc6122573464bdf5d4c85934034aa1.pkl,1
D:\08_Dataset\Internal\mar2020\pickle_files\cb4ffa836d0a036baf4f059564cf7a532752c2ba.pkl,1
D:\08_Dataset\Internal\mar2020\pickle_files\5551349f47b4b1409083bf6186119db62db06061.pkl,1
D:\08_Dataset\Internal\mar2020\pickle_files\2bae9dffa066cd3ad498d9fa7897aea370b5a0bd.pkl,1
D:\08_Dataset\Internal\mar2020\pickle_files\d47d2cd076d5ce578d5681a860be3e333d7b0c5a.pkl,1
D:\08_Dataset\Internal\mar2020\pickle_files\0d5c729cd9b4ade79f4bf258f617eb259f06e41d.pkl,1
D:\08_Dataset\Internal\mar2020\pickle_files\1398f2bb5b7dc635cc9dbc9f53be21bc4c240f22.pkl,1
D:\08_Dataset\Internal\mar2020\pickle_files\cae81e9800df37329290e6f25e67a2c2a0ed84b9.pkl,1
D:\08_Dataset\Internal\mar2020\pickle_files\63c960407d08b65b25829f679bbd654dbbaa9b56.pkl,1
D:\08_Dataset\Internal\mar2020\pickle_files\2cd6ac34103554986a8c0f6da78884ec1e7dac43.pkl,1
D:\08_Dataset\Internal\mar2020\pickle_files\fcdac4bfa398f17fe175383bdb63ce499154dfa8.pkl,1
D:\08_Dataset\Internal\mar2020\pickle_files\c3af29bf5891e745dcb9552e24c78cd15d0a10f7.pkl,1
D:\08_Dataset\Internal\mar2020\pickle_files\a8670818b88e76e3752c50ad5ff23b9f5ff2b6dc.pkl,1
D:\08_Dataset\Internal\mar2020\pickle_files\30bca29acbb8ebdf8f2065cc1c428435d60affcf.pkl,1
D:\08_Dataset\Internal\mar2020\pickle_files\5d2aec42fd97f9ac58dec9db0cdf02beba8b1cf4.pkl,1
D:\08_Dataset\Internal\mar2020\pickle_files\e8ee6d9f921faece8647c1c172effd8dff6f19b8.pkl,1
D:\08_Dataset\Internal\mar2020\pickle_files\6d072804faab1c96ed38b589e90762ea523a9516.pkl,1
D:\08_Dataset\Internal\mar2020\pickle_files\b1bd95e7bc6e268ac9de3ecfe5c08ea2c40bce23.pkl,1
D:\08_Dataset\Internal\mar2020\pickle_files\a264d6a14e8109ddba5fcfebef1a9e0cac2e087a.pkl,1
D:\08_Dataset\Internal\mar2020\pickle_files\1e4b9d87a9e4652c43358bdfb2906fe2c0343a70.pkl,1
D:\08_Dataset\Internal\mar2020\pickle_files\1306b7cc7200179eca4798c6fddde6d9d60f416f.pkl,1
D:\08_Dataset\Internal\mar2020\pickle_files\c67b805723893a9a840c4485344ce1d31f5dbef2.pkl,1
D:\08_Dataset\Internal\mar2020\pickle_files\fb4746c7cfc6ab2f4f4a7390cb7b2765c9263ecd.pkl,1
D:\08_Dataset\Internal\mar2020\pickle_files\7ca1084e28dc241e024f74e134715d0f5b7876e8.pkl,1
D:\08_Dataset\Internal\mar2020\pickle_files\d4802b3fd73c2eeba9e0b92e0b761860566e432d.pkl,1
D:\08_Dataset\Internal\mar2020\pickle_files\72eaa1c808429d4b2dc5b3844e8647b749896667.pkl,1
D:\08_Dataset\Internal\mar2020\pickle_files\f05e2b3f1dea07fade147e2700d99af1f30ea51d.pkl,1
D:\08_Dataset\Internal\mar2020\pickle_files\3282bd96c82f73e7383c4a64855cf6ba20589f55.pkl,1
D:\08_Dataset\Internal\mar2020\pickle_files\8243f35c1acebf45a029e82d356ff7c24892a04e.pkl,1
D:\08_Dataset\Internal\mar2020\pickle_files\6d14d45f1f2a5abd08e2e3de1430be311f26b988.pkl,1
D:\08_Dataset\Internal\mar2020\pickle_files\05780495cda49fe1fce5f3f0e573f77bd8574e90.pkl,1
D:\08_Dataset\Internal\mar2020\pickle_files\cfbe13f21d7df67c2eaa30cf1b5736a4dbd2714e.pkl,1
D:\08_Dataset\Internal\mar2020\pickle_files\8db7257942a539037be97e62ec92225befea5302.pkl,1
D:\08_Dataset\Internal\mar2020\pickle_files\138ce409735f6dfa64eabc59c7239ba5c0fcf52c.pkl,1
D:\08_Dataset\Internal\mar2020\pickle_files\6079b0a0a21db8169ed7a3cbc4dc281b34216252.pkl,1
D:\08_Dataset\Internal\mar2020\pickle_files\9ad9949d8a3ee43d41575296d5637e042f24afbe.pkl,1
D:\08_Dataset\Internal\mar2020\pickle_files\2cd34122ee5d209a77c24f4db4d7d3f9f3cf759c.pkl,1
D:\08_Dataset\Internal\mar2020\pickle_files\8ffedc1d62038c358c61f26b4dcb8608afb9bc8d.pkl,1
D:\08_Dataset\Internal\mar2020\pickle_files\87bc5d356eead452609d2b0883f1747ac159b480.pkl,1
D:\08_Dataset\Internal\mar2020\pickle_files\2e849fd34dc85186aea5d010e79aa56f74083078.pkl,1
D:\08_Dataset\Internal\mar2020\pickle_files\28ad4b3afacbeab7f3a614d6fac6f13f4044c844.pkl,1
D:\08_Dataset\Internal\mar2020\pickle_files\bc60682a45c41ad258d4ddbecf019d47ae6696ee.pkl,1
D:\08_Dataset\Internal\mar2020\pickle_files\8913b4664dd5aa79500c575dcff438aa8a96900b.pkl,1
D:\08_Dataset\Internal\mar2020\pickle_files\ed9197a949fcb2ce942ec10865c3215e69b4c2e2.pkl,1
D:\08_Dataset\Internal\mar2020\pickle_files\9677769f4bdc1e07965b5ed5f919a11b275ad0ac.pkl,1
D:\08_Dataset\Internal\mar2020\pickle_files\885f417522016890150eeba4b48517af53b363a2.pkl,1
D:\08_Dataset\Internal\mar2020\pickle_files\5c0d25f961467f1077865bb2099d55e860f640ef.pkl,1
D:\08_Dataset\Internal\mar2020\pickle_files\146daa935e333822e56e1adb2dfdbbf16a68a4f4.pkl,1
D:\08_Dataset\Internal\mar2020\pickle_files\ddeb09e6824302ce646d95681c7cb8241be7939f.pkl,1
D:\08_Dataset\Internal\mar2020\pickle_files\c686f7521215b3bbbbbd02b96df58e15ebe0e66f.pkl,1
D:\08_Dataset\Internal\mar2020\pickle_files\3dfa070dfec61f6ad84bee58e0f384c9a0d3ba94.pkl,1
D:\08_Dataset\Internal\mar2020\pickle_files\40db70fe4205c92caa7ed9d94a23eee13a57635d.pkl,1
D:\08_Dataset\Internal\mar2020\pickle_files\e30c0475e1b531a8bb88162be35304cbed00f703.pkl,1
D:\08_Dataset\Internal\mar2020\pickle_files\c8b7910891c3859b94b054f7bb965f45b61850f7.pkl,1
D:\08_Dataset\Internal\mar2020\pickle_files\7a6ff5d473dca27e1af05297a53f0dffcd099ecb.pkl,1
D:\08_Dataset\Internal\mar2020\pickle_files\dbbfc1cdb3ae553302547393e33ff4505cd64a6c.pkl,1
D:\08_Dataset\Internal\mar2020\pickle_files\d52365cd38314b9e1b0b0b787072e7f5739117aa.pkl,1
D:\08_Dataset\Internal\mar2020\pickle_files\38fa50596850464cd0bb551185b464d8100ed1c0.pkl,1
D:\08_Dataset\Internal\mar2020\pickle_files\43ed9afdff52d184f9690d9459ad2fadd4b83e72.pkl,1
D:\08_Dataset\Internal\mar2020\pickle_files\230bc9afea03f59cce38405d4d477e825f7dcf2b.pkl,1
D:\08_Dataset\Internal\mar2020\pickle_files\d94d40b2ad425d3a9040f3c380318174a24c4911.pkl,1
D:\08_Dataset\Internal\mar2020\pickle_files\a716e7d02ccb9613848127759e1b310f356405ac.pkl,1
D:\08_Dataset\Internal\mar2020\pickle_files\d6b7d4874c06ace36e24ae5421d3fa77f3082e02.pkl,1
D:\08_Dataset\Internal\mar2020\pickle_files\54c95ef5806a1fc27eac6926351b7570b36217be.pkl,1
D:\08_Dataset\Internal\mar2020\pickle_files\ded62e651179b0441e3f377e679bd2f1a8ff27e0.pkl,1
D:\08_Dataset\Internal\mar2020\pickle_files\ff3308d1dbbc96a46cbea0863922a9ea0233a7cc.pkl,1
D:\08_Dataset\Internal\mar2020\pickle_files\b079dfb7bb88419e87bed91d47ed35efdc79c21a.pkl,1
D:\08_Dataset\Internal\mar2020\pickle_files\d101bfa44a23bac718a199a99d2da4b11feac07c.pkl,1
D:\08_Dataset\Internal\mar2020\pickle_files\4f2e3b4266228670b6e6e68e7940c083b2fbfcad.pkl,1
D:\08_Dataset\Internal\mar2020\pickle_files\61b8662b7113ec621500e62b2c0838a31335c6e8.pkl,1
D:\08_Dataset\Internal\mar2020\pickle_files\4881b9e35fca1263c73371bc751028cb93ed33a1.pkl,1
D:\08_Dataset\Internal\mar2020\pickle_files\ee53cb89550fb10adaaad035519c1c354b82684d.pkl,1
D:\08_Dataset\Internal\mar2020\pickle_files\38e91c20c038e16ab49cc92f3235b66cc3abd19c.pkl,1
D:\08_Dataset\Internal\mar2020\pickle_files\9f97c896ffdeca4952021a404eb3e6d53173e256.pkl,1
D:\08_Dataset\Internal\mar2020\pickle_files\a6d692b4d0690fe6fa0077eed07f918443566eb7.pkl,1
D:\08_Dataset\Internal\mar2020\pickle_files\c0bfb86722564f9fd84cd3970ad0f0f7006ff9ef.pkl,1
D:\08_Dataset\Internal\mar2020\pickle_files\76c8c7e012a997ef21ba43c7378fcac1718b2e20.pkl,1
D:\08_Dataset\Internal\mar2020\pickle_files\a1dc9ecd34693fced31347976ddcbe365a1618b3.pkl,1
D:\08_Dataset\Internal\mar2020\pickle_files\cdc43cc2f55f6365788c3c4bc78663585a790121.pkl,1
D:\08_Dataset\Internal\mar2020\pickle_files\c089e96bb79cbf89c2984f9de129e1c9a9cff970.pkl,1
D:\08_Dataset\Internal\mar2020\pickle_files\2d202a4485289e75c883bc9226243552928a3bf7.pkl,1
D:\08_Dataset\Internal\mar2020\pickle_files\b80a7a22cc7db44fec734937fdbfaf3aae54ec06.pkl,1
D:\08_Dataset\Internal\mar2020\pickle_files\495792f5099d80f64e9956984a3309603ea508d5.pkl,1
D:\08_Dataset\Internal\mar2020\pickle_files\fe2d3369ec5e4e6184699abf6d4a5017ce79e256.pkl,1
D:\08_Dataset\Internal\mar2020\pickle_files\e622a4ac39c20516d401e18a0e8b8d6e3b9d9ecc.pkl,1
D:\08_Dataset\Internal\mar2020\pickle_files\6b7565b52679317d208aa6993018e11c21e8ea62.pkl,1
D:\08_Dataset\Internal\mar2020\pickle_files\003f6fd07dd64256aad905216a5cd22319347556.pkl,1
D:\08_Dataset\Internal\mar2020\pickle_files\2e9d260fd9a7c5e20489b25cca35585838592915.pkl,1
D:\08_Dataset\Internal\mar2020\pickle_files\6a03d7f6dda81f17596cb99810d6348894a82e65.pkl,1
D:\08_Dataset\Internal\mar2020\pickle_files\e5060509509b75c3e5c296678e3367642e1a09a9.pkl,1
D:\08_Dataset\Internal\mar2020\pickle_files\efa707be06b5d40242efdbea08460c0735f8a1e4.pkl,1
D:\08_Dataset\Internal\mar2020\pickle_files\69257eeaf1dca83a13e96d510e988c9b5d8977c5.pkl,1
D:\08_Dataset\Internal\mar2020\pickle_files\c3551b505f1a10e5417b3f8efe76f32562371cc7.pkl,1
D:\08_Dataset\Internal\mar2020\pickle_files\f592789cc21de6a690966389f482de2bb46a1c98.pkl,1
D:\08_Dataset\Internal\mar2020\pickle_files\dd640dac3ab0c1f33ee525f6cf940464cd679852.pkl,1
D:\08_Dataset\Internal\mar2020\pickle_files\e19e9a3176ef43804ecc5e8ded4bcf0c3ee0d5ea.pkl,1
D:\08_Dataset\Internal\mar2020\pickle_files\b15c08fa504cf644c810f8fdf9ea62e50fdc1cbd.pkl,1
D:\08_Dataset\Internal\mar2020\pickle_files\43c6ee32d0829d8bb04963770455169c18c6f152.pkl,1
D:\08_Dataset\Internal\mar2020\pickle_files\9c206209ffcaff216b4e715072891b65a23dba7e.pkl,1
D:\08_Dataset\Internal\mar2020\pickle_files\f637734f013c032229269aa8729eee88d4525a48.pkl,1
D:\08_Dataset\Internal\mar2020\pickle_files\16e60c58a3c9c0b957f68ba8c2508950c8935ef5.pkl,1
D:\08_Dataset\Internal\mar2020\pickle_files\5ca5d589707ade342eda7a7af439d3a0b666f7d4.pkl,1
D:\08_Dataset\Internal\mar2020\pickle_files\907758dc8a544596b347f07aed84ee812bd11c16.pkl,1
D:\08_Dataset\Internal\mar2020\pickle_files\3d92bdba2ddc6205e46ceb52bac5bc0dd2a7a7d2.pkl,1
D:\08_Dataset\Internal\mar2020\pickle_files\ffdd982821599ba5cc0204a309d1ce152f4196ee.pkl,1
D:\08_Dataset\Internal\mar2020\pickle_files\9604dd300d1ce94780309ba9010be2818fe8f737.pkl,1
D:\08_Dataset\Internal\mar2020\pickle_files\6a1947050661dce05d5970b2d010d06d94dbf62a.pkl,1
D:\08_Dataset\Internal\mar2020\pickle_files\c1f24e9aad3cb95725c751e07ae0e86510cc05d0.pkl,1
D:\08_Dataset\Internal\mar2020\pickle_files\2aca7c4d29b049754612b4db99cde1fd77d2e994.pkl,1
D:\08_Dataset\Internal\mar2020\pickle_files\0324e2ebb1e72f6f66e023393174caf944bb473a.pkl,1
D:\08_Dataset\Internal\mar2020\pickle_files\13a4ae6852ef520127dc1cad370f7d4df00442fd.pkl,1
D:\08_Dataset\Internal\mar2020\pickle_files\f4c694b721b18e8f50b9f0c7acb4a7ee279e3c65.pkl,1
D:\08_Dataset\Internal\mar2020\pickle_files\4dd173222ab314a050555a6b139a91003222f50d.pkl,1
D:\08_Dataset\Internal\mar2020\pickle_files\fef0434d8758041caf43b01115bf17777ebec5cc.pkl,1
D:\08_Dataset\Internal\mar2020\pickle_files\a1f9c97c26f82af8e8ac987f646a4800a78adb8e.pkl,1
D:\08_Dataset\Internal\mar2020\pickle_files\21b74495dd2d40d50c754ea511060b96120346c4.pkl,1
D:\08_Dataset\Internal\mar2020\pickle_files\0b26880a5cd52a8d1e44e77d903b197a82d9276c.pkl,1
D:\08_Dataset\Internal\mar2020\pickle_files\eb1ab6b429971a415ed7d063a890c5a4f4b76bab.pkl,1
D:\08_Dataset\Internal\mar2020\pickle_files\8597e0dbb08ce32730534149c2456280f8233dff.pkl,1
D:\08_Dataset\Internal\mar2020\pickle_files\b6b0ca08bb4bd57e9a591cef16e5c5729bb10134.pkl,1
D:\08_Dataset\Internal\mar2020\pickle_files\8ba68de0dd6d3eca20b649fe4dde5d6f6e54eb93.pkl,1
D:\08_Dataset\Internal\mar2020\pickle_files\f9ea0c12059ae1c56d0baa96157d650da15c0eef.pkl,1
D:\08_Dataset\Internal\mar2020\pickle_files\7429fab4312dc964705ac464e73fce8f34c5fbaa.pkl,1
D:\08_Dataset\Internal\mar2020\pickle_files\4025d4a5a62788606ff8e1f825c66891a429b13f.pkl,1
D:\08_Dataset\Internal\mar2020\pickle_files\52549311a03b1671911569f523df9b0646e1a5c9.pkl,1
D:\08_Dataset\Internal\mar2020\pickle_files\766db03d157a6f865f9db2d4508e113fbdb7adbb.pkl,1
D:\08_Dataset\Internal\mar2020\pickle_files\620793cb71636fef26f92b23e49d53c3fe915c29.pkl,1
D:\08_Dataset\Internal\mar2020\pickle_files\a83423797e477b4a45df96031ef94cdb21744497.pkl,1
D:\08_Dataset\Internal\mar2020\pickle_files\e19c5d0eaccd1234b3cb560709d65930a8e3d0cf.pkl,1
D:\08_Dataset\Internal\mar2020\pickle_files\d66243381743fc2330abcd45392130b8dcf13295.pkl,1
D:\08_Dataset\Internal\mar2020\pickle_files\ace3382f2a66c820057c959b56fd9efe30e57179.pkl,1
D:\08_Dataset\Internal\mar2020\pickle_files\ef2c68b39b939be3e2ce8653af2d92e4ab30165e.pkl,1
D:\08_Dataset\Internal\mar2020\pickle_files\ff401a684e14ef678e13a1d0547803b316872c52.pkl,1
D:\08_Dataset\Internal\mar2020\pickle_files\f095b15dddbbc1cc3e8b6533447b2bfd36e4298d.pkl,1
D:\08_Dataset\Internal\mar2020\pickle_files\cc23be0b8d86810ffc6f1bce9ea07d81e6bcf977.pkl,1
D:\08_Dataset\Internal\mar2020\pickle_files\66aac96d7677b260319c7f3744bc3b985aa8ae9b.pkl,1
D:\08_Dataset\Internal\mar2020\pickle_files\530302219f26b490a474c678a6c76539b206f0f0.pkl,1
D:\08_Dataset\Internal\mar2020\pickle_files\a97eae141ea516fea725df25321ae46f79ebe0b7.pkl,1
D:\08_Dataset\Internal\mar2020\pickle_files\4ee48ddef07c78c73bd6f09b8d8ff060006cf004.pkl,1
D:\08_Dataset\Internal\mar2020\pickle_files\2b42ba260bfa4beed3c7240bb1a87d9efb9b9711.pkl,1
D:\08_Dataset\Internal\mar2020\pickle_files\d1d8e71b4cb91445eac882971147d7da8fa5591e.pkl,1
D:\08_Dataset\Internal\mar2020\pickle_files\78cc4c4a365573b08e458ce85cd65074d4614722.pkl,1
D:\08_Dataset\Internal\mar2020\pickle_files\28175f8e092ebebe044ea9904d111c63bb40387b.pkl,1
D:\08_Dataset\Internal\mar2020\pickle_files\5cf8b3cc3e236d74eb0445a7cc28802a29c0b3c6.pkl,1
D:\08_Dataset\Internal\mar2020\pickle_files\27d4a0424b9b8bef898aa5fd3a7029a95a1d5ffd.pkl,1
D:\08_Dataset\Internal\mar2020\pickle_files\5e6808b4dda30fa36912fe94d6a5ca97f7fbf22d.pkl,1
D:\08_Dataset\Internal\mar2020\pickle_files\c25349643ee60cc618bf8d831a8378551ba2d975.pkl,1
D:\08_Dataset\Internal\mar2020\pickle_files\f5a031652ea68cc331562548ec092b2d43fa1e30.pkl,1
D:\08_Dataset\Internal\mar2020\pickle_files\935d70661da4fbbb86cae06c516f988aba09a49a.pkl,1
D:\08_Dataset\Internal\mar2020\pickle_files\9220ebe7e90f11a201fcca7ba93d70fa88fead27.pkl,1
D:\08_Dataset\Internal\mar2020\pickle_files\791447d2dbec64002d448441f48ddd5e9a65a0d3.pkl,1
D:\08_Dataset\Internal\mar2020\pickle_files\d7cc0eb7a1c4d50194bf4772fab6b89162cc1b03.pkl,1
D:\08_Dataset\Internal\mar2020\pickle_files\8fd3c3cf92c09dff8b25f1bd74648b9c50970bd9.pkl,1
D:\08_Dataset\Internal\mar2020\pickle_files\8f1af276357c2b97dd25b0d7a9ed6ebf13b9ca39.pkl,1
D:\08_Dataset\Internal\mar2020\pickle_files\5448759fa66f6446a7bc3eddfc13a19731576903.pkl,1
D:\08_Dataset\Internal\mar2020\pickle_files\c8e61be9ecc70d06fd756f34c607dd5497d8c023.pkl,1
D:\08_Dataset\Internal\mar2020\pickle_files\e3289af016d770a6191ad286e7bdd763f5cad0d7.pkl,1
D:\08_Dataset\Internal\mar2020\pickle_files\46db2a2482914732c10e8828daffb03b5a1fa92a.pkl,1
D:\08_Dataset\Internal\mar2020\pickle_files\2d5dff79062d00a915bc6078b91f4ea4a3300d57.pkl,1
D:\08_Dataset\Internal\mar2020\pickle_files\c4e0225df768d2ae5d80d2c542311954a5fc001f.pkl,1
D:\08_Dataset\Internal\mar2020\pickle_files\797e79eb24f9f94e7a357f2b7952723a8c421e1a.pkl,1
D:\08_Dataset\Internal\mar2020\pickle_files\d8e743622a4d0f4582dcf8bcf44c164f781424cb.pkl,1
D:\08_Dataset\Internal\mar2020\pickle_files\b4f5c175f34b18428e7001000b5d0def76c2a21f.pkl,1
D:\08_Dataset\Internal\mar2020\pickle_files\cc6ba203323876c244c81f6b3e451d32888949ac.pkl,1
D:\08_Dataset\Internal\mar2020\pickle_files\8e892c59a3d426d18e42d832ec337ecb0b160ca3.pkl,1
D:\08_Dataset\Internal\mar2020\pickle_files\ddd835df250d402f3fb0add33872c93c3b0a1d47.pkl,1
D:\08_Dataset\Internal\mar2020\pickle_files\cc1f4c1265d9467fee56df65c736d87837320860.pkl,1
D:\08_Dataset\Internal\mar2020\pickle_files\3d81f6638d55f2ef83bc44e04efd3a3ce71aaa7a.pkl,1
D:\08_Dataset\Internal\mar2020\pickle_files\b44c9d623385c20474b0b475b0903dd8d4b61d5c.pkl,1
D:\08_Dataset\Internal\mar2020\pickle_files\3754119e45f05acb989a4abc9b7b5350eca111b7.pkl,1
D:\08_Dataset\Internal\mar2020\pickle_files\beca59e25dec08307feb79f8d99e7fe507a958c8.pkl,1
D:\08_Dataset\Internal\mar2020\pickle_files\77d41a917dfe22859d727723a9bb5bcff5b9ec91.pkl,1
D:\08_Dataset\Internal\mar2020\pickle_files\22f11e8d20515500583a3aabaefc896dcdf0bab7.pkl,1
D:\08_Dataset\Internal\mar2020\pickle_files\06e8f5015b20637d26ee02e4a9fbfb13f571b3b2.pkl,1
D:\08_Dataset\Internal\mar2020\pickle_files\4c070a0ac2a6b45c1746e6246829923db7615365.pkl,1
D:\08_Dataset\Internal\mar2020\pickle_files\0dd559990dc406f519282770c10de7d7ab2baf15.pkl,1
D:\08_Dataset\Internal\mar2020\pickle_files\58d72e37908d36a2d9542cfeaf709c3304f90faa.pkl,1
D:\08_Dataset\Internal\mar2020\pickle_files\8ec36ce524dabe1a75a867629ea1ebd53ae82a20.pkl,1
D:\08_Dataset\Internal\mar2020\pickle_files\233895a9a571c41c6099ea9658f1894b5e109808.pkl,1
D:\08_Dataset\Internal\mar2020\pickle_files\42eba9433e4fbfcdb03493390856cca5c112a434.pkl,1
D:\08_Dataset\Internal\mar2020\pickle_files\b73722c7bc70a56b5068654fed74dd1e7deeedaf.pkl,1
D:\08_Dataset\Internal\mar2020\pickle_files\7678cbd5dc590782981f3be9838547b41371c25a.pkl,1
D:\08_Dataset\Internal\mar2020\pickle_files\5e838f18bb7664feb4d806a979f4780ba058dcf8.pkl,1
D:\08_Dataset\Internal\mar2020\pickle_files\a197b9c89e24e5ea5da3d5854295436725eca030.pkl,1
D:\08_Dataset\Internal\mar2020\pickle_files\3704341fbab951869265053081fd6b53ca9fb2d8.pkl,1
D:\08_Dataset\Internal\mar2020\pickle_files\a8421069ab03188d2f2b9f7192cf7c963fd0af3d.pkl,1
D:\08_Dataset\Internal\mar2020\pickle_files\afa2c0d4700f35f7cdc0c3e6e27aa6a89823e2f3.pkl,1
D:\08_Dataset\Internal\mar2020\pickle_files\288fa7bef72882cda02b87e7e7b93d5058e48092.pkl,1
D:\08_Dataset\Internal\mar2020\pickle_files\b41c9231846194a8f4edfef3349877855259cb08.pkl,1
D:\08_Dataset\Internal\mar2020\pickle_files\3ff990210982a12bb3a70ef8d4fb4e16a1435909.pkl,1
D:\08_Dataset\Internal\mar2020\pickle_files\95bef99b53dcb37b3beab9777bd23e1bd7486518.pkl,1
D:\08_Dataset\Internal\mar2020\pickle_files\6f23b3d8e0c06c912bd6a2a3c8ae1a7bb7e98fca.pkl,1
D:\08_Dataset\Internal\mar2020\pickle_files\f0c96196f039da8136a0a23208da9388fafaf164.pkl,1
D:\08_Dataset\Internal\mar2020\pickle_files\eae853a6ff6b6b5f52001ba8a49f9e72829be310.pkl,1
D:\08_Dataset\Internal\mar2020\pickle_files\04d14cf91675a753e676f6aeb4d35ada6feea0c6.pkl,1
D:\08_Dataset\Internal\mar2020\pickle_files\d43bf7de93359c6cdc466a289a9cdadf7c02360f.pkl,1
D:\08_Dataset\Internal\mar2020\pickle_files\5446243e9161a72b545758b073b0426a713b0e12.pkl,1
D:\08_Dataset\Internal\mar2020\pickle_files\87915677f9659cafbb95c539d78b4bead596d615.pkl,1
D:\08_Dataset\Internal\mar2020\pickle_files\4ea21358b73694df78fafc45a7c7a1a5572cdde8.pkl,1
D:\08_Dataset\Internal\mar2020\pickle_files\b9338feae880e0f481e4ee0c16c6edb70ef844fa.pkl,1
D:\08_Dataset\Internal\mar2020\pickle_files\40f5aaabdb84a8e7b5a0babca1e0f17dec66f5d7.pkl,1
D:\08_Dataset\Internal\mar2020\pickle_files\37b7f65a7ed7421a0a9ddeca67334a5eff0f0cd3.pkl,1
D:\08_Dataset\Internal\mar2020\pickle_files\4e2f57eefd149e3375003285b15991771356f45f.pkl,1
D:\08_Dataset\Internal\mar2020\pickle_files\f0d3876d5d6253bfb06448197e37e930583944ab.pkl,1
D:\08_Dataset\Internal\mar2020\pickle_files\9a044d18ca12e56488e2894398453662819d1e04.pkl,1
D:\08_Dataset\Internal\mar2020\pickle_files\5a1e2db9cade1af53660c18f25de4587c123c1f3.pkl,1
D:\08_Dataset\Internal\mar2020\pickle_files\acd94b98c18af76628ed0b9e09fe8817db2cfb27.pkl,1
D:\08_Dataset\Internal\mar2020\pickle_files\ef470514731bcf7c9d763eb4d3c24867dc0706fb.pkl,1
D:\08_Dataset\Internal\mar2020\pickle_files\a7a68b3c354f059e5b4b23243a5497559a86e5b0.pkl,1
D:\08_Dataset\Internal\mar2020\pickle_files\db78af3cbce2b4f27eebeadf031f640fb650c9fe.pkl,1
D:\08_Dataset\Internal\mar2020\pickle_files\3a34029f45df30e554c903296c42abdc6dddef74.pkl,1
D:\08_Dataset\Internal\mar2020\pickle_files\4b50ab918c27a013337a0dd3cc4b1241d6dca074.pkl,1
D:\08_Dataset\Internal\mar2020\pickle_files\440431b98636833cabd0a2aa2af36d010dad258a.pkl,1
D:\08_Dataset\Internal\mar2020\pickle_files\1e0ddab38a600e3bf6ba57ab4f9562b6a27ffc01.pkl,1
D:\08_Dataset\Internal\mar2020\pickle_files\a3bb9bf2950ef739238fceac2dcdace4363a32ef.pkl,1
D:\08_Dataset\Internal\mar2020\pickle_files\72d2d2f20846510e3b0763ff1ccd85c1a0b60e7d.pkl,1
D:\08_Dataset\Internal\mar2020\pickle_files\39744a78c7ca5cbe92c2bebddba999b60086de79.pkl,1
D:\08_Dataset\Internal\mar2020\pickle_files\3b6c00c2ee1d3311df9bf3130d8400a86447fd5c.pkl,1
D:\08_Dataset\Internal\mar2020\pickle_files\a9885a9d2c74453a58fb5a20df999aceb314d2bf.pkl,1
D:\08_Dataset\Internal\mar2020\pickle_files\22ab7c2226ff4fa18d7b614801a839c2ee8e56da.pkl,1
D:\08_Dataset\Internal\mar2020\pickle_files\a74fbc35b5f79001c46c03d8a0b62124eee2586a.pkl,1
D:\08_Dataset\Internal\mar2020\pickle_files\0c46599a62b2cb98d101060cde1dbd5e9e384e23.pkl,1
D:\08_Dataset\Internal\mar2020\pickle_files\622a19504aef2481e39fa9abcfe648e03bd9c727.pkl,1
D:\08_Dataset\Internal\mar2020\pickle_files\fdf9a33d85e864e231f04831e8d22b653b491861.pkl,1
D:\08_Dataset\Internal\mar2020\pickle_files\f0fa37dc4f73a5ae8d0e0c7442b5f2d759f2cda5.pkl,1
D:\08_Dataset\Internal\mar2020\pickle_files\5c679bbe978f7ae24ee2a0c59645ddd122c702ce.pkl,1
D:\08_Dataset\Internal\mar2020\pickle_files\b8eb8bbd7fded70b889eb3ec10ef89a8cf80075d.pkl,1
D:\08_Dataset\Internal\mar2020\pickle_files\aab73e60ee567c3d2b48c700849e5f20c334e302.pkl,1
D:\08_Dataset\Internal\mar2020\pickle_files\7c526d7bfc29cb0687fcca908fcf39de58f51889.pkl,1
D:\08_Dataset\Internal\mar2020\pickle_files\ceb8a058d98b619da35ce4a887e148b92fd09133.pkl,1
D:\08_Dataset\Internal\mar2020\pickle_files\d8466567bb0094fabe27ceac293f2717aaa78c24.pkl,1
D:\08_Dataset\Internal\mar2020\pickle_files\8bab268f373c9631c41f44b4391e504e7f259344.pkl,1
D:\08_Dataset\Internal\mar2020\pickle_files\6b4eddfd36e494aa23e0120d62c0836b2f1d543d.pkl,1
D:\08_Dataset\Internal\mar2020\pickle_files\a06cbad13ac1268473d6e172885f29944a04f047.pkl,1
D:\08_Dataset\Internal\mar2020\pickle_files\87a36da8098707923457d482494f9158647132d8.pkl,1
D:\08_Dataset\Internal\mar2020\pickle_files\c3dd106778d168d6d065dec7ca2a73cd38929550.pkl,1
D:\08_Dataset\Internal\mar2020\pickle_files\64c3b8ac49f7d57b913e8e08e32359fce01c9fa6.pkl,1
D:\08_Dataset\Internal\mar2020\pickle_files\5fe517f9471e5435828a196cdfffa891b9eb9081.pkl,1
D:\08_Dataset\Internal\mar2020\pickle_files\14f89968e03396b6b4dd181f4c38891dfcfb7cb8.pkl,1
D:\08_Dataset\Internal\mar2020\pickle_files\081dd4c800c4c5dfd3abe8d71c1b0de70ee8a11a.pkl,1
D:\08_Dataset\Internal\mar2020\pickle_files\24b7ee79524a216fe0427b2b34a3f9ea8de989d3.pkl,1
D:\08_Dataset\Internal\mar2020\pickle_files\2d483f77fb08fea0a390a99d7bed9473a11ce6dc.pkl,1
D:\08_Dataset\Internal\mar2020\pickle_files\b7b6c9a2bb35f561bd09395644563be73853e4e0.pkl,1
D:\08_Dataset\Internal\mar2020\pickle_files\968dacfa531e0f40e8fa6e6563d32d4edaa3ba7b.pkl,1
D:\08_Dataset\Internal\mar2020\pickle_files\4c2b94db3161842eeb26ba8e68f4b5d5b1e3fda1.pkl,1
D:\08_Dataset\Internal\mar2020\pickle_files\ed1b7eb55be89be6130a983ae9bf3cf5acb9cf7e.pkl,1
D:\08_Dataset\Internal\mar2020\pickle_files\6b99d941686ef0cc89fc60c03f8dfd6332b1e541.pkl,1
D:\08_Dataset\Internal\mar2020\pickle_files\11d63a727cf97793adc98e9af17ac80f559376c5.pkl,1
D:\08_Dataset\Internal\mar2020\pickle_files\ce75afa85040b2a6254988ae7c95b8c3267fcc5b.pkl,1
D:\08_Dataset\Internal\mar2020\pickle_files\c9b767431df80539b5b41de5775bd384263872aa.pkl,1
D:\08_Dataset\Internal\mar2020\pickle_files\7005558e92df8dd79425382b3d9cac8652c3ca1a.pkl,1
D:\08_Dataset\Internal\mar2020\pickle_files\6f971fc935bd8c15280a962de513211d1514cfb0.pkl,1
D:\08_Dataset\Internal\mar2020\pickle_files\3c5d123b7002e86bc088a85fd9b875281bf526b4.pkl,1
D:\08_Dataset\Internal\mar2020\pickle_files\d6c3c35b2f98b0fe1bc85c09671406e98e62bc63.pkl,1
D:\08_Dataset\Internal\mar2020\pickle_files\b48aadc376507a3f156cedc785dd02434efbb666.pkl,1
D:\08_Dataset\Internal\mar2020\pickle_files\f5cb88599d8d2bf24f205034108dd4cdb20c700f.pkl,1
D:\08_Dataset\Internal\mar2020\pickle_files\56611af2c6e5b66c5df6b03db96f6bb30736a2db.pkl,1
D:\08_Dataset\Internal\mar2020\pickle_files\0a54670e2fcf952ea1227849bf8b7e638da4902e.pkl,1
D:\08_Dataset\Internal\mar2020\pickle_files\78d6e1016d34ebbcf0e6ed440dc4b50c192451f5.pkl,1
D:\08_Dataset\Internal\mar2020\pickle_files\1bd825e8f5810ba73a923e587cdf3a6c8a1dc24b.pkl,1
D:\08_Dataset\Internal\mar2020\pickle_files\7d8178b7dec720cd55f874d76526a7435b0d8113.pkl,1
D:\08_Dataset\Internal\mar2020\pickle_files\cadc3af8cb7c1b1883bddd09a6959afc83e2cb64.pkl,1
D:\08_Dataset\Internal\mar2020\pickle_files\6aec0f76fd6aba1a3c697cf192a13096c4664a7e.pkl,1
D:\08_Dataset\Internal\mar2020\pickle_files\0d40458135db8ec557d5b379030d4d6317402a46.pkl,1
D:\08_Dataset\Internal\mar2020\pickle_files\f17b999953cddb31337d6a168608a375ab95d79b.pkl,1
D:\08_Dataset\Internal\mar2020\pickle_files\df640a04e0b8a8aa8107ef433f4301f169cb4a5b.pkl,1
D:\08_Dataset\Internal\mar2020\pickle_files\c0533db28fc4e7cd9dfae32e2274e82e82720595.pkl,1
D:\08_Dataset\Internal\mar2020\pickle_files\4db9e3f34acfe95f19bec92b8f95ada3ba59417a.pkl,1
D:\08_Dataset\Internal\mar2020\pickle_files\d866b3a4601e83231bc1aa32253e3c09f492f7d1.pkl,1
D:\08_Dataset\Internal\mar2020\pickle_files\2f511beabfea8412524ec427ecca64ecc93dfe77.pkl,1
D:\08_Dataset\Internal\mar2020\pickle_files\9e083b836974899a93556fe5fdd142fb462754c9.pkl,1
D:\08_Dataset\Internal\mar2020\pickle_files\8482c879932f25996b591bd2b10315616d21f54e.pkl,1
D:\08_Dataset\Internal\mar2020\pickle_files\ecb59f4990816ced2f6c4c0340a008143ad9dc3b.pkl,1
D:\08_Dataset\Internal\mar2020\pickle_files\ad661d4867ab7dba4ef90ac7718d5b7012ad5bb1.pkl,1
D:\08_Dataset\Internal\mar2020\pickle_files\374ea3f0aa5923d8f0ccbaf7e7f61d07861c7bec.pkl,1
D:\08_Dataset\Internal\mar2020\pickle_files\bb6321ac60e50e86ac9b5222c41ef5f8cfea1c65.pkl,1
D:\08_Dataset\Internal\mar2020\pickle_files\88d3f3e6061e511e7a93382080c66e0f7c91f003.pkl,1
D:\08_Dataset\Internal\mar2020\pickle_files\9c21ef0cca6b373cb67bf4545f1f75d55167ac73.pkl,1
D:\08_Dataset\Internal\mar2020\pickle_files\0fb23dc13187b2a6661fbfda5274b2c875dce305.pkl,1
D:\08_Dataset\Internal\mar2020\pickle_files\66bc4d8fedf3253633bc7b8f07d92a40f57ecdc0.pkl,1
D:\08_Dataset\Internal\mar2020\pickle_files\07d2459e3db564ceed1902f77cc3626809516d10.pkl,1
D:\08_Dataset\Internal\mar2020\pickle_files\f9a08696cca16ad35e0569d8aa71149edc5ddc6e.pkl,1
D:\08_Dataset\Internal\mar2020\pickle_files\f92bbf236fa393610d78e209bd380902855b3ea9.pkl,1
D:\08_Dataset\Internal\mar2020\pickle_files\28779617e58addad0d6d41f67f646765e8cbef31.pkl,1
D:\08_Dataset\Internal\mar2020\pickle_files\c3a61aa15a70d9fcdd6a7086124192ea66efc5f9.pkl,1
D:\08_Dataset\Internal\mar2020\pickle_files\fa7cf53e2d74a6f5949a3044922d3c116abba0a8.pkl,1
D:\08_Dataset\Internal\mar2020\pickle_files\20f2bb31b053478e75439ed003b5694ad2ef6f35.pkl,1
D:\08_Dataset\Internal\mar2020\pickle_files\432f56acf2ba4140ef2b92a534885fa83e30f719.pkl,1
D:\08_Dataset\Internal\mar2020\pickle_files\4ec5de813a9a79a438f65de7b9a7c57d8a34f2d2.pkl,1
D:\08_Dataset\Internal\mar2020\pickle_files\f707e676d208a391ad7496cefd8b7ab9a2e10d2f.pkl,1
D:\08_Dataset\Internal\mar2020\pickle_files\f94ae67070546aa7e588f1c96affa7838d89ba2d.pkl,1
D:\08_Dataset\Internal\mar2020\pickle_files\9340faf10a169cde24297cdc444517ede69ed723.pkl,1
D:\08_Dataset\Internal\mar2020\pickle_files\4385828702c5a47693b9d05e66e5c3c532cc27f0.pkl,1
D:\08_Dataset\Internal\mar2020\pickle_files\b8405b7d1b9ad6ebea6a72f61f4f40397ef531db.pkl,1
D:\08_Dataset\Internal\mar2020\pickle_files\28aa609feac1520eedc7ff84332cd4f4c56585e5.pkl,1
D:\08_Dataset\Internal\mar2020\pickle_files\d1767d7bb1876ce7bb75fd5d8dbed600bdd7ce45.pkl,1
D:\08_Dataset\Internal\mar2020\pickle_files\0da41aa4777b3ad71d47e101b57ecc1bd9a45b27.pkl,1
D:\08_Dataset\Internal\mar2020\pickle_files\05bb6972de12f2bcce3aecbaa2c150183b01ae15.pkl,1
D:\08_Dataset\Internal\mar2020\pickle_files\b302f43ae0f0ede5bfe3366dee4d2b5333435793.pkl,1
D:\08_Dataset\Internal\mar2020\pickle_files\c5e1b837421f9279bf2416c270cd374daa999845.pkl,1
D:\08_Dataset\Internal\mar2020\pickle_files\71790d808137cda01085cc98c5a559fb9fff7546.pkl,1
D:\08_Dataset\Internal\mar2020\pickle_files\304d5e0d7f7d15de874f8b64d664f36b3078966d.pkl,1
D:\08_Dataset\Internal\mar2020\pickle_files\3a30ab025a77666130a6beba427b825f6ef5724a.pkl,1
D:\08_Dataset\Internal\mar2020\pickle_files\1aca7d1df806e69e7cbd6030154805cee2f1431d.pkl,1
D:\08_Dataset\Internal\mar2020\pickle_files\bfcf5adcb402d1d4f76b687a7aa276549fd142a4.pkl,1
D:\08_Dataset\Internal\mar2020\pickle_files\69931c862c7bc9a8758e3798a1f31309f9ceab58.pkl,1
D:\08_Dataset\Internal\mar2020\pickle_files\db4fdeae1c352d628521f1ad3438cc922bc24060.pkl,1
D:\08_Dataset\Internal\mar2020\pickle_files\c1afb731f1e4cdb71786d83b4a4434db0e1b5313.pkl,1
D:\08_Dataset\Internal\mar2020\pickle_files\90f8c9da33e0731db63e56a012ab9877a3120339.pkl,1
D:\08_Dataset\Internal\mar2020\pickle_files\d167cb3de7ced5c79d91ec2ca5527b3fc14bf8e1.pkl,1
D:\08_Dataset\Internal\mar2020\pickle_files\79fd00782c91d0264b9d40b33ef199d52fd3aefd.pkl,1
D:\08_Dataset\Internal\mar2020\pickle_files\87cb144e43f92d154a24d46d6c97858620ab358b.pkl,1
D:\08_Dataset\Internal\mar2020\pickle_files\472a8c7dcf6e3cbb11a790d98449b4c0ddb64976.pkl,1
D:\08_Dataset\Internal\mar2020\pickle_files\4e049cfe2a0ef6943c1746739547e7e6fba1c096.pkl,1
D:\08_Dataset\Internal\mar2020\pickle_files\227d7b635235ed1c53657afd28007c9820910884.pkl,1
D:\08_Dataset\Internal\mar2020\pickle_files\c6fcbfa0bb83aa5d24a146c94c8e3b2864bb8490.pkl,1
D:\08_Dataset\Internal\mar2020\pickle_files\d877083ee6229c4bc8f64d62f443e1903b97a977.pkl,1
D:\08_Dataset\Internal\mar2020\pickle_files\ec764e8029923ff9e7dcfb198fc00d041979f22b.pkl,1
D:\08_Dataset\Internal\mar2020\pickle_files\30316e11f0131229312cb623d4fbc41423e9b3cf.pkl,1
D:\08_Dataset\Internal\mar2020\pickle_files\2017e993f32ef08ecee50dcca22d15607b391a73.pkl,1
D:\08_Dataset\Internal\mar2020\pickle_files\d7330ee99e275086279df0281d8bae89e1f524b4.pkl,1
D:\08_Dataset\Internal\mar2020\pickle_files\80cbe24429d839c9d05715ccb6a8f641fe1587b0.pkl,1
D:\08_Dataset\Internal\mar2020\pickle_files\9ecaffe5c3a076f9ee52274ee31533f02834ec84.pkl,1
D:\08_Dataset\Internal\mar2020\pickle_files\b495dfc7968f2d5dbdef0ca85365909accacf79b.pkl,1
D:\08_Dataset\Internal\mar2020\pickle_files\23f6e92706ecc83c8368f5750723532aeab6670c.pkl,1
D:\08_Dataset\Internal\mar2020\pickle_files\85566f28476b199eed64a5798acc36ba59cac5b7.pkl,1
D:\08_Dataset\Internal\mar2020\pickle_files\049bda116165642b5bd9465b0d4edfaeab7e7f37.pkl,1
D:\08_Dataset\Internal\mar2020\pickle_files\033f0dfd17363570cfd35c78b3603394a37c866a.pkl,1
D:\08_Dataset\Internal\mar2020\pickle_files\a0a70e8cb43b27668d3f3eff26c5324e79119d46.pkl,1
D:\08_Dataset\Internal\mar2020\pickle_files\6dc313d43e8ffeb0bcf45bc5d894b3111e70e48b.pkl,1
D:\08_Dataset\Internal\mar2020\pickle_files\9a71660542ca9eb7f6adf4d36e93435c429c0cc4.pkl,1
D:\08_Dataset\Internal\mar2020\pickle_files\6a5db41bc0f7daee50541a600398388b0de463fb.pkl,1
D:\08_Dataset\Internal\mar2020\pickle_files\1be6950c86c159f04329e896088e520504a3de4c.pkl,1
D:\08_Dataset\Internal\mar2020\pickle_files\d017ab0edf20b422222e411cd340013b6669de97.pkl,1
D:\08_Dataset\Internal\mar2020\pickle_files\536a28cd591bfaa6c03b3f885cdbd8570cd84add.pkl,1
D:\08_Dataset\Internal\mar2020\pickle_files\662bf0cac9ff074d97b5a04e479f426754b422c9.pkl,1
D:\08_Dataset\Internal\mar2020\pickle_files\9a53fafe7293b61d0047388258dd3799cd25d08c.pkl,1
D:\08_Dataset\Internal\mar2020\pickle_files\0f141e52f03c6ceb389cb63f085bb14fe1bf113a.pkl,1
D:\08_Dataset\Internal\mar2020\pickle_files\a85f75a158c42a0d0dc2580fd296c4dc67d1e4a7.pkl,1
D:\08_Dataset\Internal\mar2020\pickle_files\be7454e2825eaa6069ddc5d7d92bc9a724d4a421.pkl,1
D:\08_Dataset\Internal\mar2020\pickle_files\c8a51b6c153517b6cdc2fe6e1de150036beb740b.pkl,1
D:\08_Dataset\Internal\mar2020\pickle_files\4849a5c711340025edf7144eb6cbfc1687bc7b93.pkl,1
D:\08_Dataset\Internal\mar2020\pickle_files\755c1cf6f181cffd77ffd71e09c4654bb1f698a9.pkl,1
D:\08_Dataset\Internal\mar2020\pickle_files\1d085c2b3669d66e5659fad53a51fcc392205663.pkl,1
D:\08_Dataset\Internal\mar2020\pickle_files\48a6428bc78b1b01c285e6d0e2aad59a30a5afe5.pkl,1
D:\08_Dataset\Internal\mar2020\pickle_files\a33615d65d10de590765d826f53d0a6e6f4bf956.pkl,1
D:\08_Dataset\Internal\mar2020\pickle_files\2a48916cc4bcd066e647e537c5759663154b831a.pkl,1
D:\08_Dataset\Internal\mar2020\pickle_files\c6997bd1db41a6f7ac63d91d0052b4b2545065d5.pkl,1
D:\08_Dataset\Internal\mar2020\pickle_files\8420e8e0289a6f26e937180c6d215472a4b7caf3.pkl,1
D:\08_Dataset\Internal\mar2020\pickle_files\661aeb27cd45d16567bb835ae728aaef0b676f96.pkl,1
D:\08_Dataset\Internal\mar2020\pickle_files\d55f74dcab28b20dae594db27ce1953389c2f231.pkl,1
D:\08_Dataset\Internal\mar2020\pickle_files\720bd1bcf19da5bf56cc6433404f86716add2201.pkl,1
D:\08_Dataset\Internal\mar2020\pickle_files\7644f5f4724b47de8f93f37b800d61a3e816c0dc.pkl,1
D:\08_Dataset\Internal\mar2020\pickle_files\4822f98696c8da5cd36e5dd79dd9ec01bb730173.pkl,1
D:\08_Dataset\Internal\mar2020\pickle_files\afec1d8b8d72ee990c266d13ee6a12b60671c94b.pkl,1
D:\08_Dataset\Internal\mar2020\pickle_files\831cf3509318a80014abcdced36cfca2271742ad.pkl,1
D:\08_Dataset\Internal\mar2020\pickle_files\7972413aa74a9fb079c10395baaa075eda820f3f.pkl,1
D:\08_Dataset\Internal\mar2020\pickle_files\4c312db19c157a81b0c4056a1b81b7dfe1120dcf.pkl,1
D:\08_Dataset\Internal\mar2020\pickle_files\476c5d4937e89a457c41652128ac785b6cdf5775.pkl,1
D:\08_Dataset\Internal\mar2020\pickle_files\b6ef01425262a3bb50525737ca706d15e15677c2.pkl,1
D:\08_Dataset\Internal\mar2020\pickle_files\8bf7ce50397e2defeaed63b3fbcfc4b598db739d.pkl,1
D:\08_Dataset\Internal\mar2020\pickle_files\ed1babe14683c40d5a7ad439d96a6aed0bb5076f.pkl,1
D:\08_Dataset\Internal\mar2020\pickle_files\1151c70a2151d34f1453ca8f4ad975e09a0dc93d.pkl,1
D:\08_Dataset\Internal\mar2020\pickle_files\85d2140040e6ee0c777147668f10e4151c530098.pkl,1
D:\08_Dataset\Internal\mar2020\pickle_files\65b1258cdfb9b67d83ea963b5f939ca564527c5c.pkl,1
D:\08_Dataset\Internal\mar2020\pickle_files\689aa0a762338a1bceb6d7c84f3ebbf00f7fa6c1.pkl,1
D:\08_Dataset\Internal\mar2020\pickle_files\dfcc00b1b396eef1e9613e618b1a277c806a947e.pkl,1
D:\08_Dataset\Internal\mar2020\pickle_files\7d920dff2e13c50a160b70c0cfed74bcf29b96c0.pkl,1
D:\08_Dataset\Internal\mar2020\pickle_files\fc1a797672da91e6c1cbaaf3d97c92aae3810073.pkl,1
D:\08_Dataset\Internal\mar2020\pickle_files\1fb63b09355e6915d7e285d337c444d49513bcbb.pkl,1
D:\08_Dataset\Internal\mar2020\pickle_files\601694736e24acd8727dc5258a5d6282ede49b32.pkl,1
D:\08_Dataset\Internal\mar2020\pickle_files\1584e076cf2c9d35ff07368416a96a15df12ff77.pkl,1
D:\08_Dataset\Internal\mar2020\pickle_files\f39bd9790350743d4bebd87816b15a6a08b374dd.pkl,1
D:\08_Dataset\Internal\mar2020\pickle_files\e6b7aa071fd760d68424206817c8c32dfe57d31b.pkl,1
D:\08_Dataset\Internal\mar2020\pickle_files\1bf395d0093af75aecbc981b26d6fe12ab00b6a3.pkl,1
D:\08_Dataset\Internal\mar2020\pickle_files\f2eac7432261c7d3be2491653a4fd5510e84eaae.pkl,1
D:\08_Dataset\Internal\mar2020\pickle_files\2b322ba1c73710e74bfe5d85151e195c899d9d45.pkl,1
D:\08_Dataset\Internal\mar2020\pickle_files\e332178281c5493d0ca36f1d53c4e6a3d7d86086.pkl,1
D:\08_Dataset\Internal\mar2020\pickle_files\929636f617aa0f3013e8db01cfba317d52b4c4e5.pkl,1
D:\08_Dataset\Internal\mar2020\pickle_files\052caf25c467600c86d340e23b3d49008f382d2f.pkl,1
D:\08_Dataset\Internal\mar2020\pickle_files\5457aa249ca811363683b2c6d321e8d0a15f5541.pkl,1
D:\08_Dataset\Internal\mar2020\pickle_files\6e91402eaf232e34bb00b6e5ccf7be9e74cdd8a9.pkl,1
D:\08_Dataset\Internal\mar2020\pickle_files\6964bd8e3776716714160ab3998bd47d5232be4b.pkl,1
D:\08_Dataset\Internal\mar2020\pickle_files\874189406f91999856b993c044a6c33825cea78c.pkl,1
D:\08_Dataset\Internal\mar2020\pickle_files\97a4d02c33d3bc9f275f7170520b98f910a1c13d.pkl,1
D:\08_Dataset\Internal\mar2020\pickle_files\153c6176f3d3bc058935a789da7e662e5ce53303.pkl,1
D:\08_Dataset\Internal\mar2020\pickle_files\34a992b19ae74e2a3c2c5095a67ec7113318a5f2.pkl,1
D:\08_Dataset\Internal\mar2020\pickle_files\30d1c85c2f1708502af8463ecde0deb2baccdfc4.pkl,1
D:\08_Dataset\Internal\mar2020\pickle_files\ea006a41a75dfa8cdd1c305b2d5fc1b47c932979.pkl,1
D:\08_Dataset\Internal\mar2020\pickle_files\2105fc3e48e2e6cca7eb4915b0366b215d0deabb.pkl,1
D:\08_Dataset\Internal\mar2020\pickle_files\7ec8f268fa748f8ed0e153ec9dc29cc5bcf5d194.pkl,1
D:\08_Dataset\Internal\mar2020\pickle_files\47f510a62e84f7d5564bb40ecd6a417babdf25e2.pkl,1
D:\08_Dataset\Internal\mar2020\pickle_files\6373f11878a7ad352a864de34a53f68143d15c97.pkl,1
D:\08_Dataset\Internal\mar2020\pickle_files\e2af696b8c0fc8c8cf7eaf9b93543bfe268f17e7.pkl,1
D:\08_Dataset\Internal\mar2020\pickle_files\43485d0b5f5f451ab0a72b3eebc7c6bd6340aa11.pkl,1
D:\08_Dataset\Internal\mar2020\pickle_files\51c864b6c0a6168e08aeda397a6426e36ff5bc0a.pkl,1
D:\08_Dataset\Internal\mar2020\pickle_files\0d84a25c9525c8f06123077a542b9d16c04324c4.pkl,1
D:\08_Dataset\Internal\mar2020\pickle_files\769026e59624a5314c93e5f16cdeae79b09ac38a.pkl,1
D:\08_Dataset\Internal\mar2020\pickle_files\7a9f1426774469bef0db4129ebc33060cd688a3a.pkl,1
D:\08_Dataset\Internal\mar2020\pickle_files\60e7891bf4ee65f28d040593064c527d2d5e2848.pkl,1
D:\08_Dataset\Internal\mar2020\pickle_files\ab51c694da763a1c5b780377e4991b17dcb42dcd.pkl,1
D:\08_Dataset\Internal\mar2020\pickle_files\37097375af0a19e9171880c3adf9b1b3f16a51ec.pkl,1
D:\08_Dataset\Internal\mar2020\pickle_files\837afda7a23d23ae4aee452ecf335dac80a7762b.pkl,1
D:\08_Dataset\Internal\mar2020\pickle_files\45a560aec8c407201402adac5a353e205742a090.pkl,1
D:\08_Dataset\Internal\mar2020\pickle_files\c743dbb60fe4229ac94d672c8c69c643bec6181c.pkl,1
D:\08_Dataset\Internal\mar2020\pickle_files\b11f83f8f3b9d351b23318be36f5ad2011bdcf61.pkl,1
D:\08_Dataset\Internal\mar2020\pickle_files\94742c3aaa14b12a4291fe725df237f4a3a1caba.pkl,1
D:\08_Dataset\Internal\mar2020\pickle_files\74b8c2c4252fbe94bcaa3e3fb67db0efb5242114.pkl,1
D:\08_Dataset\Internal\mar2020\pickle_files\936fe184abb62c8605cc6016ca0b00e85b98a06c.pkl,1
D:\08_Dataset\Internal\mar2020\pickle_files\b88ca086df4b8fbc0a2951562778e0ce14491dfb.pkl,1
D:\08_Dataset\Internal\mar2020\pickle_files\67b9fa225c606f0b7a7a5d89156848c77c6d830a.pkl,1
D:\08_Dataset\Internal\mar2020\pickle_files\71f4f22f5d43068799d958b3af965248690df513.pkl,1
D:\08_Dataset\Internal\mar2020\pickle_files\32cab967bb5dde10ec68801e937083546916c989.pkl,1
D:\08_Dataset\Internal\mar2020\pickle_files\b1c7719f1afcaddb6d3681b39cf673bb7802f4a1.pkl,1
D:\08_Dataset\Internal\mar2020\pickle_files\d4be05d25cae4b7b768948683f66844973c950b6.pkl,1
D:\08_Dataset\Internal\mar2020\pickle_files\63cad70e53cab7360775384a51f20fcc8073725e.pkl,1
D:\08_Dataset\Internal\mar2020\pickle_files\982556e0183d3ceee5af85e7384678848ec25563.pkl,1
D:\08_Dataset\Internal\mar2020\pickle_files\081a954ad8edd89b91392a7768ea89bb514ef5b4.pkl,1
D:\08_Dataset\Internal\mar2020\pickle_files\4966c0ec421e9f885b303eab57a7cf23115ca503.pkl,1
D:\08_Dataset\Internal\mar2020\pickle_files\8fadfe0bab687ba42284e1ebf320e1439907f607.pkl,1
D:\08_Dataset\Internal\mar2020\pickle_files\93ecb3cee04416b7200c95e92f4dfc5d5412c020.pkl,1
D:\08_Dataset\Internal\mar2020\pickle_files\90dac065f0dcb7efa72b5c8c553f5f2f8ea3e655.pkl,1
D:\08_Dataset\Internal\mar2020\pickle_files\a61ff6a2260ea07ac8944b197161156731b202ab.pkl,1
D:\08_Dataset\Internal\mar2020\pickle_files\6b08d998833137ce562a979e5cb43e8411bd426a.pkl,1
D:\08_Dataset\Internal\mar2020\pickle_files\cd5c3ff63882577321f2be443d5baafee56d4239.pkl,1
D:\08_Dataset\Internal\mar2020\pickle_files\3333ca43a6084b0445dcbbbef1fcb1ba41f5eff7.pkl,1
D:\08_Dataset\Internal\mar2020\pickle_files\3e140c68cf2f049d2ddc0212f4940baf6862e2f5.pkl,1
D:\08_Dataset\Internal\mar2020\pickle_files\58dc0cf4a6f68fa5a8ec0871d9d950047b969fe9.pkl,1
D:\08_Dataset\Internal\mar2020\pickle_files\ca5c4147128ac8ffd6852d792baf8f601eceb8d9.pkl,1
D:\08_Dataset\Internal\mar2020\pickle_files\66c30a65a7a6389d04d85edc647e10e63df59480.pkl,1
D:\08_Dataset\Internal\mar2020\pickle_files\6bcfdafe8ba5fe580b55cc83ca3e8301de3cb813.pkl,1
D:\08_Dataset\Internal\mar2020\pickle_files\e7ab0a3caf1dcf899cd07bc517bdccbf862d9d07.pkl,1
D:\08_Dataset\Internal\mar2020\pickle_files\de6bc2bf7c921b34c315c91f2b2e4c4aaa7abbe0.pkl,1
D:\08_Dataset\Internal\mar2020\pickle_files\8cd654b0124edfa96192866a2c343aa882018888.pkl,1
D:\08_Dataset\Internal\mar2020\pickle_files\14d09f081aebe633cab6260096fadf8678b3199a.pkl,1
D:\08_Dataset\Internal\mar2020\pickle_files\e32121306dfae43ab051950ff4ca042aae0b7767.pkl,1
D:\08_Dataset\Internal\mar2020\pickle_files\d421fc73a3f3e2300f15e3d956b41ff23902e2a8.pkl,1
D:\08_Dataset\Internal\mar2020\pickle_files\dc16d8a5294191687d387d1ba6eb8dcb44d0d411.pkl,1
D:\08_Dataset\Internal\mar2020\pickle_files\c9fa93ab741085d87ed6cad1366125eddccc2941.pkl,1
D:\08_Dataset\Internal\mar2020\pickle_files\7237dbcc75fb383f41866f5a9e19b8337d5c5af7.pkl,1
D:\08_Dataset\Internal\mar2020\pickle_files\e18c491576a3e5488ec96daf148e44b507ea2720.pkl,1
D:\08_Dataset\Internal\mar2020\pickle_files\f6e7c1994ece027fa583ff485c927c054af68ebb.pkl,1
D:\08_Dataset\Internal\mar2020\pickle_files\af589a44d6f09cfdb49ba52d037f76b123894074.pkl,1
D:\08_Dataset\Internal\mar2020\pickle_files\eb31dbe693b799b760f868ae319df874bf513457.pkl,1
D:\08_Dataset\Internal\mar2020\pickle_files\d913631ab6b0c16db2553b681b0ef3b647a927c2.pkl,1
D:\08_Dataset\Internal\mar2020\pickle_files\614afb295238350267151912daa7ac7552f32785.pkl,1
D:\08_Dataset\Internal\mar2020\pickle_files\dcd55ce45816cd93bf9989f6e262e942bec7cd98.pkl,1
D:\08_Dataset\Internal\mar2020\pickle_files\c692e5c17c54c0f4d24d4522d03273361e83b102.pkl,1
D:\08_Dataset\Internal\mar2020\pickle_files\0872a851a8094cd36ffa6d25c053be44bc03a59c.pkl,1
D:\08_Dataset\Internal\mar2020\pickle_files\a2f11face03e7214621e4129712572d140adfb16.pkl,1
D:\08_Dataset\Internal\mar2020\pickle_files\bc0787a1623040158e445543cb5ec46df0f739c7.pkl,1
D:\08_Dataset\Internal\mar2020\pickle_files\678cf79ab39afa182ab6f29c3f6e8d5f093e130f.pkl,1
D:\08_Dataset\Internal\mar2020\pickle_files\feab7efe858c782298e71e52873d12fc27afbd4c.pkl,1
D:\08_Dataset\Internal\mar2020\pickle_files\1f201bde5316a1287a20c82c658e7ab66255db58.pkl,1
D:\08_Dataset\Internal\mar2020\pickle_files\39c1d187385896e06dff1be48e92994c269bae04.pkl,1
D:\08_Dataset\Internal\mar2020\pickle_files\4dc1ca32132b7b91dd63f6f0a88100c3cc2e28fb.pkl,1
D:\08_Dataset\Internal\mar2020\pickle_files\e0ca2a063d82a60dd21b386a378757581b4ce3b9.pkl,1
D:\08_Dataset\Internal\mar2020\pickle_files\2e26e992513a4c8f5664f05952bc65968ba331bb.pkl,1
D:\08_Dataset\Internal\mar2020\pickle_files\c2e9bcb31a9f9939559f05b2e0ac29fd01c2f93c.pkl,1
D:\08_Dataset\Internal\mar2020\pickle_files\4b064d434537fc8fa2b9b825bc37e82a40b0b084.pkl,1
D:\08_Dataset\Internal\mar2020\pickle_files\3f9d9275662f734aed3dfeaa38a0c3db7f5bc524.pkl,1
D:\08_Dataset\Internal\mar2020\pickle_files\5c535b664a39e9595439a95e70a818fe59d3d266.pkl,1
D:\08_Dataset\Internal\mar2020\pickle_files\2d82601a37d3801f39680bb175158e97a2d1e52a.pkl,1
D:\08_Dataset\Internal\mar2020\pickle_files\4b1cdc55ed8aad00a21020d6c23ba859ae27ca26.pkl,1
D:\08_Dataset\Internal\mar2020\pickle_files\a1965d059e5da65467f2850db60ff3420949bf75.pkl,1
D:\08_Dataset\Internal\mar2020\pickle_files\8468ffbe3c1a0cebc5fbb2d129cfa44594310ff3.pkl,1
D:\08_Dataset\Internal\mar2020\pickle_files\a57a20da41d1262cf404c9509ec8ec6343837c38.pkl,1
D:\08_Dataset\Internal\mar2020\pickle_files\b73ae4499076858106b6dde773814c28cc2b00a2.pkl,1
D:\08_Dataset\Internal\mar2020\pickle_files\5739962f336688963da6df0af31e3242b58fa6e2.pkl,1
D:\08_Dataset\Internal\mar2020\pickle_files\8eabc383fd3867f6d8833a640fa0098be2dd5ac1.pkl,1
D:\08_Dataset\Internal\mar2020\pickle_files\2e6225155a1df3e872f21e1ab0ec602cb9a8fe53.pkl,1
D:\08_Dataset\Internal\mar2020\pickle_files\b0b856548cffdbe05367886c0fac87d251b42666.pkl,1
D:\08_Dataset\Internal\mar2020\pickle_files\4e336bdbcae31ac93666a5c71ca4295c2e984910.pkl,1
D:\08_Dataset\Internal\mar2020\pickle_files\41099d09cf62b8abe99e62f724424a0f54b34ff9.pkl,1
D:\08_Dataset\Internal\mar2020\pickle_files\4f48cce464f370971222b0fef31ba92deb112953.pkl,1
D:\08_Dataset\Internal\mar2020\pickle_files\f2bb4772bba62b9b9f24773f58fe94dfdaac9d81.pkl,1
D:\08_Dataset\Internal\mar2020\pickle_files\487370e389f2b41fb2b2d2d562be0a4005bf3606.pkl,1
D:\08_Dataset\Internal\mar2020\pickle_files\5226e6070062bcb06adc346f4095d61a24a33e66.pkl,1
D:\08_Dataset\Internal\mar2020\pickle_files\8e5a6c68081ccc452a97b1533c34a2f91fe2e070.pkl,1
D:\08_Dataset\Internal\mar2020\pickle_files\6de08be9d6627b240af0f5ac74175a2e111ded6f.pkl,1
D:\08_Dataset\Internal\mar2020\pickle_files\47eb809fa710c149d892da5fc26c8fc8848bac52.pkl,1
D:\08_Dataset\Internal\mar2020\pickle_files\734b03b7e24b2ad7d772c32095494ba3cef03ff3.pkl,1
D:\08_Dataset\Internal\mar2020\pickle_files\d9bb7316b91b5e3a23708601b909dbce5ca503f9.pkl,1
D:\08_Dataset\Internal\mar2020\pickle_files\aa1954d3afd43e8a40ac98ff822fe0560b4180db.pkl,1
D:\08_Dataset\Internal\mar2020\pickle_files\c8a72a3439cc9193402822f96ca2a8d4ecb29bbd.pkl,1
D:\08_Dataset\Internal\mar2020\pickle_files\e5111597bdaa97d395cc9ce37417b392945d2218.pkl,1
D:\08_Dataset\Internal\mar2020\pickle_files\4389f3f5253b796d0ee9aeec6ae7105613b106fd.pkl,1
D:\08_Dataset\Internal\mar2020\pickle_files\49fe3790a6634e25e3538532e74860dfca717175.pkl,1
D:\08_Dataset\Internal\mar2020\pickle_files\5d909bd8920a0a85ccc2cee3d3a4bb8e44415ee9.pkl,1
D:\08_Dataset\Internal\mar2020\pickle_files\c12c9986915254b9aebf8fbb2cabec23f28f2fe4.pkl,1
D:\08_Dataset\Internal\mar2020\pickle_files\813d1868796df098f742c417b1d9c3a0d9c8acb2.pkl,1
D:\08_Dataset\Internal\mar2020\pickle_files\acfd5c67914802b0081653163b1f25cc016caf76.pkl,1
D:\08_Dataset\Internal\mar2020\pickle_files\f2a7910c9a1f3aa5a65204fa7d0948c950eecdb0.pkl,1
D:\08_Dataset\Internal\mar2020\pickle_files\50b52c81847269d6ed2b3f571699a76ea26a02f9.pkl,1
D:\08_Dataset\Internal\mar2020\pickle_files\089adc61e9373dbd0fb7ca4e180c1dcd07e5e3da.pkl,1
D:\08_Dataset\Internal\mar2020\pickle_files\b9f7b22c5c8d5c38b073d8797eadc493b9ab6e85.pkl,1
D:\08_Dataset\Internal\mar2020\pickle_files\b7cd099655a93395ccc2c4bea34a8ad06fc4156b.pkl,1
D:\08_Dataset\Internal\mar2020\pickle_files\39c6cb655ebd5644c5a2d809af3e7adc418c91ca.pkl,1
D:\08_Dataset\Internal\mar2020\pickle_files\e6b4702600b82d259a4a3df7554c4965f367c4a0.pkl,1
D:\08_Dataset\Internal\mar2020\pickle_files\67f2086feef6d11e70c4e8e5aa2cd2f8a32052cd.pkl,1
D:\08_Dataset\Internal\mar2020\pickle_files\ab9d038e230ceef4743a4296d70af5b3c671f1a6.pkl,1
D:\08_Dataset\Internal\mar2020\pickle_files\b2748c3a988e7c9f9245e1fcb8b5b77e05627562.pkl,1
D:\08_Dataset\Internal\mar2020\pickle_files\9437da3a75c580873eab0413d1921ef5532c222b.pkl,1
D:\08_Dataset\Internal\mar2020\pickle_files\fb75b1926d88089cb0aa233020131116ec2ddd38.pkl,1
D:\08_Dataset\Internal\mar2020\pickle_files\f4a2c100e1c282674a3798819c3e4653c1e6df1d.pkl,1
D:\08_Dataset\Internal\mar2020\pickle_files\c98e20a8f915d19350f59a58dfd53a4e9d8d1eef.pkl,1
D:\08_Dataset\Internal\mar2020\pickle_files\23963c4cbe40c7569d741c5ac6cb2bd826286f63.pkl,1
D:\08_Dataset\Internal\mar2020\pickle_files\1ad02095d81d5157e46068606651ac317388ac69.pkl,1
D:\08_Dataset\Internal\mar2020\pickle_files\09f52c3ef048487f922ea7e897c7cdafdcc4c513.pkl,1
D:\08_Dataset\Internal\mar2020\pickle_files\8d5206eec4933e51c0102e38e33b227e6460a214.pkl,1
D:\08_Dataset\Internal\mar2020\pickle_files\f5aff0345a26a17c53b41758e028c631034ac835.pkl,1
D:\08_Dataset\Internal\mar2020\pickle_files\88a53bd1790c05ccf70ab6bb119f918921c9f19f.pkl,1
D:\08_Dataset\Internal\mar2020\pickle_files\fada61c07f96bd6e3205f32fda35a97d2ffc119a.pkl,1
D:\08_Dataset\Internal\mar2020\pickle_files\f8e7a108e258e65797699937425048bfd67ca010.pkl,1
D:\08_Dataset\Internal\mar2020\pickle_files\f99ac16f63c82c2f0336fea9759a03e4cb14193f.pkl,1
D:\08_Dataset\Internal\mar2020\pickle_files\bd4ef3f817e452c5b8a8f96574ae806dc942d3b1.pkl,1
D:\08_Dataset\Internal\mar2020\pickle_files\2bc3d7ef3a70b236185ec1fa89464ac25cff3895.pkl,1
D:\08_Dataset\Internal\mar2020\pickle_files\8d50dd69b963c3474687b46f202b69ec9a6b5508.pkl,1
D:\08_Dataset\Internal\mar2020\pickle_files\137777adcedccb8f73bfecbab0a0e582dc858ab2.pkl,1
D:\08_Dataset\Internal\mar2020\pickle_files\313dee05a2afd660efd1d1101cc7667062cd089f.pkl,1
D:\08_Dataset\Internal\mar2020\pickle_files\bfddd8f52668df6ecde550cbbaae2ee0426617c2.pkl,1
D:\08_Dataset\Internal\mar2020\pickle_files\14ac92521a8989af676fccbcefe71eefa27bc0ae.pkl,1
D:\08_Dataset\Internal\mar2020\pickle_files\fa5dcb05386109912ce3fcbb4a5bcca78e1eb248.pkl,1
D:\08_Dataset\Internal\mar2020\pickle_files\d401671fddc009836bf7e0a22d850df5326e4ae1.pkl,1
D:\08_Dataset\Internal\mar2020\pickle_files\fd9e3fd4eac27e438a2f6a909b22793f8784e939.pkl,1
D:\08_Dataset\Internal\mar2020\pickle_files\b4476e6ac51b42c0a54e2a4cf219904581f873ef.pkl,1
D:\08_Dataset\Internal\mar2020\pickle_files\47b968e304ccec669dcaeb63553e73f8973b31b2.pkl,1
D:\08_Dataset\Internal\mar2020\pickle_files\51e5f78bca419649c379a2b70162be603a77dc9b.pkl,1
D:\08_Dataset\Internal\mar2020\pickle_files\a8951ce44aed3ad176b39865475e30175210e23a.pkl,1
D:\08_Dataset\Internal\mar2020\pickle_files\9d8094a9f713d078b9b5b511aab8671a326dee34.pkl,1
D:\08_Dataset\Internal\mar2020\pickle_files\5fd214f1252222bf57a70600c5a92b2d28c1ffe5.pkl,1
D:\08_Dataset\Internal\mar2020\pickle_files\56ec05f940e8f5a79d9f02175b41728e75ee48eb.pkl,1
D:\08_Dataset\Internal\mar2020\pickle_files\b0f376786d98ed238942cfcb03976e95e4c35874.pkl,1
D:\08_Dataset\Internal\mar2020\pickle_files\977bef83887ebb7d237b923aa29f902ae1944494.pkl,1
D:\08_Dataset\Internal\mar2020\pickle_files\9f19f6643a072b8a9853ec86b6a7d4b0c79f2e16.pkl,1
D:\08_Dataset\Internal\mar2020\pickle_files\87418dda0481e743dc869fcdc5a333c464892f17.pkl,1
D:\08_Dataset\Internal\mar2020\pickle_files\c62182763ec4e507832bda37021d5f49d597a53f.pkl,1
D:\08_Dataset\Internal\mar2020\pickle_files\5f40af1dfce8a85d2dc158719bad4e209d52ee21.pkl,1
D:\08_Dataset\Internal\mar2020\pickle_files\590ec53fb63f8339341924287af451c5c87ada71.pkl,1
D:\08_Dataset\Internal\mar2020\pickle_files\63da04e27ba997bb8c02c0c7e005b4a5be815b3f.pkl,1
D:\08_Dataset\Internal\mar2020\pickle_files\8c8d97c89d0726b50e135bdcd35d54c5b7c097ec.pkl,1
D:\08_Dataset\Internal\mar2020\pickle_files\9aa89e30adfbb8e038a8af94cb97ebece5b16ddc.pkl,1
D:\08_Dataset\Internal\mar2020\pickle_files\eada290b985e4bf7270cde5244cd6f5c82077fbe.pkl,1
D:\08_Dataset\Internal\mar2020\pickle_files\02ba538999da929083ebc290af07c75b10e64c38.pkl,1
D:\08_Dataset\Internal\mar2020\pickle_files\2e8a9992d6ca38350a2c270969db2d848fb65487.pkl,1
D:\08_Dataset\Internal\mar2020\pickle_files\f0c1f026d98e6eab040cc68619998d9201d160e3.pkl,1
D:\08_Dataset\Internal\mar2020\pickle_files\8f06a6cd061c5ffebda8e2998c867d00f0e8a67b.pkl,1
D:\08_Dataset\Internal\mar2020\pickle_files\193562abdea01471a251b7ffff8e42d52c80f924.pkl,1
D:\08_Dataset\Internal\mar2020\pickle_files\1ac7deff1948adb1ecee7dc687c13f63aece2a94.pkl,1
D:\08_Dataset\Internal\mar2020\pickle_files\d6051d267d5cce8233fe8d81750bb028cf4020eb.pkl,1
D:\08_Dataset\Internal\mar2020\pickle_files\9e09d21d323bff929ff3df40452b62829a5a6198.pkl,1
D:\08_Dataset\Internal\mar2020\pickle_files\009294c4184662325551dd32db9cc87f73b669bc.pkl,1
D:\08_Dataset\Internal\mar2020\pickle_files\f3bb20868e07884c9075b8bd5a7e2f30eda0f6bb.pkl,1
D:\08_Dataset\Internal\mar2020\pickle_files\dee0e867398630a24b5f680497cb6ca18bf86be1.pkl,1
D:\08_Dataset\Internal\mar2020\pickle_files\385cee1e14b6644c377437d78a5da61cd91536a7.pkl,1
D:\08_Dataset\Internal\mar2020\pickle_files\b15a1d0908479798121ec3a7e7a118a1eaffa950.pkl,1
D:\08_Dataset\Internal\mar2020\pickle_files\ad25c22780f4fada78de8573babef99bb5320c81.pkl,1
D:\08_Dataset\Internal\mar2020\pickle_files\b99617ae1b4ad3aa7a8d44e7c5d3b63da27daf28.pkl,1
D:\08_Dataset\Internal\mar2020\pickle_files\37e0337560780d7d99c6601d8e6d4dab5db451d9.pkl,1
D:\08_Dataset\Internal\mar2020\pickle_files\2b03d22af17f745baae91846e221a0e83db3b85d.pkl,1
D:\08_Dataset\Internal\mar2020\pickle_files\e9dc4d3179f710dd069a884df4a5e7bb61fcd578.pkl,1
D:\08_Dataset\Internal\mar2020\pickle_files\e890059826d2d127ff77498702a49766e12541e0.pkl,1
D:\08_Dataset\Internal\mar2020\pickle_files\2a177aeb1002a7936499831a9a412532ba6dd99b.pkl,1
D:\08_Dataset\Internal\mar2020\pickle_files\9876c8d69615f07dfa74e8a1bdc0f46fc97e7df2.pkl,1
D:\08_Dataset\Internal\mar2020\pickle_files\55abc50dad0721a1b5d60cd720691be66254c410.pkl,1
D:\08_Dataset\Internal\mar2020\pickle_files\b0c931e71aa36ce522ddc809e6d1c4a97eb1606c.pkl,1
D:\08_Dataset\Internal\mar2020\pickle_files\ec35f8ea2e0a736ba84d4d418529edd16e8ef399.pkl,1
D:\08_Dataset\Internal\mar2020\pickle_files\5720645b0c46b10d65dff6ba257c406248ed9bdf.pkl,1
D:\08_Dataset\Internal\mar2020\pickle_files\769c9aaa2d6f0a4f982c00d6dc07194775eb935d.pkl,1
D:\08_Dataset\Internal\mar2020\pickle_files\ec7584a8cc2d79a1f3eda71e1e6e3051f09412a4.pkl,1
D:\08_Dataset\Internal\mar2020\pickle_files\fa3e6f596e277462928d87cedb48411039e0c172.pkl,1
D:\08_Dataset\Internal\mar2020\pickle_files\b39065e923432edc783b9e680090b7a5756eb27e.pkl,1
D:\08_Dataset\Internal\mar2020\pickle_files\c2414c1a44e6fdd441e372273bf96088ab97eae4.pkl,1
D:\08_Dataset\Internal\mar2020\pickle_files\403eca5dfd6a9e9624b4eaafbedb589abccc4879.pkl,1
D:\08_Dataset\Internal\mar2020\pickle_files\89086973904befb49a62d2dde4a3cdfbb5e3ead0.pkl,1
D:\08_Dataset\Internal\mar2020\pickle_files\943ce491e93fbb0c27657c81df695e7f71709cee.pkl,1
D:\08_Dataset\Internal\mar2020\pickle_files\4c9665ea0804403cc8e51a01f6d13091766f2478.pkl,1
D:\08_Dataset\Internal\mar2020\pickle_files\40fa81d38cbce821c9721e2dee60643aa797af20.pkl,1
D:\08_Dataset\Internal\mar2020\pickle_files\d3f006bdf3bb32d9e011171fab5f21b142e75548.pkl,1
D:\08_Dataset\Internal\mar2020\pickle_files\ada7fd54c94aa87bf1a7f7252fdf4bc33942f121.pkl,1
D:\08_Dataset\Internal\mar2020\pickle_files\03bd95d0267fb41bb93c53b823eedb813f063504.pkl,1
D:\08_Dataset\Internal\mar2020\pickle_files\4ff752a45e22719debc830c410ca9c79dcc663d7.pkl,1
D:\08_Dataset\Internal\mar2020\pickle_files\f4f379ceed7a73f1acb1a97ef6fc9590350dc4b5.pkl,1
D:\08_Dataset\Internal\mar2020\pickle_files\71e79fd310cc6294cd717712b44d593461d14f47.pkl,1
D:\08_Dataset\Internal\mar2020\pickle_files\c012193782afa7e1578669e758bed88e959f33ae.pkl,1
D:\08_Dataset\Internal\mar2020\pickle_files\60e1fa7837292198977561e10414ac94fdba51b6.pkl,1
D:\08_Dataset\Internal\mar2020\pickle_files\9aaaa857a620120061bf60652e7bb4919152f699.pkl,1
D:\08_Dataset\Internal\mar2020\pickle_files\13b322627b51ca8ab64d8537c42780d7e9027409.pkl,1
D:\08_Dataset\Internal\mar2020\pickle_files\d9b1e5c8b8d9cbb9489e18e2722b5a8ad5bddc33.pkl,1
D:\08_Dataset\Internal\mar2020\pickle_files\31bb17a450ae27e3e6f41ca36b99e70e30e5e1e4.pkl,1
D:\08_Dataset\Internal\mar2020\pickle_files\20cd9ea6b721fadff69ed375281b63d5e35235c4.pkl,1
D:\08_Dataset\Internal\mar2020\pickle_files\9def39acfa42e030c778fb5002abd405410b1a57.pkl,1
D:\08_Dataset\Internal\mar2020\pickle_files\370bef9fccb5afdf997261d9266abf86140886ca.pkl,1
D:\08_Dataset\Internal\mar2020\pickle_files\e64b09a39da07d8ea65d22517b0a46e49c0c3040.pkl,1
D:\08_Dataset\Internal\mar2020\pickle_files\df058767bfdc9c92ff29b889640c935a36f56bd6.pkl,1
D:\08_Dataset\Internal\mar2020\pickle_files\2c334722efb9bf4f339834a55583d0284d770c70.pkl,1
D:\08_Dataset\Internal\mar2020\pickle_files\a3de19134c13167f0064d7c549a487775488bc63.pkl,1
D:\08_Dataset\Internal\mar2020\pickle_files\561a0728e4a363efd29cd08f00dde6976b3fa7e1.pkl,1
D:\08_Dataset\Internal\mar2020\pickle_files\ed721abc49a063b652d23e6541bc83faefece8db.pkl,1
D:\08_Dataset\Internal\mar2020\pickle_files\e841f940c0a920f9fddca66e2705e59e9355d3d7.pkl,1
D:\08_Dataset\Internal\mar2020\pickle_files\8aa0b7f9ed9388f4c440197a082dadaf0a78c252.pkl,1
D:\08_Dataset\Internal\mar2020\pickle_files\57b4134183b864f6b5e2fd730d2c5dbe1eec70f6.pkl,1
D:\08_Dataset\Internal\mar2020\pickle_files\3cca497ec957f1bfd16e872a812251e1833464fa.pkl,1
D:\08_Dataset\Internal\mar2020\pickle_files\a956557876a1e3981a397ee48d420ba60a2f64e1.pkl,1
D:\08_Dataset\Internal\mar2020\pickle_files\c754c9ff981e7deb723f51ea49fe03df0f89c83f.pkl,1
D:\08_Dataset\Internal\mar2020\pickle_files\ca3c291b7d892536b6c74775b84376048a39e153.pkl,1
D:\08_Dataset\Internal\mar2020\pickle_files\10c377d8a68cc94dea37586801220273554d9568.pkl,1
D:\08_Dataset\Internal\mar2020\pickle_files\0434de60426a13edf305cb6ff95120920036ccb3.pkl,1
D:\08_Dataset\Internal\mar2020\pickle_files\d60029ab21bad76451b95452a0c46248167b5131.pkl,1
D:\08_Dataset\Internal\mar2020\pickle_files\bd8f6425866d65f825ec7728dd708314fa69116d.pkl,1
D:\08_Dataset\Internal\mar2020\pickle_files\6225ec44d595659ef93d1ba21ba5ba2982a5e71d.pkl,1
D:\08_Dataset\Internal\mar2020\pickle_files\c84deb916a24f880e77e0322eb652cfac6bcddd9.pkl,1
D:\08_Dataset\Internal\mar2020\pickle_files\2f9d799f04884a20252a70b8093b1ba27ad68729.pkl,1
D:\08_Dataset\Internal\mar2020\pickle_files\8f8a9fa8335b879c7e0fdedf836f8fd9df52e6a7.pkl,1
D:\08_Dataset\Internal\mar2020\pickle_files\e0243412ac21967b2860ae3bf0e28547abed26dd.pkl,1
D:\08_Dataset\Internal\mar2020\pickle_files\c51bf4a5b9be5199c0da34bf8228487671f18eca.pkl,1
D:\08_Dataset\Internal\mar2020\pickle_files\9fbc8238096a1e3699532ea0c982c1b174191b48.pkl,1
D:\08_Dataset\Internal\mar2020\pickle_files\fd79ba6696cd88d70253c4d6ca4871fc91970a95.pkl,1
D:\08_Dataset\Internal\mar2020\pickle_files\1f2047d18c8dc5657a12b7e13bb0a86315a2c0d3.pkl,1
D:\08_Dataset\Internal\mar2020\pickle_files\13827dee0f193a49f708a36ac0651b77a11cea91.pkl,1
D:\08_Dataset\Internal\mar2020\pickle_files\e7dcb339a4fe2f2c5574a13665bda5cc1c16dbfa.pkl,1
D:\08_Dataset\Internal\mar2020\pickle_files\7844491d28c169d3141e42b313eb1fdb26883938.pkl,1
D:\08_Dataset\Internal\mar2020\pickle_files\d7a3b1b2c586f7a91015e93baae68120f8b188f1.pkl,1
D:\08_Dataset\Internal\mar2020\pickle_files\2e0c58076076e0385c4bff7d8a368f7d8c384219.pkl,1
D:\08_Dataset\Internal\mar2020\pickle_files\7a001b2061169928123cc17486a40a728c1d1696.pkl,1
D:\08_Dataset\Internal\mar2020\pickle_files\14ccc0a400041d74d21fcab7ed3c2da77b9a0a7b.pkl,1
D:\08_Dataset\Internal\mar2020\pickle_files\24207a956da560ace0868b5fbe3f5ee39a3c67f9.pkl,1
D:\08_Dataset\Internal\mar2020\pickle_files\a07c58bbd4b0390fb71451ffec40fa8dc70fd72f.pkl,1
D:\08_Dataset\Internal\mar2020\pickle_files\0014c80fd2cef01c3ee256405a7f3d7461cb38ff.pkl,1
D:\08_Dataset\Internal\mar2020\pickle_files\e152feafd9f2129b8efc1440fae60e0877ea9547.pkl,1
D:\08_Dataset\Internal\mar2020\pickle_files\f18a69978bcd5ef9daaecbb0705650a0aefa0b1d.pkl,1
D:\08_Dataset\Internal\mar2020\pickle_files\099c44162aae6ad95851bd5ba4333cbe44176497.pkl,1
D:\08_Dataset\Internal\mar2020\pickle_files\ee0d0eb21aacef690d856d6e2a03a06260e2eacc.pkl,1
D:\08_Dataset\Internal\mar2020\pickle_files\95b35acbd0d40192078d9d4b573179102f37bafd.pkl,1
D:\08_Dataset\Internal\mar2020\pickle_files\2e8c412a13cd9e98499b3c2a22509f225fd8eff4.pkl,1
D:\08_Dataset\Internal\mar2020\pickle_files\8ce6615a2ef9013d2b0519f8fb2babcb7234b19e.pkl,1
D:\08_Dataset\Internal\mar2020\pickle_files\bed668591ff189380257ad68c1009a2e820593bb.pkl,1
D:\08_Dataset\Internal\mar2020\pickle_files\83e6d726416880a58dff719502ec80b581bf0aa2.pkl,1
D:\08_Dataset\Internal\mar2020\pickle_files\1fbbad21a37aab05c0213b5042fcea0075b803d1.pkl,1
D:\08_Dataset\Internal\mar2020\pickle_files\f601fc4ee83b2d56f21c4db45ac9e4c0a0a6b393.pkl,1
D:\08_Dataset\Internal\mar2020\pickle_files\03cc1ef5ced3b3f43eb4ad40c8318662880c723c.pkl,1
D:\08_Dataset\Internal\mar2020\pickle_files\8c8761f9102dbdc36a1ad0dd85615c26e3d08797.pkl,1
D:\08_Dataset\Internal\mar2020\pickle_files\790269ec4a2df7a4815632c7095780414c873f27.pkl,1
D:\08_Dataset\Internal\mar2020\pickle_files\fbf805edec334dfa319544df7b5df8c76752c4a5.pkl,1
D:\08_Dataset\Internal\mar2020\pickle_files\7032b6d548b6fbb726b05ace901c1c709412582a.pkl,1
D:\08_Dataset\Internal\mar2020\pickle_files\6666bc29c75d63b69eaaf8f679cb18a47e2d2030.pkl,1
D:\08_Dataset\Internal\mar2020\pickle_files\6df16093c5564dc5977bc61930c7fcc64e92386a.pkl,1
D:\08_Dataset\Internal\mar2020\pickle_files\72878f076b5d6abe1e070bb186cb97447263e6ad.pkl,1
D:\08_Dataset\Internal\mar2020\pickle_files\8b53406fcdaaa427c24de75a58536ba0dec86caf.pkl,1
D:\08_Dataset\Internal\mar2020\pickle_files\20a91e1f552318ce5e48a9dad3721ff88dddfbaf.pkl,1
D:\08_Dataset\Internal\mar2020\pickle_files\5ff074d3254923570a30bf8c3e3c129d26e47660.pkl,1
D:\08_Dataset\Internal\mar2020\pickle_files\f87ee78912b2ec727cb89e2aadf7b11fea8d2a7f.pkl,1
D:\08_Dataset\Internal\mar2020\pickle_files\b4451358a112bfb580a4f0672ccb3f48c321fa8e.pkl,1
D:\08_Dataset\Internal\mar2020\pickle_files\c3290a10d5e58e9c38e7999f4c61b0ba2eff64c2.pkl,1
D:\08_Dataset\Internal\mar2020\pickle_files\b28cb6aa534a6208867f65164190d7dd96b92b11.pkl,1
D:\08_Dataset\Internal\mar2020\pickle_files\0b9e5a89e5bd1283781b289b612d30b9de794177.pkl,1
D:\08_Dataset\Internal\mar2020\pickle_files\e3b14c78b749a3b41db7f98629d5dd4015b70aff.pkl,1
D:\08_Dataset\Internal\mar2020\pickle_files\40ba8c7583ee732b602fbe4faa78f4fc62893a28.pkl,1
D:\08_Dataset\Internal\mar2020\pickle_files\3f6c1d4884ab3dd56957ac199f0c8b09e2238ca8.pkl,1
D:\08_Dataset\Internal\mar2020\pickle_files\2b38e40955602792a3df6cabb09fce7f7a630eff.pkl,1
D:\08_Dataset\Internal\mar2020\pickle_files\65efc65263b9b61094fbe490c57be8ab72294aaa.pkl,1
D:\08_Dataset\Internal\mar2020\pickle_files\f8d7774127ee6edfbd2c7167e7b00bf91661e018.pkl,1
D:\08_Dataset\Internal\mar2020\pickle_files\86996220feb6a0efc8b83955e8613d45fe164ee0.pkl,1
D:\08_Dataset\Internal\mar2020\pickle_files\2d81d665106561dcea9a5d51a616d3a3e407ec40.pkl,1
D:\08_Dataset\Internal\mar2020\pickle_files\c8cb300d39e91d97b3df1d8316c8d760feceb47b.pkl,1
D:\08_Dataset\Internal\mar2020\pickle_files\70bab0baf3c7f20fd345bcacd2a5cacea8a1e95f.pkl,1
D:\08_Dataset\Internal\mar2020\pickle_files\c4915974fd6a5df638b39af1456400b697c311ff.pkl,1
D:\08_Dataset\Internal\mar2020\pickle_files\826bc2091aa02ad7fdba6a716a3f7165625944d4.pkl,1
D:\08_Dataset\Internal\mar2020\pickle_files\9bb42a74c3b5cfa3ea7edaf16b6c0d7af675bc07.pkl,1
D:\08_Dataset\Internal\mar2020\pickle_files\2df09b5a1f208aa77e2cf268bc435fe803456254.pkl,1
D:\08_Dataset\Internal\mar2020\pickle_files\5031b00c2c875c74acb05663e6e8d6b6bddb11dc.pkl,1
D:\08_Dataset\Internal\mar2020\pickle_files\c682fd9f48d101ba36d8106d960ae2c3b9df693d.pkl,1
D:\08_Dataset\Internal\mar2020\pickle_files\4da56e641b0fb188af80b67222b429b27cde0cc2.pkl,1
D:\08_Dataset\Internal\mar2020\pickle_files\e7d3913defc02e51e070386e88eb4418aeaa1964.pkl,1
D:\08_Dataset\Internal\mar2020\pickle_files\2d90a4e3ddc8fb8bdafed23f6bcf4316620c2f10.pkl,1
D:\08_Dataset\Internal\mar2020\pickle_files\55117cb3754e0b0ad98f82f4348773de07852f57.pkl,1
D:\08_Dataset\Internal\mar2020\pickle_files\25f7911c69fbc3cbac5244ea1c20cbe6a6216843.pkl,1
D:\08_Dataset\Internal\mar2020\pickle_files\2ae41e43256195d9e29e55bde221082155bc111a.pkl,1
D:\08_Dataset\Internal\mar2020\pickle_files\43d17e1a24c471035d2316151b4089884481cbd8.pkl,1
D:\08_Dataset\Internal\mar2020\pickle_files\3ae42a3ef6e59f94c81abcec575e7fee8db897b0.pkl,1
D:\08_Dataset\Internal\mar2020\pickle_files\aebff4e75a1e56785f51d53a68d487e3deb566b0.pkl,1
D:\08_Dataset\Internal\mar2020\pickle_files\fe228babe01a420d1cd8e38131b964b781be3436.pkl,1
D:\08_Dataset\Internal\mar2020\pickle_files\2586c8ad972d74ca92d3b6c19d9bf670973082b6.pkl,1
D:\08_Dataset\Internal\mar2020\pickle_files\ba1feac7c8093689998c5e82421b949839e2a249.pkl,1
D:\08_Dataset\Internal\mar2020\pickle_files\14324c5d824d14a20c13e1750e3659679823431a.pkl,1
D:\08_Dataset\Internal\mar2020\pickle_files\a37fd59e0e4edc91bce17d1835337f38b8447de5.pkl,1
D:\08_Dataset\Internal\mar2020\pickle_files\87cf389ba7fb27e40f7ef30a5c4b1bec342b8199.pkl,1
D:\08_Dataset\Internal\mar2020\pickle_files\866c0aa17880e4a584d7d6c4a2d1c52d492f2b58.pkl,1
D:\08_Dataset\Internal\mar2020\pickle_files\1d3b9cad7a765a4b9cc5d04314efd57826587651.pkl,1
D:\08_Dataset\Internal\mar2020\pickle_files\f4ebe1f8a3db7d71c2deff266e7d5297ac6c9078.pkl,1
D:\08_Dataset\Internal\mar2020\pickle_files\8aab7da4a8b085beb9ea0462dd23b1551e34b38a.pkl,1
D:\08_Dataset\Internal\mar2020\pickle_files\73e58d4acd6bba5616b978fc1d62c815613a1432.pkl,1
D:\08_Dataset\Internal\mar2020\pickle_files\b185f2e414489a44b0d8503855556fba28aa393b.pkl,1
D:\08_Dataset\Internal\mar2020\pickle_files\703801d2c89271e5b9e2fa88e2876e385db5935e.pkl,1
D:\08_Dataset\Internal\mar2020\pickle_files\75255400ec7a42fecd604adb9cb81d6b02b4c7d9.pkl,1
D:\08_Dataset\Internal\mar2020\pickle_files\ef0309baa139bffdac3c09d437edf326d5e7ad18.pkl,1
D:\08_Dataset\Internal\mar2020\pickle_files\6086f608a3b24be532ee6de595182534a2f922f0.pkl,1
D:\08_Dataset\Internal\mar2020\pickle_files\acb53f1b5729473fc9aa67938348f9a3206f8d95.pkl,1
D:\08_Dataset\Internal\mar2020\pickle_files\4e691aa37abaff7830a09468c324c20c383b9cfa.pkl,1
D:\08_Dataset\Internal\mar2020\pickle_files\85f7461bf40ab449dfacde32eef90d3f70798183.pkl,1
D:\08_Dataset\Internal\mar2020\pickle_files\ec5827c88ad9d8d8bb15ed6d81d9a0f774cc3e9c.pkl,1
D:\08_Dataset\Internal\mar2020\pickle_files\fd3ee65df17b374f96e14449573c47693d99835a.pkl,1
D:\08_Dataset\Internal\mar2020\pickle_files\8848c415947f36446dd9ac8858dc8ac482ac1ee7.pkl,1
D:\08_Dataset\Internal\mar2020\pickle_files\4641162434c878dfa68a9823653ef20b3d94cb12.pkl,1
D:\08_Dataset\Internal\mar2020\pickle_files\fc8185b520a2bd7ec0923d9a7efb5ae6744c42e5.pkl,1
D:\08_Dataset\Internal\mar2020\pickle_files\586ea2d183879df91e232d3583a9d06a68075c71.pkl,1
D:\08_Dataset\Internal\mar2020\pickle_files\1937853823b53b203010a2f96e2fecba8ff14d49.pkl,1
D:\08_Dataset\Internal\mar2020\pickle_files\dbf6eb58157ca6791551cd8758cb2b6660de2bfa.pkl,1
D:\08_Dataset\Internal\mar2020\pickle_files\71d645ced36bc75f834cdf589ed752079c75c935.pkl,1
D:\08_Dataset\Internal\mar2020\pickle_files\1a8c977685220b788e1f295d70b68f599aa21f0a.pkl,1
D:\08_Dataset\Internal\mar2020\pickle_files\5ab03a382bed2c4298e907f6128424a6841e0a17.pkl,1
D:\08_Dataset\Internal\mar2020\pickle_files\f01b7193b69695a177d9ded9c0ecfb6b3740a40c.pkl,1
D:\08_Dataset\Internal\mar2020\pickle_files\cf207b6acb02de731ec0b33957f54ecf7f06f4c2.pkl,1
D:\08_Dataset\Internal\mar2020\pickle_files\086d7f0ebf0a257eed9bd3eb2abff174d0ea62e8.pkl,1
D:\08_Dataset\Internal\mar2020\pickle_files\2e084e739ab50b19d99baad7040f87155577a4b5.pkl,1
D:\08_Dataset\Internal\mar2020\pickle_files\3397beafedf4928b044d63807c75ca14eacec131.pkl,1
D:\08_Dataset\Internal\mar2020\pickle_files\d091334056f1eca5cac2eb779b89c4a8ee055c0a.pkl,1
D:\08_Dataset\Internal\mar2020\pickle_files\8d973bf7fff18ae606997c5ed13c8716f088bfe1.pkl,1
D:\08_Dataset\Internal\mar2020\pickle_files\474ed188a96db7c46dc84d01e9dec4cbfc47c222.pkl,1
D:\08_Dataset\Internal\mar2020\pickle_files\e4ef1c56de170cf090c1f9c0bab78625a302da54.pkl,1
D:\08_Dataset\Internal\mar2020\pickle_files\f494bfbd075e7ab97fd478ff9d844817217004a5.pkl,1
D:\08_Dataset\Internal\mar2020\pickle_files\26029feab84ea4a7982008f3f7f6a79b5f18f1ab.pkl,1
D:\08_Dataset\Internal\mar2020\pickle_files\8d2b02fb6974f10bf1073261bf4e0fbe83a190e5.pkl,1
D:\08_Dataset\Internal\mar2020\pickle_files\a5a1bb55eaa082038fef10688f1406cc3beb833d.pkl,1
D:\08_Dataset\Internal\mar2020\pickle_files\aa4f9ef6e4a1db6d69ab94881d5d15a82018fa7c.pkl,1
D:\08_Dataset\Internal\mar2020\pickle_files\5c42543a372392e35828a21f112b891c465bbd7a.pkl,1
D:\08_Dataset\Internal\mar2020\pickle_files\eda7f7e163c946ad5bec4e1abcc0e55a6162b1fa.pkl,1
D:\08_Dataset\Internal\mar2020\pickle_files\185c177bfed55b3eb82df2f217bae56c4aa0b8e6.pkl,1
D:\08_Dataset\Internal\mar2020\pickle_files\aa5934d84571c0b0a324510d4bba51b0afd452e8.pkl,1
D:\08_Dataset\Internal\mar2020\pickle_files\4f1d13a362b8c6ee8cbd119728f5ff40f3a6ba92.pkl,1
D:\08_Dataset\Internal\mar2020\pickle_files\61fbda8e2904b4b2fe7d4164f9e3a7ac66ae8599.pkl,1
D:\08_Dataset\Internal\mar2020\pickle_files\bb436c2aa625de8f9547039c2829ad65a833d6fe.pkl,1
D:\08_Dataset\Internal\mar2020\pickle_files\c253f3fb51acda10206477f4157d86efeeaae30c.pkl,1
D:\08_Dataset\Internal\mar2020\pickle_files\8ff52d5c829f7b2e50c524ba083b72bb86c58323.pkl,1
D:\08_Dataset\Internal\mar2020\pickle_files\14815a49e2f9dc186daf5763c63f8f98951f5bac.pkl,1
D:\08_Dataset\Internal\mar2020\pickle_files\0d3c5c7f4cc0d24396f06a745f29c923deeba31b.pkl,1
D:\08_Dataset\Internal\mar2020\pickle_files\4b5dfdf764ec00d9244f405d588761f22e9ee321.pkl,1
D:\08_Dataset\Internal\mar2020\pickle_files\e4f725afb1e3b428472f2d3859ba302551d54cd7.pkl,1
D:\08_Dataset\Internal\mar2020\pickle_files\76127d5899012a9b200fd423dec39a3fdafdedb4.pkl,1
D:\08_Dataset\Internal\mar2020\pickle_files\869fc42076c37aa40d85f28514c0e90cb87232c1.pkl,1
D:\08_Dataset\Internal\mar2020\pickle_files\a618e5fd90809c492c8ed86402217191f4e27f81.pkl,1
D:\08_Dataset\Internal\mar2020\pickle_files\8dc49af534861e1b31ad28e37678b8d01cd3a736.pkl,1
D:\08_Dataset\Internal\mar2020\pickle_files\d78381ce8fc773079f1ff75a4a13dfe15e23c539.pkl,1
D:\08_Dataset\Internal\mar2020\pickle_files\128f5f161b236a06c57386b30ec4dd3ae8b6d40b.pkl,1
D:\08_Dataset\Internal\mar2020\pickle_files\a1c1bb0d71d22b694e0198dd68401a00a0b16650.pkl,1
D:\08_Dataset\Internal\mar2020\pickle_files\033671f342df114874da4384848851441d214233.pkl,1
D:\08_Dataset\Internal\mar2020\pickle_files\b048bff9abec3a932d8d9aa793afbf793327c676.pkl,1
D:\08_Dataset\Internal\mar2020\pickle_files\4595606fa9365150536d2e86d28025c903977023.pkl,1
D:\08_Dataset\Internal\mar2020\pickle_files\7bc58891a95ef34718e313509f382f284df607ad.pkl,1
D:\08_Dataset\Internal\mar2020\pickle_files\70c113241375182a4833e94785c9ca1bcde6e8e3.pkl,1
D:\08_Dataset\Internal\mar2020\pickle_files\45c72f1acab238933064150b5931a638ee8dd187.pkl,1
D:\08_Dataset\Internal\mar2020\pickle_files\5b9b02dc1dcfca42b71263b82550069e5e3fe422.pkl,1
D:\08_Dataset\Internal\mar2020\pickle_files\546b789aedcd863a328196cc65c95721cc80de66.pkl,1
D:\08_Dataset\Internal\mar2020\pickle_files\04365a4cb28d1885f30022b4e593e19a40300a74.pkl,1
D:\08_Dataset\Internal\mar2020\pickle_files\9181d7384e3dd8b1871af63f2fd304666fc607b4.pkl,1
D:\08_Dataset\Internal\mar2020\pickle_files\670302252596982e232d2beee460e70871f5599e.pkl,1
D:\08_Dataset\Internal\mar2020\pickle_files\9e021b1890339f9ebffad5910a6266034e654a00.pkl,1
D:\08_Dataset\Internal\mar2020\pickle_files\082201fc7fc057a2ecb95c7d1a40203482fc37a1.pkl,1
D:\08_Dataset\Internal\mar2020\pickle_files\c4d53991c64cbcc9ce76bfb12a121ff62965158e.pkl,1
D:\08_Dataset\Internal\mar2020\pickle_files\2f697e84f87b4df52190b82ec25b5b1b8b9996ae.pkl,1
D:\08_Dataset\Internal\mar2020\pickle_files\2e7fea410415f0d12164d872be5310c264c5d9d9.pkl,1
D:\08_Dataset\Internal\mar2020\pickle_files\8c166df175215bc8884497b46816744b29aaa60b.pkl,1
D:\08_Dataset\Internal\mar2020\pickle_files\ca09f67f3e6263014d5823ca3669d3dce94a15de.pkl,1
D:\08_Dataset\Internal\mar2020\pickle_files\e3a9095fe2d06c151c6b7d2557e9a57c22c071f6.pkl,1
D:\08_Dataset\Internal\mar2020\pickle_files\54a76e0f6012c20eca25e6bf35b0754d520499cd.pkl,1
D:\08_Dataset\Internal\mar2020\pickle_files\2cd728cf656a28c5b687a8003bfe552015954e89.pkl,1
D:\08_Dataset\Internal\mar2020\pickle_files\411e95f04e5986d82c413a41b9eabc184dacc5b4.pkl,1
D:\08_Dataset\Internal\mar2020\pickle_files\a40272ccb811cccbdbccdb0a8c482e25e2be0e53.pkl,1
D:\08_Dataset\Internal\mar2020\pickle_files\22870eaee4f4b78aa59eecca0bb73486e27ef51e.pkl,1
D:\08_Dataset\Internal\mar2020\pickle_files\3525e9a53c371b2870d3ee435c23d536b58baba5.pkl,1
D:\08_Dataset\Internal\mar2020\pickle_files\4c771e38cef0e3c3cfdd8b03b5d9ed3810ce5c84.pkl,1
D:\08_Dataset\Internal\mar2020\pickle_files\dc48b6312174dfedda7f3ae60416efccf9f55802.pkl,1
D:\08_Dataset\Internal\mar2020\pickle_files\22c6a5e62757598c790337aafe7ee0bc1bdcee54.pkl,1
D:\08_Dataset\Internal\mar2020\pickle_files\7d8f103ad3462d5483a8f4a013260e57e370b3e1.pkl,1
D:\08_Dataset\Internal\mar2020\pickle_files\9f6a370ff0d6bbb4d3d9b2c25345ced17f1bf038.pkl,1
D:\08_Dataset\Internal\mar2020\pickle_files\2b740d22b4b1b3ff4a0ed9f6159eb29910527f27.pkl,1
D:\08_Dataset\Internal\mar2020\pickle_files\cf6a777448a37ade316b7b141d3896ecc09d39ca.pkl,1
D:\08_Dataset\Internal\mar2020\pickle_files\21fdfcec079444089537520903dd7380a19b779e.pkl,1
D:\08_Dataset\Internal\mar2020\pickle_files\37f70a71a289c985c305dcc3e45a49ca04bfd1a0.pkl,1
D:\08_Dataset\Internal\mar2020\pickle_files\589f5a6e969da312d78f283f4cacd4e1e7d29ab3.pkl,1
D:\08_Dataset\Internal\mar2020\pickle_files\1295ae3307b650eab96897108d67c674ed080942.pkl,1
D:\08_Dataset\Internal\mar2020\pickle_files\1599c1b1f5be1f5b91065773f0027c9a39b4534a.pkl,1
D:\08_Dataset\Internal\mar2020\pickle_files\93bd634b49a911d47d8ced34a6d0d16b504e7155.pkl,1
D:\08_Dataset\Internal\mar2020\pickle_files\76f2e3af1608e5a05b176cec640e7bc1e62caf57.pkl,1
D:\08_Dataset\Internal\mar2020\pickle_files\4fe8ec05d976e3475fd0a39b22c0ae90455669f1.pkl,1
D:\08_Dataset\Internal\mar2020\pickle_files\75b48bec3363a9fc20d64bd3518e0c7eafe16295.pkl,1
D:\08_Dataset\Internal\mar2020\pickle_files\bf7f6db1b3da894eb1271f3abe33858fb05eb829.pkl,1
D:\08_Dataset\Internal\mar2020\pickle_files\7de1dda4178380ae1a0e9cbe96e5e778b107828f.pkl,1
D:\08_Dataset\Internal\mar2020\pickle_files\8e3fa0353c32266deffbf2355d0b61d6fa97d03d.pkl,1
D:\08_Dataset\Internal\mar2020\pickle_files\50665b1d8c94140d7f21d1a1880cda66f939bdca.pkl,1
D:\08_Dataset\Internal\mar2020\pickle_files\0e7f673087162df1d9ae8c277b5d960e917e8ecb.pkl,1
D:\08_Dataset\Internal\mar2020\pickle_files\abe9ded85af81b1a95ca746d29f8aebb4517212a.pkl,1
D:\08_Dataset\Internal\mar2020\pickle_files\91431a3d48699371a4e300a3e01a04132c50ffa4.pkl,1
D:\08_Dataset\Internal\mar2020\pickle_files\3f84ca7e2d37c2bca5aa4efa35f6b85c7a3ec108.pkl,1
D:\08_Dataset\Internal\mar2020\pickle_files\40f7c4e6db1ff130d9d1efd020d44831c65d3789.pkl,1
D:\08_Dataset\Internal\mar2020\pickle_files\e877e5bfb3ca36fd5abca0576f894beec9fe8403.pkl,1
D:\08_Dataset\Internal\mar2020\pickle_files\eb65ded513945697fb7fac4e8f5fe33e17ea909b.pkl,1
D:\08_Dataset\Internal\mar2020\pickle_files\294908a807b1d563c4184b707dbd6a85e2061e26.pkl,1
D:\08_Dataset\Internal\mar2020\pickle_files\edf249d858daa65a21d7e8bbee9f6b1801d0323a.pkl,1
D:\08_Dataset\Internal\mar2020\pickle_files\76ca0c5d696c0c40ff5d294a1f38f38e19c4ddac.pkl,1
D:\08_Dataset\Internal\mar2020\pickle_files\0f536e04af952b1d0bc3df99eb009818e28d105f.pkl,1
D:\08_Dataset\Internal\mar2020\pickle_files\ccb4f9a1bf83b89924abb64acde8fdaaa10fe84b.pkl,1
D:\08_Dataset\Internal\mar2020\pickle_files\b6f673b160ea2d8a4acb8612c79f08bad3ae3592.pkl,1
D:\08_Dataset\Internal\mar2020\pickle_files\723d77512ea000a0fa1fa0ff6506d1d4eaa7e844.pkl,1
D:\08_Dataset\Internal\mar2020\pickle_files\4c48eca9ec8084cab4212f9fe8d50bc96e6d8750.pkl,1
D:\08_Dataset\Internal\mar2020\pickle_files\8646a993067fc47503aa1d3902ba55260e02343c.pkl,1
D:\08_Dataset\Internal\mar2020\pickle_files\e43f4522d5cb2d4cfa8b5ff61c3fb70006d7c8f1.pkl,1
D:\08_Dataset\Internal\mar2020\pickle_files\a0abfacfc202dd724cec23ec631d849d136270cd.pkl,1
D:\08_Dataset\Internal\mar2020\pickle_files\70e5b5636354feb36613f5f99aefeec37bf134a4.pkl,1
D:\08_Dataset\Internal\mar2020\pickle_files\3882dedf8a9d8287bd78959d889e9c3b9622a6d4.pkl,1
D:\08_Dataset\Internal\mar2020\pickle_files\63937c2b93cc97dbcf85c07543c1bfff76b5ea26.pkl,1
D:\08_Dataset\Internal\mar2020\pickle_files\8139efdbbbbd4316be16fc35f78f75dbab0b5325.pkl,1
D:\08_Dataset\Internal\mar2020\pickle_files\4db48f8d04505dea3fe6f22cf6eb12f6e5472843.pkl,1
D:\08_Dataset\Internal\mar2020\pickle_files\c3208615a499f9a59f0f9fa4e7597d2fb7fe4b09.pkl,1
D:\08_Dataset\Internal\mar2020\pickle_files\b8da5895223be4ca303c44a7996bb4c114bef645.pkl,1
D:\08_Dataset\Internal\mar2020\pickle_files\a2cf000495ca25037323651b3c31bad6c56e59f2.pkl,1
D:\08_Dataset\Internal\mar2020\pickle_files\56e21da8d4ede7bdce21fb49c5983ad1e1b9315a.pkl,1
D:\08_Dataset\Internal\mar2020\pickle_files\9ed09970c4cacf8ae3122a001c863b3e4ac3e34a.pkl,1
D:\08_Dataset\Internal\mar2020\pickle_files\aebb89d4496690338f7bccfc1d0bf21e3c7e2f1b.pkl,1
D:\08_Dataset\Internal\mar2020\pickle_files\74294024072e36ae7e99acf09874dc0b64014cc8.pkl,1
D:\08_Dataset\Internal\mar2020\pickle_files\b16a16828d84dc5e719938874e86c4d310de1b7b.pkl,1
D:\08_Dataset\Internal\mar2020\pickle_files\85c085f53742b773428a66f072bc10e3acdcb842.pkl,1
D:\08_Dataset\Internal\mar2020\pickle_files\8d9ca7a56476a3ecf3d6053419d674f343555381.pkl,1
D:\08_Dataset\Internal\mar2020\pickle_files\478453ea0b222819984b75d85e54aa1249107a79.pkl,1
D:\08_Dataset\Internal\mar2020\pickle_files\8410a232f3e49a268e311f84d081b3b745825b78.pkl,1
D:\08_Dataset\Internal\mar2020\pickle_files\9b4ec0fc2485e1afd3886ab1ee19f119efeece41.pkl,1
D:\08_Dataset\Internal\mar2020\pickle_files\7a351820594a1beed7b5aed2575ae991d21f3c91.pkl,1
D:\08_Dataset\Internal\mar2020\pickle_files\c6f08ba1dad588450344043a47ae39d01bd0eab9.pkl,1
D:\08_Dataset\Internal\mar2020\pickle_files\f8e2380ad897427152e5b4c9b298dd5b34f93f61.pkl,1
D:\08_Dataset\Internal\mar2020\pickle_files\c85e57ffc93683f1ef696d68b4f8c070a8995445.pkl,1
D:\08_Dataset\Internal\mar2020\pickle_files\29fedf8895aeb17565450977a238c64d3f3d8b45.pkl,1
D:\08_Dataset\Internal\mar2020\pickle_files\db5fd31755c5717037900640d839c3c2829449e0.pkl,1
D:\08_Dataset\Internal\mar2020\pickle_files\f14343670837f4bb182dc77a1ce4650a3ed7a111.pkl,1
D:\08_Dataset\Internal\mar2020\pickle_files\8fa5595b32dfc0de7ea72a6b718aab341b35c270.pkl,1
D:\08_Dataset\Internal\mar2020\pickle_files\8d00efb50bbbc5e905e3023cf31d887af0f53ed2.pkl,1
D:\08_Dataset\Internal\mar2020\pickle_files\3cfe359299727acc50875de931a8ddd9918eb0f6.pkl,1
D:\08_Dataset\Internal\mar2020\pickle_files\9584ab5a4d9e5beeaee2c4f0eeea5f04d49e3e04.pkl,1
D:\08_Dataset\Internal\mar2020\pickle_files\34a1c04e45cb95b472363f51f96372cc42e99ac0.pkl,1
D:\08_Dataset\Internal\mar2020\pickle_files\7c3c1d53084be36f4bb228dfa1f9674a38b6afe5.pkl,1
D:\08_Dataset\Internal\mar2020\pickle_files\7f0eaca9a2f20c8e169a19664c5b672c8bacc1e8.pkl,1
D:\08_Dataset\Internal\mar2020\pickle_files\ae4eae3cb456bcdc514eecacca8e351cd2855fa9.pkl,1
D:\08_Dataset\Internal\mar2020\pickle_files\b132b380f91d4dc5497a69c8a3657f8bbc00bcb7.pkl,1
D:\08_Dataset\Internal\mar2020\pickle_files\fa4da7f4cc9b69e715612c097b00f1f55c7abea7.pkl,1
D:\08_Dataset\Internal\mar2020\pickle_files\8bf2c00ce316e2f362ceb6b3a8d940142b7da80b.pkl,1
D:\08_Dataset\Internal\mar2020\pickle_files\55138db490a7b9ee17c1fd07c4cee139b95615eb.pkl,1
D:\08_Dataset\Internal\mar2020\pickle_files\f616e690abad9dd825606e415a637779a511f10b.pkl,1
D:\08_Dataset\Internal\mar2020\pickle_files\4999c348726aec80656cac975e5807ef340c9b46.pkl,1
D:\08_Dataset\Internal\mar2020\pickle_files\2be7ca626e75beaa51172320d8119a7c75148fbf.pkl,1
D:\08_Dataset\Internal\mar2020\pickle_files\6bd9993d1f92034bd901b7c0f47af75a99abcd52.pkl,1
D:\08_Dataset\Internal\mar2020\pickle_files\f9217febf8d1876d7d11c9d2c59d2c3f6d71d7d8.pkl,1
D:\08_Dataset\Internal\mar2020\pickle_files\464ceadb549ac6fe4f21fafaa234cfc6298f166b.pkl,1
D:\08_Dataset\Internal\mar2020\pickle_files\00af925f58807af2031697ff0b85f4f5358d8c87.pkl,1
D:\08_Dataset\Internal\mar2020\pickle_files\13aa8ea8bb2d64740b2bcc436685711398d2375e.pkl,1
D:\08_Dataset\Internal\mar2020\pickle_files\d02a22cddee22785c9ff232b652966d43e5e5e55.pkl,1
D:\08_Dataset\Internal\mar2020\pickle_files\68d996ed36076a227b97ab36be3c3549ddbaab4e.pkl,1
D:\08_Dataset\Internal\mar2020\pickle_files\f755bb6ae8b376dcf7501cb40fb48a6e50285db1.pkl,1
D:\08_Dataset\Internal\mar2020\pickle_files\e0f8af7730df6394ec46837e62efa469f137ea3e.pkl,1
D:\08_Dataset\Internal\mar2020\pickle_files\38de3e160ec0806c420562031688f1e8e14035b3.pkl,1
D:\08_Dataset\Internal\mar2020\pickle_files\23ce4ee4375ad194b83b5f2e942f29d36f93d7da.pkl,1
D:\08_Dataset\Internal\mar2020\pickle_files\ef00d3918820cfc807f6c798fed6eab20175af07.pkl,1
D:\08_Dataset\Internal\mar2020\pickle_files\fe3e0e8d52595e940659cbfafedc855f935f0d08.pkl,1
D:\08_Dataset\Internal\mar2020\pickle_files\8892ecf2ca5d2177aa793aef5e2cc002ac47f6df.pkl,1
D:\08_Dataset\Internal\mar2020\pickle_files\ed82a778db2b5c0fe02032c2528559e71d671872.pkl,1
D:\08_Dataset\Internal\mar2020\pickle_files\7c0edcfdc7da4463fa4b9ed0ce3a6c4576e27e18.pkl,1
D:\08_Dataset\Internal\mar2020\pickle_files\434026c0a11b6e1bcf908e50008c36020d1dad4b.pkl,1
D:\08_Dataset\Internal\mar2020\pickle_files\bf3118d6999e76d2f7506f493cdafec273f64e9b.pkl,1
D:\08_Dataset\Internal\mar2020\pickle_files\2710a848727d58db581eac43bf3f0c0e9fdedf24.pkl,1
D:\08_Dataset\Internal\mar2020\pickle_files\4e8623e923baa6f4f17c2606e42afbbf53b412f0.pkl,1
D:\08_Dataset\Internal\mar2020\pickle_files\d51210f6e81ac4da3f93e61467c658a3a79bd59b.pkl,1
D:\08_Dataset\Internal\mar2020\pickle_files\ec96b731c678f20faa2a81f8523782c3f188ec90.pkl,1
D:\08_Dataset\Internal\mar2020\pickle_files\a6f67501098c8f24de11db2c4fbd87e552f67318.pkl,1
D:\08_Dataset\Internal\mar2020\pickle_files\a4bc829ea2b9dd223e74910bcf2914f3aca5f1fd.pkl,1
D:\08_Dataset\Internal\mar2020\pickle_files\7f005dbfcc1c20ab63ad1b06ff34bb67e98525a4.pkl,1
D:\08_Dataset\Internal\mar2020\pickle_files\a30050304c5eab26984dbee9b59ee10f7aa443c1.pkl,1
D:\08_Dataset\Internal\mar2020\pickle_files\694d1aacae49cd7e7c7f7c383342d1eee3fddaa8.pkl,1
D:\08_Dataset\Internal\mar2020\pickle_files\0cbe81fb808765b5e48c28aea25dc2cf8d370f77.pkl,1
D:\08_Dataset\Internal\mar2020\pickle_files\1aa1687ed8de658b4f63c5b69c43bbc3a584ba48.pkl,1
D:\08_Dataset\Internal\mar2020\pickle_files\bcf5f072b16e9dbe96f3cbe1c85872792f6a68f5.pkl,1
D:\08_Dataset\Internal\mar2020\pickle_files\0986e7003de3e74f74c98a43fff5747c5b00a108.pkl,1
D:\08_Dataset\Internal\mar2020\pickle_files\521969a2139c453aa2d5d625bbad7fb9a7d2066b.pkl,1
D:\08_Dataset\Internal\mar2020\pickle_files\07bf4febfe7897cf6feef95acff2aadaed761a2f.pkl,1
D:\08_Dataset\Internal\mar2020\pickle_files\8139d270de65d1b83902f07b63dd6b3c50925828.pkl,1
D:\08_Dataset\Internal\mar2020\pickle_files\441ad2425959694c5458c60d594b2cae148cbed5.pkl,1
D:\08_Dataset\Internal\mar2020\pickle_files\cc30a295448c79482478302080edc0ea1bd79a97.pkl,1
D:\08_Dataset\Internal\mar2020\pickle_files\e0bf4d01c112ce24d6f1aba2bd81d994f161d7ec.pkl,1
D:\08_Dataset\Internal\mar2020\pickle_files\716419bb776ee919c1c0bb23dc67a6f21272a209.pkl,1
D:\08_Dataset\Internal\mar2020\pickle_files\be55d87c1c3ce1cfb58eae85ac7851f2c03b1a07.pkl,1
D:\08_Dataset\Internal\mar2020\pickle_files\c1564b72ef92b67485a7ac98391c681d52be3c30.pkl,1
D:\08_Dataset\Internal\mar2020\pickle_files\cfeb1f21c34c86dbbf65daf01f97e534d865b5a9.pkl,1
D:\08_Dataset\Internal\mar2020\pickle_files\eab8cdcd2a836c31540d341c02b9b89b3bc54bcd.pkl,1
D:\08_Dataset\Internal\mar2020\pickle_files\28a11121dfa8d87ba6b86d8f6acb1b4df5a77b63.pkl,1
D:\08_Dataset\Internal\mar2020\pickle_files\0d50fe769cca21f3d97a220bee3c2259d814572a.pkl,1
D:\08_Dataset\Internal\mar2020\pickle_files\62b6d7689efda906127793d6e2ef28cb39adbadf.pkl,1
D:\08_Dataset\Internal\mar2020\pickle_files\d63771e22095c2f6504949a1b926d1f4e1c498d6.pkl,1
D:\08_Dataset\Internal\mar2020\pickle_files\411e5e64ad7b033bc177a969b2e6b45590927209.pkl,1
D:\08_Dataset\Internal\mar2020\pickle_files\3f4514220a104f72768bb1b06f4a38c7d51c9edd.pkl,1
D:\08_Dataset\Internal\mar2020\pickle_files\5e7726fe9f1d9a22846a2e7e493ba22835aa5e9c.pkl,1
D:\08_Dataset\Internal\mar2020\pickle_files\b3ed12f14adf177ceedc5b32113e7c9c879a6dfc.pkl,1
D:\08_Dataset\Internal\mar2020\pickle_files\9ad2360e271cfd040c43e028765101956ebc32e0.pkl,1
D:\08_Dataset\Internal\mar2020\pickle_files\9d0cf7e76e89024265c50acab1c2076b7e4de9a2.pkl,1
D:\08_Dataset\Internal\mar2020\pickle_files\b63e0db65c940597648c75249c70466ec4f07ec7.pkl,1
D:\08_Dataset\Internal\mar2020\pickle_files\d1e65c584fdcdbecf5cd741e57d4fe897e36d3b7.pkl,1
D:\08_Dataset\Internal\mar2020\pickle_files\475f4f82b7cafff5392ee25527f3efdd2960af08.pkl,1
D:\08_Dataset\Internal\mar2020\pickle_files\669c7c622e0e9a785ef72617d0e78aad1f2f4bc2.pkl,1
D:\08_Dataset\Internal\mar2020\pickle_files\de47391f583c05bef5caae1f0d66dbeeda122365.pkl,1
D:\08_Dataset\Internal\mar2020\pickle_files\dc41d45e4e0038f7aa60b18e4cb0da7517f8d1e4.pkl,1
D:\08_Dataset\Internal\mar2020\pickle_files\08870bcc26ceab8cac4c108bed3fe398fdbb0c54.pkl,1
D:\08_Dataset\Internal\mar2020\pickle_files\9cced63952252b67d89d65fec889b755d4bc8380.pkl,1
D:\08_Dataset\Internal\mar2020\pickle_files\7e680e90971d9701db47a3c7fb98f634beec164a.pkl,1
D:\08_Dataset\Internal\mar2020\pickle_files\702d6ec95ea4fba791bc4bfcbf2faa330fc646ee.pkl,1
D:\08_Dataset\Internal\mar2020\pickle_files\810dbb5e6632530c85510a8c73de401c2cf6ec6a.pkl,1
D:\08_Dataset\Internal\mar2020\pickle_files\cbc535b941308defe6fb76ac0db962b6b529f4e4.pkl,1
D:\08_Dataset\Internal\mar2020\pickle_files\5e1938ecfb79fe4a01d9813d43df6559e8bc7e36.pkl,1
D:\08_Dataset\Internal\mar2020\pickle_files\5d4fdd6ab47b17525cc1d252beda5a65d3416fa4.pkl,1
D:\08_Dataset\Internal\mar2020\pickle_files\d54b35195d243bcd7ab74a5b80b9f272a1b8bd74.pkl,1
D:\08_Dataset\Internal\mar2020\pickle_files\fc01d76aa838010b49e43df4963e27ad80453f76.pkl,1
D:\08_Dataset\Internal\mar2020\pickle_files\06586a975dd03695c96988c8e21cfb24cbcbc663.pkl,1
D:\08_Dataset\Internal\mar2020\pickle_files\5db3a5e814806abd0f634667ae81c6bde3b8c22b.pkl,1
D:\08_Dataset\Internal\mar2020\pickle_files\0f223f72afd489c688347cfd374ea508fd1b2333.pkl,1
D:\08_Dataset\Internal\mar2020\pickle_files\43e89bd134019231635b0af26fd06bdcc1a9ca0c.pkl,1
D:\08_Dataset\Internal\mar2020\pickle_files\93b3bbd29dbfaec941b058330cb21e5a0cfd35d2.pkl,1
D:\08_Dataset\Internal\mar2020\pickle_files\7520e4a5db86cdbf47175a9b9b3a983081fa4bf2.pkl,1
D:\08_Dataset\Internal\mar2020\pickle_files\c7e684f5b651ea433223379e4987b46440ec1088.pkl,1
D:\08_Dataset\Internal\mar2020\pickle_files\a0cacc6f4c1f72c22a1210c4c12a14019ccbd9fc.pkl,1
D:\08_Dataset\Internal\mar2020\pickle_files\04e9d5539631bc3827b2e57ad8f2fba195ea5563.pkl,1
D:\08_Dataset\Internal\mar2020\pickle_files\cc845e274375c9d6428cb7a1cb3a9a00ef541282.pkl,1
D:\08_Dataset\Internal\mar2020\pickle_files\ec3c33d4553d50029b55893e17870c50dca0d2b6.pkl,1
D:\08_Dataset\Internal\mar2020\pickle_files\35621d170b9374cca1d4983bdbd9117eef3d57aa.pkl,1
D:\08_Dataset\Internal\mar2020\pickle_files\28df4e51b3cbf02fd5010db385a36d1f22dfc0ce.pkl,1
D:\08_Dataset\Internal\mar2020\pickle_files\8968f30c9243841e1daff01d8120db195fb3f865.pkl,1
D:\08_Dataset\Internal\mar2020\pickle_files\d83f78953240f605d7874fccc4982ed1f9f41e1a.pkl,1
D:\08_Dataset\Internal\mar2020\pickle_files\d38ce323c11519011fef1dc052b1556c9f7e76ab.pkl,1
D:\08_Dataset\Internal\mar2020\pickle_files\d5ae252645ac3ecc515f14ab59c29313707c3a4e.pkl,1
D:\08_Dataset\Internal\mar2020\pickle_files\9827c0f75e410cd03a15e9056a2920342e25367c.pkl,1
D:\08_Dataset\Internal\mar2020\pickle_files\d95017bcac61d1da9b36ba2740ae23aad5a08613.pkl,1
D:\08_Dataset\Internal\mar2020\pickle_files\60fc0ad0a28b2a7060d7fa8cd604ba3a2d7a9f27.pkl,1
D:\08_Dataset\Internal\mar2020\pickle_files\57ed124d58c15473abae81a892db5c126e6307bb.pkl,1
D:\08_Dataset\Internal\mar2020\pickle_files\65ddee69252e8f6fad1acdaeaf8f09aed1fc15e3.pkl,1
D:\08_Dataset\Internal\mar2020\pickle_files\c4fed6800957b19aaffa16a21f8af060d2d2bd84.pkl,1
D:\08_Dataset\Internal\mar2020\pickle_files\154e9780ae417b430c4667f2fcf88e507988b0e5.pkl,1
D:\08_Dataset\Internal\mar2020\pickle_files\7028f910fbb836f3b453ef211eabcd19008dbb7d.pkl,1
D:\08_Dataset\Internal\mar2020\pickle_files\01c12e2d9d3d992976c403ebb741b09bbee7eaa9.pkl,1
D:\08_Dataset\Internal\mar2020\pickle_files\76680babfa6fbd45a2550ece80b82f5cee55eacb.pkl,1
D:\08_Dataset\Internal\mar2020\pickle_files\2362d67cec532710a3afe113550802ec00dd0647.pkl,1
D:\08_Dataset\Internal\mar2020\pickle_files\f93fdc18cc5c6e1ba4a5be9cdf25e346f09124ef.pkl,1
D:\08_Dataset\Internal\mar2020\pickle_files\851291bab76d7d12843a29c8a87abc6d49543572.pkl,1
D:\08_Dataset\Internal\mar2020\pickle_files\b824653a98cb3150c28e65e4805bd679fbd45158.pkl,1
D:\08_Dataset\Internal\mar2020\pickle_files\39cf6fda150b696fcd370d6cf307abe2665b5025.pkl,1
D:\08_Dataset\Internal\mar2020\pickle_files\55718b69506f05c39ac52cc40220ed780d5e2771.pkl,1
D:\08_Dataset\Internal\mar2020\pickle_files\c42680f80be0362e695ac4a4bb11d1565539f0a3.pkl,1
D:\08_Dataset\Internal\mar2020\pickle_files\d5b34bf917f8ecd583b0866685f96991d7568c9a.pkl,1
D:\08_Dataset\Internal\mar2020\pickle_files\28da38c54b68abd2fbfdbf869373534de5e624af.pkl,1
D:\08_Dataset\Internal\mar2020\pickle_files\484ec41637a858d95d4e5f79f84f165556e06521.pkl,1
D:\08_Dataset\Internal\mar2020\pickle_files\15f84309a82d33d73e8f970166002767d27d71cc.pkl,1
D:\08_Dataset\Internal\mar2020\pickle_files\08b93052629e4892c87097b054fdfd73d59852c4.pkl,1
D:\08_Dataset\Internal\mar2020\pickle_files\5b9ffc5edbd12e0b61a0975288bfa79740cc33ee.pkl,1
D:\08_Dataset\Internal\mar2020\pickle_files\065426e2f9c774b53eda6fee34f539ccf3f5eaae.pkl,1
D:\08_Dataset\Internal\mar2020\pickle_files\9a5a747db028d8f34245e11488698e75c7eebb87.pkl,1
D:\08_Dataset\Internal\mar2020\pickle_files\2053397cd1c14e55820c4cee8739b97ef843104f.pkl,1
D:\08_Dataset\Internal\mar2020\pickle_files\193fadc6e55a483fc1bce0314472cbf5e8a8ab96.pkl,1
D:\08_Dataset\Internal\mar2020\pickle_files\fcbbdc52e7c031eb828119f9e778b279f61c7a60.pkl,1
D:\08_Dataset\Internal\mar2020\pickle_files\e4c46803af3b3efa895944fbde99b97d342664e8.pkl,1
D:\08_Dataset\Internal\mar2020\pickle_files\bd155a29223a6a966f7944dbf0e25b6c67008c80.pkl,1
D:\08_Dataset\Internal\mar2020\pickle_files\a92c1ab677974d0a0aa473d8cc336d003eaafe25.pkl,1
D:\08_Dataset\Internal\mar2020\pickle_files\4c826c1170e5e8695ec8a108b53011fd18ef0cf6.pkl,1
D:\08_Dataset\Internal\mar2020\pickle_files\73483214390fd4bd06c6ce913b10d3aa3062be96.pkl,1
D:\08_Dataset\Internal\mar2020\pickle_files\71d1fa2d571af3f9ffa09a1d65c9131d4f006b68.pkl,1
D:\08_Dataset\Internal\mar2020\pickle_files\1991f9c4ca47ab23c28dba45f32e6560500702b9.pkl,1
D:\08_Dataset\Internal\mar2020\pickle_files\693f1636f225beec3ce5bb5af12e80f07d651c06.pkl,1
D:\08_Dataset\Internal\mar2020\pickle_files\26a87c08533adcf5ad1c2dbd10973b074f26f032.pkl,1
D:\08_Dataset\Internal\mar2020\pickle_files\df3156aa6c83c7a8481fe1a59ff876f0a48427ad.pkl,1
D:\08_Dataset\Internal\mar2020\pickle_files\b24164cc2df16696bbba081289019324c09fff8e.pkl,1
D:\08_Dataset\Internal\mar2020\pickle_files\f7bb1eabdf6ef6ea0cdfd1f1d2de8d01328b38a3.pkl,1
D:\08_Dataset\Internal\mar2020\pickle_files\99c6daecec1ec609b55b9dfd4f876f46f0eda9f4.pkl,1
D:\08_Dataset\Internal\mar2020\pickle_files\78397a0bdccffebac06b9db20a7e6714e5c8f0e4.pkl,1
D:\08_Dataset\Internal\mar2020\pickle_files\db5c49c10d7216e9b1553bfa428fec41455cb33a.pkl,1
D:\08_Dataset\Internal\mar2020\pickle_files\bf9e3dca01c11447945cb569f8c9e3855dd260d7.pkl,1
D:\08_Dataset\Internal\mar2020\pickle_files\2c47e3d2870d27a0d4c5893ace50ff308907d6c8.pkl,1
D:\08_Dataset\Internal\mar2020\pickle_files\9d47f5558df688eb8cb282a27723bff76d5af088.pkl,1
D:\08_Dataset\Internal\mar2020\pickle_files\a1b83c672d66d7fca3f60a649195410fc761bf23.pkl,1
D:\08_Dataset\Internal\mar2020\pickle_files\5eca014f9d77259affe1ad2c19ff8c2795de31d5.pkl,1
D:\08_Dataset\Internal\mar2020\pickle_files\31b6fe297144880a27512a7391b6f020d050f3d6.pkl,1
D:\08_Dataset\Internal\mar2020\pickle_files\f52b2db7819d2cac00a3f78f81ce642dffc0a26d.pkl,1
D:\08_Dataset\Internal\mar2020\pickle_files\0cf5de6d91acd196f9cda5fb45be83775945cb7b.pkl,1
D:\08_Dataset\Internal\mar2020\pickle_files\9172f92634e042b35f45487433e35afc6c8441ac.pkl,1
D:\08_Dataset\Internal\mar2020\pickle_files\52f5eef3cd512354c40cc3416c92523beb3231bf.pkl,1
D:\08_Dataset\Internal\mar2020\pickle_files\5d2e7d1c26ef26261d224c81c7d897f8f1e475e0.pkl,1
D:\08_Dataset\Internal\mar2020\pickle_files\33d809921f45b801123da67065cd0cc0c9c5b2ba.pkl,1
D:\08_Dataset\Internal\mar2020\pickle_files\4b5efb601290ed886f16a4a539ec6faada8ac89e.pkl,1
D:\08_Dataset\Internal\mar2020\pickle_files\48835f291c515d1d147aee67340f3b631c8671dd.pkl,1
D:\08_Dataset\Internal\mar2020\pickle_files\bc17c55e32a43072a4003ef1d34e5849d144b688.pkl,1
D:\08_Dataset\Internal\mar2020\pickle_files\e38d066ecc0ec8bd4bcc488d674965d57b8f440a.pkl,1
D:\08_Dataset\Internal\mar2020\pickle_files\c1cef787cedd0d8d0a9b97659556284f6dccfee9.pkl,1
D:\08_Dataset\Internal\mar2020\pickle_files\a332f67b3720001989fcd67fd4dbb99de6b5b290.pkl,1
D:\08_Dataset\Internal\mar2020\pickle_files\37dc80ee7590b328091fc3215fab07ed79a7202a.pkl,1
D:\08_Dataset\Internal\mar2020\pickle_files\41c08a2599c459c74d439d3b36e8fa41996c1d3f.pkl,1
D:\08_Dataset\Internal\mar2020\pickle_files\e056af4e35cb6d077e865c443567c68ed6b2a8fe.pkl,1
D:\08_Dataset\Internal\mar2020\pickle_files\113958f3b081c8fcc25433ff0065b62798eb0f25.pkl,1
D:\08_Dataset\Internal\mar2020\pickle_files\327b70369e08222aa758d301f0e3a5d1399debc3.pkl,1
D:\08_Dataset\Internal\mar2020\pickle_files\688a828503eceda5c6921bc9e217f533aeb1b627.pkl,1
D:\08_Dataset\Internal\mar2020\pickle_files\342bab90f379f140a29621e0d85b36bf0c0fcef5.pkl,1
D:\08_Dataset\Internal\mar2020\pickle_files\cdd19a1c7ae6e0603afa27f47c8c5be37abb3f98.pkl,1
D:\08_Dataset\Internal\mar2020\pickle_files\b30b1e6386438bee4ed4566b740ffe37b3696ca6.pkl,1
D:\08_Dataset\Internal\mar2020\pickle_files\62927e7895460a3687dbe07f496dddf63dfe1746.pkl,1
D:\08_Dataset\Internal\mar2020\pickle_files\d418aafce8f3e02fe9852812a02ab024cf5b3ac6.pkl,1
D:\08_Dataset\Internal\mar2020\pickle_files\133af1128fc6d24a6d66e29a0a637efd87d445d3.pkl,1
D:\08_Dataset\Internal\mar2020\pickle_files\74fed17f9f4a6a50d6d7e31e0ce52b1460c8e136.pkl,1
D:\08_Dataset\Internal\mar2020\pickle_files\12d9306fb5ee724caf14761fc31f18d89003b8fa.pkl,1
D:\08_Dataset\Internal\mar2020\pickle_files\95839c0c2c5501d50fe15d17241e033889456cc0.pkl,1
D:\08_Dataset\Internal\mar2020\pickle_files\97e694dedb649f2b18c8aed63716c86e68855df1.pkl,1
D:\08_Dataset\Internal\mar2020\pickle_files\6f56997b841d519227b05ad0c6a0a9e522839df0.pkl,1
D:\08_Dataset\Internal\mar2020\pickle_files\d514386ff604e1c19039f26e1b30ef7d558d6beb.pkl,1
D:\08_Dataset\Internal\mar2020\pickle_files\007add9f8ef51b3558a7fed9ad984e8912ea9cd1.pkl,1
D:\08_Dataset\Internal\mar2020\pickle_files\39ceacf4ba54bca74dc901a30137adf0109bf8a0.pkl,1
D:\08_Dataset\Internal\mar2020\pickle_files\efcd8aa4d517dbce2c19f0f06d38061003f9abb1.pkl,1
D:\08_Dataset\Internal\mar2020\pickle_files\d6ff69f308c6629f8cf04dd5bd51b20d2a3e3313.pkl,1
D:\08_Dataset\Internal\mar2020\pickle_files\28987c26e4577b57f9073eb1602f34e93abc9622.pkl,1
D:\08_Dataset\Internal\mar2020\pickle_files\d6c7093d2274d8af5422724199501f6b4b079206.pkl,1
D:\08_Dataset\Internal\mar2020\pickle_files\f8824382743ef8e6cef77db6962edd1f9fe249c8.pkl,1
D:\08_Dataset\Internal\mar2020\pickle_files\5aee32fa028167b244e3e8e86779f069d60c4a92.pkl,1
D:\08_Dataset\Internal\mar2020\pickle_files\1fae840eb2446d2c8b3e49f9c55e3f082e24c620.pkl,1
D:\08_Dataset\Internal\mar2020\pickle_files\7af656c433c94950894e3a6dbc6f2d4927db4aa3.pkl,1
D:\08_Dataset\Internal\mar2020\pickle_files\029f9b4dfa91d445c119513b1c6a9f077389bff8.pkl,1
D:\08_Dataset\Internal\mar2020\pickle_files\2aa22d4987607b15cf71a7f6045428d4a892814b.pkl,1
D:\08_Dataset\Internal\mar2020\pickle_files\0617a315eaf9eea999881178e1f03df23be89598.pkl,1
D:\08_Dataset\Internal\mar2020\pickle_files\ac5cca17d84de58e3b18cce7ac0e048ae5c7c28a.pkl,1
D:\08_Dataset\Internal\mar2020\pickle_files\ce605b04630918a2e83b845d57d0f38764a0a0fb.pkl,1
D:\08_Dataset\Internal\mar2020\pickle_files\30dda52725ba1d64b7abc81cd57a84cc4e878096.pkl,1
D:\08_Dataset\Internal\mar2020\pickle_files\5b9c541a33a7ced722cb210c0e658c4050b1a0ec.pkl,1
D:\08_Dataset\Internal\mar2020\pickle_files\e42b29be324ed31c1aa58bc7745e6691d938bbe2.pkl,1
D:\08_Dataset\Internal\mar2020\pickle_files\e75f44e7168c87af7b098fb8724645c5f5272321.pkl,1
D:\08_Dataset\Internal\mar2020\pickle_files\d6295b2b4799394ea185e9553cd27733723925d7.pkl,1
D:\08_Dataset\Internal\mar2020\pickle_files\400e52422a95c96d13fbd29973b5394ec571cfc0.pkl,1
D:\08_Dataset\Internal\mar2020\pickle_files\d88b1f5909991784ba27d24b77b6ae1a7dc1dc5e.pkl,1
D:\08_Dataset\Internal\mar2020\pickle_files\d35bc1dfe1e90cfb586f3fa16e72a84ea4f63ce6.pkl,1
D:\08_Dataset\Internal\mar2020\pickle_files\dbc3d9f8a3e302cee0fe55d7bbfdb7df0d467221.pkl,1
D:\08_Dataset\Internal\mar2020\pickle_files\209f98e95743a0560de72cb711e6ce1294882d1e.pkl,1
D:\08_Dataset\Internal\mar2020\pickle_files\e67888a54cce3582259f0d5373292fc8b79c2656.pkl,1
D:\08_Dataset\Internal\mar2020\pickle_files\80085756ca0119c0e7fb46c0906fd2fd7fa5bf1d.pkl,1
D:\08_Dataset\Internal\mar2020\pickle_files\05aff7d7db869cbfff7bf88899f554b8d2f6974d.pkl,1
D:\08_Dataset\Internal\mar2020\pickle_files\d35d3960a0ed2ac8b76abad1124160691e470d74.pkl,1
D:\08_Dataset\Internal\mar2020\pickle_files\3e9db6f74608696027241e3a1b0466a87691b3f5.pkl,1
D:\08_Dataset\Internal\mar2020\pickle_files\53cdd90ccaca73af5135adb219c9bd2f8d09b39d.pkl,1
D:\08_Dataset\Internal\mar2020\pickle_files\f3132e4f5b77078c42f9cdf6106b587958fa1407.pkl,1
D:\08_Dataset\Internal\mar2020\pickle_files\9340b1524a2836adc2d6a487aa92d210501e24ae.pkl,1
D:\08_Dataset\Internal\mar2020\pickle_files\ba64ec98127a17d50447ed22ef8c6e0b0d6b1a8e.pkl,1
D:\08_Dataset\Internal\mar2020\pickle_files\3df6d7608a8f22c62ce42f026ca79b75b26cff70.pkl,1
D:\08_Dataset\Internal\mar2020\pickle_files\60801b6353bb1dc085dda322bd1c55da7a0f4f22.pkl,1
D:\08_Dataset\Internal\mar2020\pickle_files\27cc15b15a7f738edb9c4d1bb3f2fd11485cccdc.pkl,1
D:\08_Dataset\Internal\mar2020\pickle_files\6d872e5a9994d83a2ba08f0b19f768bb27bd646b.pkl,1
D:\08_Dataset\Internal\mar2020\pickle_files\d616112851e1a25a4e199ca43b7094957b262719.pkl,1
D:\08_Dataset\Internal\mar2020\pickle_files\c0ed3fc14439d30ea43f7a8babe906586dd74b00.pkl,1
D:\08_Dataset\Internal\mar2020\pickle_files\22c2081deafe445bf74b2a72b32d659fef239cc4.pkl,1
D:\08_Dataset\Internal\mar2020\pickle_files\6236d660a6c491c42e0ff0b0e5e94c6de4af8516.pkl,1
D:\08_Dataset\Internal\mar2020\pickle_files\51a196ccb4d583f199eb26ea7f93429c7533227d.pkl,1
D:\08_Dataset\Internal\mar2020\pickle_files\d5043a3d59093cfb0aff71c1b51d997030b8fdc2.pkl,1
D:\08_Dataset\Internal\mar2020\pickle_files\ae1acfa6d20fa8f41b8933d1fc5dfb2340b203bc.pkl,1
D:\08_Dataset\Internal\mar2020\pickle_files\4674b96b36d90e9a8226a4412aaae48df48e2804.pkl,1
D:\08_Dataset\Internal\mar2020\pickle_files\40fe04b402f5dcabfdb25d4fd6fb4196c0bb0dc9.pkl,1
D:\08_Dataset\Internal\mar2020\pickle_files\5ab945b2bcfb72f848121563dc05165c8477b475.pkl,1
D:\08_Dataset\Internal\mar2020\pickle_files\df055dd001dcfef55b575328bd3f23164dfd3809.pkl,1
D:\08_Dataset\Internal\mar2020\pickle_files\891a49ae02adbfa8e1a9ba17852d750b682f8b37.pkl,1
D:\08_Dataset\Internal\mar2020\pickle_files\e5bea245e859962d3d7abe2473280a50e3527f56.pkl,1
D:\08_Dataset\Internal\mar2020\pickle_files\db990486dd8fc440c864c3ec08c1a060cb012fcd.pkl,1
D:\08_Dataset\Internal\mar2020\pickle_files\6bf2689dc4411b6f533286599d4d049e33c76346.pkl,1
D:\08_Dataset\Internal\mar2020\pickle_files\3177738baf737f0450603246599edce3e3b5f6a8.pkl,1
D:\08_Dataset\Internal\mar2020\pickle_files\32dceb9bdf7e987539f6074f26b6e1583d429913.pkl,1
D:\08_Dataset\Internal\mar2020\pickle_files\0cf4c4218aef544ed0bd39b3e219e9ed2530f435.pkl,1
D:\08_Dataset\Internal\mar2020\pickle_files\7dfec1cb957455e94d6632a7fb6603e3d46cda57.pkl,1
D:\08_Dataset\Internal\mar2020\pickle_files\f4fe25c26fc6b16c8375d355669b5a13ad125cb6.pkl,1
D:\08_Dataset\Internal\mar2020\pickle_files\23f4c62ce01cc348cd4fd6f1548a700b1481bd71.pkl,1
D:\08_Dataset\Internal\mar2020\pickle_files\0823fc226add2c64510ba285ab28028e7a629a14.pkl,1
D:\08_Dataset\Internal\mar2020\pickle_files\56af820031816935b024fdf2fc8178e48c2fa88e.pkl,1
D:\08_Dataset\Internal\mar2020\pickle_files\2397b9415214798de5edf11efec0dedc2bed266d.pkl,1
D:\08_Dataset\Internal\mar2020\pickle_files\eef8102b268634e6898e85892d58055f1ec5ecf9.pkl,1
D:\08_Dataset\Internal\mar2020\pickle_files\82053dc68c991c790b126e0ae19002a3970953ea.pkl,1
D:\08_Dataset\Internal\mar2020\pickle_files\61c3ca6e85e7c7adc0966968339e3f2de47a1c78.pkl,1
D:\08_Dataset\Internal\mar2020\pickle_files\bfcf5497a57107e6e653f71aa7538d73e0f04d8e.pkl,1
D:\08_Dataset\Internal\mar2020\pickle_files\cd1591e89051f9d0d360eda80ba0f4efbd29067d.pkl,1
D:\08_Dataset\Internal\mar2020\pickle_files\75c763f31e5e921e9d0ccfba932b6d0f129157ed.pkl,1
D:\08_Dataset\Internal\mar2020\pickle_files\933c156af5e5315c46b8bfdf6929f880c252874c.pkl,1
D:\08_Dataset\Internal\mar2020\pickle_files\9bf587873876666cdb62a9aa7174501a432c873b.pkl,1
D:\08_Dataset\Internal\mar2020\pickle_files\6fa89df00387f151a2f04ba42060f07b1734f36e.pkl,1
D:\08_Dataset\Internal\mar2020\pickle_files\743d5db0a06970c5bcfc02b2057ce67ae4752c36.pkl,1
D:\08_Dataset\Internal\mar2020\pickle_files\4416b2d2bc4df583f367594f90ce0df95cbe9f58.pkl,1
D:\08_Dataset\Internal\mar2020\pickle_files\cdf22fe8e3591bf952e15b68e587624a99e2b91b.pkl,1
D:\08_Dataset\Internal\mar2020\pickle_files\ef58ccb6dca1e38acfd1e0b6395005244aed0938.pkl,1
D:\08_Dataset\Internal\mar2020\pickle_files\9d0dc6061da138e1e702281ff66083c137b21425.pkl,1
D:\08_Dataset\Internal\mar2020\pickle_files\4e6ed323ab38752e488dc7de3029e016eded1eaa.pkl,1
D:\08_Dataset\Internal\mar2020\pickle_files\5eac83cd70242719a181e033f3114124ff8f278f.pkl,1
D:\08_Dataset\Internal\mar2020\pickle_files\762ecb0d372d7102a34a40aea51c82a4899e362d.pkl,1
D:\08_Dataset\Internal\mar2020\pickle_files\8bd8b242adf528e343070d1c10691e1b1f828585.pkl,1
D:\08_Dataset\Internal\mar2020\pickle_files\bc67b5beac01565a3e82cb9689a8eba5745cb943.pkl,1
D:\08_Dataset\Internal\mar2020\pickle_files\b286f50c1344d4bbc0c29022a1f2045d07025f2c.pkl,1
D:\08_Dataset\Internal\mar2020\pickle_files\3cf11adf0c6c58597ff55828ad0c241ec59354ec.pkl,1
D:\08_Dataset\Internal\mar2020\pickle_files\f5bd6c3fa279bcc02840e078b0a635059e9e9c17.pkl,1
D:\08_Dataset\Internal\mar2020\pickle_files\3fd4767d220d1b877f4f57870bc0a8130fd9411e.pkl,1
D:\08_Dataset\Internal\mar2020\pickle_files\433e5b7b19a0deb52d2430458ab05ff8f4088a69.pkl,1
D:\08_Dataset\Internal\mar2020\pickle_files\21e5fd41ee7e33c2fb5d36f3989b81974ad38460.pkl,1
D:\08_Dataset\Internal\mar2020\pickle_files\8d409b1afdcc9ecde0cc8d47209c5eaf8002c1ed.pkl,1
D:\08_Dataset\Internal\mar2020\pickle_files\77ee460049fea1a8f486cdafd39366a6f09da1bd.pkl,1
D:\08_Dataset\Internal\mar2020\pickle_files\4a4281f5b94dc20d138b149b5721a3697ef97391.pkl,1
D:\08_Dataset\Internal\mar2020\pickle_files\2e2b92dd98b8565b707de43e2d9efd31d281211c.pkl,1
D:\08_Dataset\Internal\mar2020\pickle_files\e2ff059198d902871e5eea308d4ec7aac2c7f80b.pkl,1
D:\08_Dataset\Internal\mar2020\pickle_files\c920f77316665575117d60fb51b79a8803b4cdb9.pkl,1
D:\08_Dataset\Internal\mar2020\pickle_files\f816419af337658ea19b9229ba126940946f18c5.pkl,1
D:\08_Dataset\Internal\mar2020\pickle_files\e332afcb88bc66e4a0cff30fe388ec933e812a6f.pkl,1
D:\08_Dataset\Internal\mar2020\pickle_files\5e98815d8643698cff3d97dd040727555d492e80.pkl,1
D:\08_Dataset\Internal\mar2020\pickle_files\af6827365e6160cfc699aeb34bb6046168136c62.pkl,1
D:\08_Dataset\Internal\mar2020\pickle_files\fe13c615fef698448f0e8d079e7bc831909846c2.pkl,1
D:\08_Dataset\Internal\mar2020\pickle_files\71a39e4bf39338fee2b49643e747b5439dd856a1.pkl,1
D:\08_Dataset\Internal\mar2020\pickle_files\a845e02fc56367f8b4c42c513b859b39c83b11b2.pkl,1
D:\08_Dataset\Internal\mar2020\pickle_files\12fdadc915a91d16ebf811f248f38928a6d7eb39.pkl,1
D:\08_Dataset\Internal\mar2020\pickle_files\a4abe45e1933bc9213a2f96d2f0bbd35a4d440a2.pkl,1
D:\08_Dataset\Internal\mar2020\pickle_files\17854fc7164e84849d35011befce6b5b629e4f64.pkl,1
D:\08_Dataset\Internal\mar2020\pickle_files\19fd32f854b34e5c2bf50029ef83dbbd85d2ebb1.pkl,1
D:\08_Dataset\Internal\mar2020\pickle_files\99f20738fa90a20a5948780ca26883a3674d6b20.pkl,1
D:\08_Dataset\Internal\mar2020\pickle_files\656dd37c6968540f595d9d403c7f580c68f93bb3.pkl,1
D:\08_Dataset\Internal\mar2020\pickle_files\5a18b8fe4c48ec8e453ad6e962a9e772ccdcfad8.pkl,1
D:\08_Dataset\Internal\mar2020\pickle_files\cf8af985314da28c6cd3bfc81281c20dcd738ae7.pkl,1
D:\08_Dataset\Internal\mar2020\pickle_files\7d6e130007d3db33fd1b41bb4f26542efedb4082.pkl,1
D:\08_Dataset\Internal\mar2020\pickle_files\ffde96e1ff470bc7587fe3e999f9234dd3f39e0e.pkl,1
D:\08_Dataset\Internal\mar2020\pickle_files\c1a5740c6386aff6e59e2a414f10cd4dc8364bf9.pkl,1
D:\08_Dataset\Internal\mar2020\pickle_files\56da4ca478c9f493da04f04e45cea12498f57265.pkl,1
D:\08_Dataset\Internal\mar2020\pickle_files\dd75cf5fa6a24f0ca543a083a1aa6bc91f4d1c5b.pkl,1
D:\08_Dataset\Internal\mar2020\pickle_files\d7b88fcd155dd960a6be870f1544018fd71b75f1.pkl,1
D:\08_Dataset\Internal\mar2020\pickle_files\888c8e34ed1d3bc9b465ea1020d47c8a3e3998a3.pkl,1
D:\08_Dataset\Internal\mar2020\pickle_files\c796a9940b58f80e7780182ed2f1925cf4290384.pkl,1
D:\08_Dataset\Internal\mar2020\pickle_files\f1d7ccd018679dc600841fce23edeb03789cd8c3.pkl,1
D:\08_Dataset\Internal\mar2020\pickle_files\e2f4dc690b2c642474b90f903a899fde026e3abc.pkl,1
D:\08_Dataset\Internal\mar2020\pickle_files\4c93bb151a5181d422ff0d2101a0f5c88fa05f19.pkl,1
D:\08_Dataset\Internal\mar2020\pickle_files\8c3772b90521141e335757211cce6abc16b67bce.pkl,1
D:\08_Dataset\Internal\mar2020\pickle_files\549960a2f2f7033efc9738d45ae4fae03e253ea7.pkl,1
D:\08_Dataset\Internal\mar2020\pickle_files\a8e6b1f59d0256b553caac09acc1271e2260c641.pkl,1
D:\08_Dataset\Internal\mar2020\pickle_files\71e6a0fe14fbb49c8c7c63ffbfb9fa85beae7253.pkl,1
D:\08_Dataset\Internal\mar2020\pickle_files\6412d317452b6f2bb152e31843a9d163b5667a74.pkl,1
D:\08_Dataset\Internal\mar2020\pickle_files\ca67de8913ac7de86c2a8ae3f3217bd950a86466.pkl,1
D:\08_Dataset\Internal\mar2020\pickle_files\81f362ebcc7796daa305a08238c6a5d2086e2f2b.pkl,1
D:\08_Dataset\Internal\mar2020\pickle_files\19aa8005951f603448c640f00eb018712567c399.pkl,1
D:\08_Dataset\Internal\mar2020\pickle_files\acedb6ffc26171c1f7d4668fa36830769588d508.pkl,1
D:\08_Dataset\Internal\mar2020\pickle_files\15dbab3e2cc5d2ecf9917b9a02f0073233425b0e.pkl,1
D:\08_Dataset\Internal\mar2020\pickle_files\7e02828c06873769379e9ec27fd75a8815daa6b0.pkl,1
D:\08_Dataset\Internal\mar2020\pickle_files\2b5a2c94d6541390ab98529a4d024dcf7bdbe5fe.pkl,1
D:\08_Dataset\Internal\mar2020\pickle_files\818fd001e2ee82f00e86a3d3d2dbf96fd5829ea2.pkl,1
D:\08_Dataset\Internal\mar2020\pickle_files\98d7d05e45f5860279e40a1ca0dcb522c424d336.pkl,1
D:\08_Dataset\Internal\mar2020\pickle_files\356ebac8389b84a2674f161869aa44ec13384276.pkl,1
D:\08_Dataset\Internal\mar2020\pickle_files\a1c4c8778e3fb93aec915bac12a5c307be668470.pkl,1
D:\08_Dataset\Internal\mar2020\pickle_files\67f4f7b8d2df8795c979f9edc1d58b227071ffda.pkl,1
D:\08_Dataset\Internal\mar2020\pickle_files\bbcbe4759f76a57cda669eaef1f971aee379175c.pkl,1
D:\08_Dataset\Internal\mar2020\pickle_files\e02c6382ab5a846dab8a7ca3d795fd15c1d4583f.pkl,1
D:\08_Dataset\Internal\mar2020\pickle_files\d44abebcd95170c2ede4c7eadbadff616ed9a391.pkl,1
D:\08_Dataset\Internal\mar2020\pickle_files\4ef05cdbdf43cd799fdd935ffef2d99b81f89507.pkl,1
D:\08_Dataset\Internal\mar2020\pickle_files\998786ce0dda491168cece3db3f9c961f58515e2.pkl,1
D:\08_Dataset\Internal\mar2020\pickle_files\01b4830b83c72097ba1200df7d87d4b30364b15d.pkl,1
D:\08_Dataset\Internal\mar2020\pickle_files\347cdba5bfc46baa17807b3e4deb18a8d7509447.pkl,1
D:\08_Dataset\Internal\mar2020\pickle_files\412a21c60deac8d3eee0450a9c075076d123a3ce.pkl,1
D:\08_Dataset\Internal\mar2020\pickle_files\b05d7a0b10a9a66539384ebf7100d6694c32a854.pkl,1
D:\08_Dataset\Internal\mar2020\pickle_files\1adbd8ca1d678a34e79815b151b4e831be9f2fde.pkl,1
D:\08_Dataset\Internal\mar2020\pickle_files\93dbbd72322434070c8f46a0f21386c98213f098.pkl,1
D:\08_Dataset\Internal\mar2020\pickle_files\fc3036e1f9e75866977d5461851c0fbd7e542941.pkl,1
D:\08_Dataset\Internal\mar2020\pickle_files\d1a0bf53bad9a90c4d87745c1fe354ed12deb87f.pkl,1
D:\08_Dataset\Internal\mar2020\pickle_files\2f7abe89633c3b98a063c477475b76b459796a00.pkl,1
D:\08_Dataset\Internal\mar2020\pickle_files\7eb823fc1039e39d526bff111f295edfcd1d791a.pkl,1
D:\08_Dataset\Internal\mar2020\pickle_files\e2277e60ab5b275e2da4bfffa7fec7e20cc3ad6c.pkl,1
D:\08_Dataset\Internal\mar2020\pickle_files\f0861152416f89d582f15629478e9d1dd906e09b.pkl,1
D:\08_Dataset\Internal\mar2020\pickle_files\37ae8e6603434fca8ee98d00ff521378f9fba246.pkl,1
D:\08_Dataset\Internal\mar2020\pickle_files\94637fb183f2a8429fba68ae5b1f1490ee366829.pkl,1
D:\08_Dataset\Internal\mar2020\pickle_files\cd63ba870ee671b31eb5fcd3d605cfe0cb25f509.pkl,1
D:\08_Dataset\Internal\mar2020\pickle_files\eb205c70578f11ea623c789cfaa73ceb525db60d.pkl,1
D:\08_Dataset\Internal\mar2020\pickle_files\e817c02b4bc79e6d6de529e70d12c84cf1b6782b.pkl,1
D:\08_Dataset\Internal\mar2020\pickle_files\76dcd4e6b51f14a60ef11e23bd49ddf4bd500824.pkl,1
D:\08_Dataset\Internal\mar2020\pickle_files\6452cb8c7cf0c2bad26c6c2e0aa3a29ca6798632.pkl,1
D:\08_Dataset\Internal\mar2020\pickle_files\4cb2fd189783d6dcc552e47d7ff446abbc2a92f7.pkl,1
D:\08_Dataset\Internal\mar2020\pickle_files\56ea806336c3f95ae937f301783756917427c22f.pkl,1
D:\08_Dataset\Internal\mar2020\pickle_files\25db712e01479e470f9d0f0e4df98e984cfa3c63.pkl,1
D:\08_Dataset\Internal\mar2020\pickle_files\c2608692c0972be48a217ec84916ba63fe8d763f.pkl,1
D:\08_Dataset\Internal\mar2020\pickle_files\cdd11c032cdc22dc2138df3fe802ff7c1cd768bf.pkl,1
D:\08_Dataset\Internal\mar2020\pickle_files\abed8fb0979839d860374d3c936f6aeea8dcc13c.pkl,1
D:\08_Dataset\Internal\mar2020\pickle_files\e32d85a9649ae3127c4725f12f12abb935cb8ced.pkl,1
D:\08_Dataset\Internal\mar2020\pickle_files\4df5ff33a9b3a1f8fd5c1d802b310b0dd9096db5.pkl,1
D:\08_Dataset\Internal\mar2020\pickle_files\3ad19af66023089d89343ba5ab72f38f3cb9fb30.pkl,1
D:\08_Dataset\Internal\mar2020\pickle_files\c674978591f2fcea7faf02062ca6e7a99b468618.pkl,1
D:\08_Dataset\Internal\mar2020\pickle_files\5a1a5930490b6681c5c11831869ac0248a9627c4.pkl,1
D:\08_Dataset\Internal\mar2020\pickle_files\0bfcb52212e65b6e2ff6eff9540bdf346da7ae31.pkl,1
D:\08_Dataset\Internal\mar2020\pickle_files\17210da652f0a1ed70ba934ece88688258eb5eba.pkl,1
D:\08_Dataset\Internal\mar2020\pickle_files\ba9ecbb7810a6781fd73eb2469140d1b00b44f6b.pkl,1
D:\08_Dataset\Internal\mar2020\pickle_files\ceb99aad363faaf2c8f87fa265d79a359eb9cb47.pkl,1
D:\08_Dataset\Internal\mar2020\pickle_files\99d594f6c2c646aa714a40c99b73f784d2f95967.pkl,1
D:\08_Dataset\Internal\mar2020\pickle_files\1a556755d3e0e0092ca02b183ac569974003dbb9.pkl,1
D:\08_Dataset\Internal\mar2020\pickle_files\2b73256b244c58e9e8d6bd388d46b7aed8fbb114.pkl,1
D:\08_Dataset\Internal\mar2020\pickle_files\83a327fc8c3ce83075f9e5d8f81e366f73a66887.pkl,1
D:\08_Dataset\Internal\mar2020\pickle_files\e49e9adb5ada3aede68f14f0c94f4edca92381ae.pkl,1
D:\08_Dataset\Internal\mar2020\pickle_files\ef70b49d0aed69edd6fc1d6bef7c4c4d6de7c2cb.pkl,1
D:\08_Dataset\Internal\mar2020\pickle_files\74a6f37ad0500caeb9f95ae863e5f920dcc9edb0.pkl,1
D:\08_Dataset\Internal\mar2020\pickle_files\6ce5387e93ade6d98372a9b7a40f477415580645.pkl,1
D:\08_Dataset\Internal\mar2020\pickle_files\b9892345f17333cdb24bb6219d4396cfa6e31211.pkl,1
D:\08_Dataset\Internal\mar2020\pickle_files\66d1ff47bf2d92d41f112f35a0bbccd1ef4586b9.pkl,1
D:\08_Dataset\Internal\mar2020\pickle_files\6d2f62db4bbdff437c4a89d7f8b6af5680b12f39.pkl,1
D:\08_Dataset\Internal\mar2020\pickle_files\1aa3524c622717983d42c99bfa504a90cf3ac1b6.pkl,1
D:\08_Dataset\Internal\mar2020\pickle_files\96341dfee799d7ac226160af0c4902259f442f36.pkl,1
D:\08_Dataset\Internal\mar2020\pickle_files\a77670299df4676e0d72d9501cbf471c292cb484.pkl,1
D:\08_Dataset\Internal\mar2020\pickle_files\201ee40e8f402a341caf704f2d9b24f0e85383be.pkl,1
D:\08_Dataset\Internal\mar2020\pickle_files\6c8ff2e9f7de2e68f63f825eb585bcec9ad3ba7b.pkl,1
D:\08_Dataset\Internal\mar2020\pickle_files\45e85cce7e005e5ac1bf64b4a6e93b5ac2d418ec.pkl,1
D:\08_Dataset\Internal\mar2020\pickle_files\dda7e699bede09dcf648810c6f856bdc8cc1ccec.pkl,1
D:\08_Dataset\Internal\mar2020\pickle_files\846c6246f6de45114b3e7359a38c70cc69275596.pkl,1
D:\08_Dataset\Internal\mar2020\pickle_files\21fee25f5ed5e1de50e8410786a259a22829a95c.pkl,1
D:\08_Dataset\Internal\mar2020\pickle_files\2b3ce40f9ebd70ddbeca76df4e575b59b903ee8e.pkl,1
D:\08_Dataset\Internal\mar2020\pickle_files\f6bc4a8448d6d33eccc7d7ec6968cc047a86099c.pkl,1
D:\08_Dataset\Internal\mar2020\pickle_files\e7863d2baaeaf4609fef4c3c01ca4f74bceef910.pkl,1
D:\08_Dataset\Internal\mar2020\pickle_files\ff2347589c58cbfebbce8d5224d82d81947d711d.pkl,1
D:\08_Dataset\Internal\mar2020\pickle_files\11d621fd55cb39677c9ce1985ad14b10dccef420.pkl,1
D:\08_Dataset\Internal\mar2020\pickle_files\637511ee138c8c0b06a5d7cc42c38c6196a16de6.pkl,1
D:\08_Dataset\Internal\mar2020\pickle_files\187604ecf788493e3153d437e0f98e3a7328a5c9.pkl,1
D:\08_Dataset\Internal\mar2020\pickle_files\4a582fe248e0e70144f410b56d7a88b967586cb4.pkl,1
D:\08_Dataset\Internal\mar2020\pickle_files\18d40c165f8f9f2216708c5d9518534737fa6dab.pkl,1
D:\08_Dataset\Internal\mar2020\pickle_files\cad5d4a2241169025e714fa6a1b8fba1856e3d06.pkl,1
D:\08_Dataset\Internal\mar2020\pickle_files\d6333cfaa4a4eb45bc15f5d6708107f18d20126e.pkl,1
D:\08_Dataset\Internal\mar2020\pickle_files\5c3237781608eaf3d8ac0ecfd9d8d182a4f59abe.pkl,1
D:\08_Dataset\Internal\mar2020\pickle_files\7c4afc6886db6c387c8c31296ca52a32387d99ab.pkl,1
D:\08_Dataset\Internal\mar2020\pickle_files\5124b08fc42cd17e510b47984a54737d001e0938.pkl,1
D:\08_Dataset\Internal\mar2020\pickle_files\ad4ea5384bab44350c262d53bcf1e9e454d308d4.pkl,1
D:\08_Dataset\Internal\mar2020\pickle_files\7241e980d7bc9ad3df5039d095b1939efd54f921.pkl,1
D:\08_Dataset\Internal\mar2020\pickle_files\30d18e58d94d81a5dbf80dc6b0f89303155e9ac4.pkl,1
D:\08_Dataset\Internal\mar2020\pickle_files\ce5610af32e5ce169479d8f56dcaaf3a5e8268a8.pkl,1
D:\08_Dataset\Internal\mar2020\pickle_files\d41c91d80c82675557fb48d7ae9446a8dd9af09b.pkl,1
D:\08_Dataset\Internal\mar2020\pickle_files\ebbda63ea360822a599f525e00e166d765538011.pkl,1
D:\08_Dataset\Internal\mar2020\pickle_files\acd43d2b8a0dd8923984017b6cb00a723504e32f.pkl,1
D:\08_Dataset\Internal\mar2020\pickle_files\df3dca84badb4a2972d8f6746d371262e9f315a7.pkl,1
D:\08_Dataset\Internal\mar2020\pickle_files\a38e2f118ea059e792ab2154cc9365fee7af7854.pkl,1
D:\08_Dataset\Internal\mar2020\pickle_files\524724ee2ffff0863cef5e390c7eea073b2cf684.pkl,1
D:\08_Dataset\Internal\mar2020\pickle_files\f53ecc48b4be8b8af4b355ff0af287126774f30f.pkl,1
D:\08_Dataset\Internal\mar2020\pickle_files\dc9a2eaed5a9d4174adbb1e9a3340b9a01f1e607.pkl,1
D:\08_Dataset\Internal\mar2020\pickle_files\53ef8d77e8907780e667f883c2ab9e22c41d8db0.pkl,1
D:\08_Dataset\Internal\mar2020\pickle_files\21a0307f8701234b62e64af8980e798f6a3d9340.pkl,1
D:\08_Dataset\Internal\mar2020\pickle_files\2d3ea227b2d9178182db96891e4e3b8fac529c3a.pkl,1
D:\08_Dataset\Internal\mar2020\pickle_files\803d4bf3edc164026ac3d246abc8ee56abe89a99.pkl,1
D:\08_Dataset\Internal\mar2020\pickle_files\15355f760f8b72e467abf8211b29d2d9a9630919.pkl,1
D:\08_Dataset\Internal\mar2020\pickle_files\bc170a87f98320d2a4a5c53d3285320d5a9af48c.pkl,1
D:\08_Dataset\Internal\mar2020\pickle_files\b1c5bde82758001e7d60687d9c2ada807fc3f861.pkl,1
D:\08_Dataset\Internal\mar2020\pickle_files\c17617bd5b2a76a77705d4f9b7c056d0a7919ef3.pkl,1
D:\08_Dataset\Internal\mar2020\pickle_files\298117bb106ce7dc684e93585fb6c649c1386521.pkl,1
D:\08_Dataset\Internal\mar2020\pickle_files\8787b0faabf70ca006895d4aa8e5a1512f7cb909.pkl,1
D:\08_Dataset\Internal\mar2020\pickle_files\fe323b24c8322219044464694bf8069b8bf6132e.pkl,1
D:\08_Dataset\Internal\mar2020\pickle_files\3a50b9e3bd08c704f50bad5ab57e01993b7356e3.pkl,1
D:\08_Dataset\Internal\mar2020\pickle_files\b514e69bbb288e9117b972af137088d9e2828d68.pkl,1
D:\08_Dataset\Internal\mar2020\pickle_files\6600ad51edba98073239d22e9b3db2336d33ad16.pkl,1
D:\08_Dataset\Internal\mar2020\pickle_files\8101faa9eead559e3533adaa8e14f1c5f2c6c4e4.pkl,1
D:\08_Dataset\Internal\mar2020\pickle_files\9712dc8800232d64b721374443e931f4ff9e3ff6.pkl,1
D:\08_Dataset\Internal\mar2020\pickle_files\e3343464cfab979d6ee8354e016f55e0c77d0bcc.pkl,1
D:\08_Dataset\Internal\mar2020\pickle_files\975d18d495687cc456b7faa4583f4e0be79de0cc.pkl,1
D:\08_Dataset\Internal\mar2020\pickle_files\47cbff07edf1dfbc85f585f81dee528b0a2568ad.pkl,1
D:\08_Dataset\Internal\mar2020\pickle_files\f60512cc43be51ef27abb613b0d25356fc5f7012.pkl,1
D:\08_Dataset\Internal\mar2020\pickle_files\fc8278fc91cfe0adb178db023a05be60da51a877.pkl,1
D:\08_Dataset\Internal\mar2020\pickle_files\98e19eafb04994408084cdf2ff7c69726e330b2e.pkl,1
D:\08_Dataset\Internal\mar2020\pickle_files\4380d8abfda853fdb989f9b2531c2f50da0fdd7c.pkl,1
D:\08_Dataset\Internal\mar2020\pickle_files\941131ac284f4b9ac5cc0b0d812f68e5c32f8c27.pkl,1
D:\08_Dataset\Internal\mar2020\pickle_files\0e8e8c4a08254f731898f2870b330b4ef6192b52.pkl,1
D:\08_Dataset\Internal\mar2020\pickle_files\b93dfce5aece9ec233283eb2b14f81c26f356093.pkl,1
D:\08_Dataset\Internal\mar2020\pickle_files\40f5a9075606d1dc52987a5f46e0556960276de5.pkl,1
D:\08_Dataset\Internal\mar2020\pickle_files\31ad23acec58501aa24437c5f76656fb5e9f171c.pkl,1
D:\08_Dataset\Internal\mar2020\pickle_files\3a6a1ec626ba277ed2c3a0501a1d451d1728c98c.pkl,1
D:\08_Dataset\Internal\mar2020\pickle_files\dec72cfa2a95316390de19745bedfacb5141cfd5.pkl,1
D:\08_Dataset\Internal\mar2020\pickle_files\ea5f63831e91b289506b3468e60e3292f8b4c8bf.pkl,1
D:\08_Dataset\Internal\mar2020\pickle_files\49e197014e36bcd486012fdd27218d1b6d6407ca.pkl,1
D:\08_Dataset\Internal\mar2020\pickle_files\fbf636dfbd20a57adc832e60a1a76a0a26176e65.pkl,1
D:\08_Dataset\Internal\mar2020\pickle_files\f7d78c1fdddf92d11d488e42a1f15f86c3c4e6b1.pkl,1
D:\08_Dataset\Internal\mar2020\pickle_files\37a3f5eac362866201ccf35d7e50d591995e7a35.pkl,1
D:\08_Dataset\Internal\mar2020\pickle_files\f3737cdd625f51c4c3dee91934aa09e2de281720.pkl,1
D:\08_Dataset\Internal\mar2020\pickle_files\b368e38ec7ee6fb36244ceac1e62f039ea660d35.pkl,1
D:\08_Dataset\Internal\mar2020\pickle_files\f36268b453af2f7509b5a5084d014fcac90d779b.pkl,1
D:\08_Dataset\Internal\mar2020\pickle_files\0e0593892fa18e038db033e141436735b2022ef6.pkl,1
D:\08_Dataset\Internal\mar2020\pickle_files\6efcd855ecc341a421681ae6c51f5ca716143752.pkl,1
D:\08_Dataset\Internal\mar2020\pickle_files\44f05074307004c9baac7286ad7b662bf1ae48c9.pkl,1
D:\08_Dataset\Internal\mar2020\pickle_files\0e5c542fa47edcb7f2f249dc58fb6e9291654ab8.pkl,1
D:\08_Dataset\Internal\mar2020\pickle_files\f7e5d902b3db210fb8c1c764337f1e2e089cef19.pkl,1
D:\08_Dataset\Internal\mar2020\pickle_files\6df338cdc15de11f4d799e04a8b4ff25403166f2.pkl,1
D:\08_Dataset\Internal\mar2020\pickle_files\4b84d899a335958e710b7151e9f84015d19581c3.pkl,1
D:\08_Dataset\Internal\mar2020\pickle_files\86634761be6ac881ac59f0007bbe040ef5dd4817.pkl,1
D:\08_Dataset\Internal\mar2020\pickle_files\ce542355496f175ddae42970c651959438a9e942.pkl,1
D:\08_Dataset\Internal\mar2020\pickle_files\151e61f8a1c6962e85ece6b6f00638e4d08fc5dc.pkl,1
D:\08_Dataset\Internal\mar2020\pickle_files\44dc933bd104fb010ded167d1e83fffe44f3ee96.pkl,1
D:\08_Dataset\Internal\mar2020\pickle_files\39cd078de17756d19bf62c2a19ca61188b37a9ba.pkl,1
D:\08_Dataset\Internal\mar2020\pickle_files\107441e0b77b842d8abf96c94e10e99fdbc0ff7a.pkl,1
D:\08_Dataset\Internal\mar2020\pickle_files\f6f87c19cdef95ebd34ff6c04ff058852679d003.pkl,1
D:\08_Dataset\Internal\mar2020\pickle_files\f7b5d0470b67327e57938b012a2918d88aadfc15.pkl,1
D:\08_Dataset\Internal\mar2020\pickle_files\4e8df77062cf20ef43bfe0eabb7b49e4a0b52d73.pkl,1
D:\08_Dataset\Internal\mar2020\pickle_files\fcd2e78f864861268a23962c3adead08c0c9bc73.pkl,1
D:\08_Dataset\Internal\mar2020\pickle_files\fd98dd60f3af2ff17b6ec95ff7ce903f31f255c6.pkl,1
D:\08_Dataset\Internal\mar2020\pickle_files\ed2ef1d13988418f1f9cde3486ed697c872dbfe8.pkl,1
D:\08_Dataset\Internal\mar2020\pickle_files\79603861618b4822e0524b12f06a5b7f482f2d40.pkl,1
D:\08_Dataset\Internal\mar2020\pickle_files\ce2d3b889ec5626e8bea87a01fbad2bb1c08690f.pkl,1
D:\08_Dataset\Internal\mar2020\pickle_files\755627d99bd7eeedf62ad15685b6f75d30f877d5.pkl,1
D:\08_Dataset\Internal\mar2020\pickle_files\c24393834af306ae04e4d6f907c5c033880d89e8.pkl,1
D:\08_Dataset\Internal\mar2020\pickle_files\30a2e3cf0007c484c703c7e86dde96417586b3a9.pkl,1
D:\08_Dataset\Internal\mar2020\pickle_files\bf118757c993f99a6479fc6149231228c8523735.pkl,1
D:\08_Dataset\Internal\mar2020\pickle_files\4fbfca32d4baf3b09428652f16c570b9888cd329.pkl,1
D:\08_Dataset\Internal\mar2020\pickle_files\8c9187795410cf70a6c25151a01e0ba2ef77afb0.pkl,1
D:\08_Dataset\Internal\mar2020\pickle_files\1192279d9a349427b736799de60f150d998a5a72.pkl,1
D:\08_Dataset\Internal\mar2020\pickle_files\2f9b183dbd727118152cbd3d9367cd0b439cc70f.pkl,1
D:\08_Dataset\Internal\mar2020\pickle_files\7f3952495c8e1e46b8ec3eb8ab902ac91ea3998a.pkl,1
D:\08_Dataset\Internal\mar2020\pickle_files\904f72cb85de99726a59a832cdc0811a9e95823b.pkl,1
D:\08_Dataset\Internal\mar2020\pickle_files\b750dbf993bd96ca8b05e30d11ed02a4232597ff.pkl,1
D:\08_Dataset\Internal\mar2020\pickle_files\5f22c0db3d619080d2df220a765e6c5c35ce4ebe.pkl,1
D:\08_Dataset\Internal\mar2020\pickle_files\d9c3f272f3e46e24d2dad8d0203b3a7a0c1ea970.pkl,1
D:\08_Dataset\Internal\mar2020\pickle_files\869b5a0b3b69a9f0a44969453e361b61946bdb79.pkl,1
D:\08_Dataset\Internal\mar2020\pickle_files\33a4d5d7d28c25b3166a5ee1e6e60054622a575c.pkl,1
D:\08_Dataset\Internal\mar2020\pickle_files\09f00f13fc9cf7e24e2c899a8e256d67338cbe98.pkl,1
D:\08_Dataset\Internal\mar2020\pickle_files\b9caf3b1852b98cf93480b7c5e61ca53a1713289.pkl,1
D:\08_Dataset\Internal\mar2020\pickle_files\4d96a13ef1248688164f026c400ffbffb5bba822.pkl,1
D:\08_Dataset\Internal\mar2020\pickle_files\3b166586ba147c83b901ca38d9164b0a3e2f0df4.pkl,1
D:\08_Dataset\Internal\mar2020\pickle_files\065cbfe4ac5a4b9ae1b954944b288a0fc8b51a4f.pkl,1
D:\08_Dataset\Internal\mar2020\pickle_files\9f378678e505b218b7c2137904de1f8bd8948f73.pkl,1
D:\08_Dataset\Internal\mar2020\pickle_files\065039ca30910e5f6825689b7e85cbf66a19b377.pkl,1
D:\08_Dataset\Internal\mar2020\pickle_files\4a3bb4cc41b3bf1480dbcbbd3d9effb0792afafc.pkl,1
D:\08_Dataset\Internal\mar2020\pickle_files\5977ef128922007f4e9edb5cb403196a51432770.pkl,1
D:\08_Dataset\Internal\mar2020\pickle_files\b9543c6adccd60b7c2c69623e823fc9015f55f16.pkl,1
D:\08_Dataset\Internal\mar2020\pickle_files\e10cecd72f9866e848f6ebcd5966c5f53061a446.pkl,1
D:\08_Dataset\Internal\mar2020\pickle_files\b7e392f42c4d283d95ab9c2dd1662f7fc66e59bd.pkl,1
D:\08_Dataset\Internal\mar2020\pickle_files\edc7c4d5af73ba2ee5ceec1a1b3a23e0c5d446a2.pkl,1
D:\08_Dataset\Internal\mar2020\pickle_files\8fbda017148d71152ffa416786afe7c01fdd3618.pkl,1
D:\08_Dataset\Internal\mar2020\pickle_files\da8f6f33a4c4d447cfa478b0df6809600aa407fb.pkl,1
D:\08_Dataset\Internal\mar2020\pickle_files\fc6455a0ab067f9c57695a721034f1cb4105250a.pkl,1
D:\08_Dataset\Internal\mar2020\pickle_files\c6ede116fcbf7478ced7f4edc8d54ae7798fbea0.pkl,1
D:\08_Dataset\Internal\mar2020\pickle_files\086c8b6efd4d516c32bfa841d7421d1674b90f84.pkl,1
D:\08_Dataset\Internal\mar2020\pickle_files\72fe9146f69bfc219f7a8804cb11b4a350c612d0.pkl,1
D:\08_Dataset\Internal\mar2020\pickle_files\430322cc11c9dbc520c744f6ddcf955778488707.pkl,1
D:\08_Dataset\Internal\mar2020\pickle_files\78417738b21ed2f37789887adb0a6fdacce5f0e6.pkl,1
D:\08_Dataset\Internal\mar2020\pickle_files\80d31468ae36a0251e3e37a61a6cdf0ee5246f75.pkl,1
D:\08_Dataset\Internal\mar2020\pickle_files\d676bf8fc174ac028008e9c27b7cc166ca5a6e82.pkl,1
D:\08_Dataset\Internal\mar2020\pickle_files\9e05fec55c7e592f6a60b9028d97d856a04d86da.pkl,1
D:\08_Dataset\Internal\mar2020\pickle_files\f251b09a78745ae66451d95069349b12e9318897.pkl,1
D:\08_Dataset\Internal\mar2020\pickle_files\946d237abaecf2ab4b7a65ec14f040ae4dd15fd0.pkl,1
D:\08_Dataset\Internal\mar2020\pickle_files\1aba152b2c1b68db070ee9c5f71d57e655249f76.pkl,1
D:\08_Dataset\Internal\mar2020\pickle_files\95788528fa3ae2e9236ccaa1c3faffdf848754bc.pkl,1
D:\08_Dataset\Internal\mar2020\pickle_files\a15cf1ec9e6e08d206d6b42a30dd8cee89ffe835.pkl,1
D:\08_Dataset\Internal\mar2020\pickle_files\7ab64cf9e0bb2cc6d3cc902c2d3c44e7fb6fc48a.pkl,1
D:\08_Dataset\Internal\mar2020\pickle_files\afee09e6096a36581fb1b2586853bc151fec6086.pkl,1
D:\08_Dataset\Internal\mar2020\pickle_files\331fc99b94b7559c38f23d97ba83baa8a9b04f67.pkl,1
D:\08_Dataset\Internal\mar2020\pickle_files\a85488522e89be421405f03845d90355dd5aeef8.pkl,1
D:\08_Dataset\Internal\mar2020\pickle_files\539bb28094e9d194edd1d40ab072a42cab194ece.pkl,1
D:\08_Dataset\Internal\mar2020\pickle_files\9fb9a15644b6605c715e1eb6e2884e0726afa132.pkl,1
D:\08_Dataset\Internal\mar2020\pickle_files\545dd91c048d5b021ada77616cb6fa785071a4e2.pkl,1
D:\08_Dataset\Internal\mar2020\pickle_files\e4bd662d5f93df290c10c9efef4c0c7db77b1866.pkl,1
D:\08_Dataset\Internal\mar2020\pickle_files\44bec1d2f083f7424a0ab6cf87e06013f156d2d5.pkl,1
D:\08_Dataset\Internal\mar2020\pickle_files\2255e58c9d0450acb01b93ea491d0ee915b12308.pkl,1
D:\08_Dataset\Internal\mar2020\pickle_files\35c86943e7ae95166825347d5faba4cb5ec2a232.pkl,1
D:\08_Dataset\Internal\mar2020\pickle_files\e9a833204a49b223e7b377445a0215417d41ac2d.pkl,1
D:\08_Dataset\Internal\mar2020\pickle_files\0af247ef2a7eccf8111da6ca98ef620cf5279385.pkl,1
D:\08_Dataset\Internal\mar2020\pickle_files\6653521050dd666e11a02773b591a1cf37f514e2.pkl,1
D:\08_Dataset\Internal\mar2020\pickle_files\b18a97d6b4967be3425f24dabfebf49484efac93.pkl,1
D:\08_Dataset\Internal\mar2020\pickle_files\62bbdecbebf1f163f11a0cf60423721eb2a894ea.pkl,1
D:\08_Dataset\Internal\mar2020\pickle_files\b6bb7f57a10a1d30fc6d3861259ba7f13faad14b.pkl,1
D:\08_Dataset\Internal\mar2020\pickle_files\e80dcfe5f2cad23e12eea32707ff3a46f8d40668.pkl,1
D:\08_Dataset\Internal\mar2020\pickle_files\0b42490da0f750aa9a48bd8d6f3c7083e0ebe479.pkl,1
D:\08_Dataset\Internal\mar2020\pickle_files\9e5befd46b49a893c4ca82db71cc7bd3a827cc91.pkl,1
D:\08_Dataset\Internal\mar2020\pickle_files\dd2d13a3f06f5d87dac22c8805b0dfd14697e9c3.pkl,1
D:\08_Dataset\Internal\mar2020\pickle_files\de0af3cc0290d8ca2ac4cc5bb3b8cf498ba6b529.pkl,1
D:\08_Dataset\Internal\mar2020\pickle_files\f52c8d19063e95d389d2c4d672778e06e36e1130.pkl,1
D:\08_Dataset\Internal\mar2020\pickle_files\acb8da88767bdb1ce970555fd5c539baeb426cae.pkl,1
D:\08_Dataset\Internal\mar2020\pickle_files\5b318aafc2336b1c8133a70d6cd28f633ed1fd16.pkl,1
D:\08_Dataset\Internal\mar2020\pickle_files\0fa7f041b388adbd44328f6deac7186a4c0c6547.pkl,1
D:\08_Dataset\Internal\mar2020\pickle_files\8f13f1037ecd9e9c56c955f461bb6c8a6f49e4b7.pkl,1
D:\08_Dataset\Internal\mar2020\pickle_files\076c2d588f8e71de7582d68089cac303ddc73d90.pkl,1
D:\08_Dataset\Internal\mar2020\pickle_files\ea4106c8916819310f9e461d3ded9b505359c976.pkl,1
D:\08_Dataset\Internal\mar2020\pickle_files\dc8f73e2bbb9e90e6b2064b4f6c054f14a4ed3b5.pkl,1
D:\08_Dataset\Internal\mar2020\pickle_files\e97caaaec628308a10ff8bad64afcb079c50fb3c.pkl,1
D:\08_Dataset\Internal\mar2020\pickle_files\415b19d414f70f89e3d2dee6915d295d511b5ca4.pkl,1
D:\08_Dataset\Internal\mar2020\pickle_files\735a72abf67729a911a791ac61123cc5573c7aec.pkl,1
D:\08_Dataset\Internal\mar2020\pickle_files\d2284144c75b6d9bcf06e8f952b9d29302d1e464.pkl,1
D:\08_Dataset\Internal\mar2020\pickle_files\4b7f4c1f08264f63d4e98bef94b36e2a4a44da73.pkl,1
D:\08_Dataset\Internal\mar2020\pickle_files\70488177b7acbdd209438c44c8051ee2a964d0d0.pkl,1
D:\08_Dataset\Internal\mar2020\pickle_files\63b002736050fbf8f5b3e7d938f86536914fe305.pkl,1
D:\08_Dataset\Internal\mar2020\pickle_files\ff406c5a9298c91e2f29f00553abe8170c7f18c8.pkl,1
D:\08_Dataset\Internal\mar2020\pickle_files\1fea72a662f97f4f69799fd82a1ca0fdb3d477f2.pkl,1
D:\08_Dataset\Internal\mar2020\pickle_files\f12c51ca47b1d3a188bbb55b347bcd9de26d7f66.pkl,1
D:\08_Dataset\Internal\mar2020\pickle_files\052e1c10bbd0d1e72ad7314791cc817e883cba9e.pkl,1
D:\08_Dataset\Internal\mar2020\pickle_files\5493d98c95ea8323a13d9ade182721ffc85e65e9.pkl,1
D:\08_Dataset\Internal\mar2020\pickle_files\c1c5ab321c3633e1b02d1c36abe311ba2fd3b759.pkl,1
D:\08_Dataset\Internal\mar2020\pickle_files\fd72468db4f630176c3a9a56e72a273bccb05dd5.pkl,1
D:\08_Dataset\Internal\mar2020\pickle_files\429509457fe550d6aeabdf534a7e254af0db178e.pkl,1
D:\08_Dataset\Internal\mar2020\pickle_files\8c3c908b291734a9658ba5bdb56e6c27fae58baa.pkl,1
D:\08_Dataset\Internal\mar2020\pickle_files\8976669a7797647b8ed9aa3fb05cc3f6ea96c605.pkl,1
D:\08_Dataset\Internal\mar2020\pickle_files\d1d148d57200952b9738eafbe2449bc6db2e0da3.pkl,1
D:\08_Dataset\Internal\mar2020\pickle_files\6a99f95a11290566b1fe4589985e4f282b4c4fe8.pkl,1
D:\08_Dataset\Internal\mar2020\pickle_files\751e293e47fc2d0c7e6b916bc136f85506e9d6c9.pkl,1
D:\08_Dataset\Internal\mar2020\pickle_files\18eb6e112b1a4a9b4ed1fc52ff9fd96430cdf090.pkl,1
D:\08_Dataset\Internal\mar2020\pickle_files\a1db5206252cee818c4ff9b0bad7b9d52072a763.pkl,1
D:\08_Dataset\Internal\mar2020\pickle_files\291a56b079ac153cc6409e00b62d7e822e593055.pkl,1
D:\08_Dataset\Internal\mar2020\pickle_files\d58c5fcdaca009f314123a207601a57cc1894187.pkl,1
D:\08_Dataset\Internal\mar2020\pickle_files\d97204ac5ac4e99152080abe63ecbe998b528e33.pkl,1
D:\08_Dataset\Internal\mar2020\pickle_files\fb5ce0f4d2de088f654269d045fd8298be019907.pkl,1
D:\08_Dataset\Internal\mar2020\pickle_files\582e28e0b993781c204cf859aa66baa680f91a02.pkl,1
D:\08_Dataset\Internal\mar2020\pickle_files\a51190dadc78728e20e49a4a00b716c74d3f0b52.pkl,1
D:\08_Dataset\Internal\mar2020\pickle_files\e1387b987c157c3f8b7f0fcf5bbb46a4e5ab1905.pkl,1
D:\08_Dataset\Internal\mar2020\pickle_files\3c97efef80a20114763c1990abd2cf0122c71a46.pkl,1
D:\08_Dataset\Internal\mar2020\pickle_files\5898122cd6c33b6cfb8277372c95597ae5ed1cdf.pkl,1
D:\08_Dataset\Internal\mar2020\pickle_files\3cc49c789a82cd95688bb5bd7e9c0304a4d676a2.pkl,1
D:\08_Dataset\Internal\mar2020\pickle_files\2f7bf412758446bc914aac7a5203db03bc1139b2.pkl,1
D:\08_Dataset\Internal\mar2020\pickle_files\8504ef95c910d7fa2d2a3a290121d5a64de3ac24.pkl,1
D:\08_Dataset\Internal\mar2020\pickle_files\366e2b334d299b0a41a6ee820a50a20bf9a538b1.pkl,1
D:\08_Dataset\Internal\mar2020\pickle_files\d9af7c8489ca860d9ecb7fefadb37a00cc30ed92.pkl,1
D:\08_Dataset\Internal\mar2020\pickle_files\246a62d2db86764a6708c1e54a1a1e225ad95fc6.pkl,1
D:\08_Dataset\Internal\mar2020\pickle_files\1a700431bde4dbb3900d8fd1338786fc9fe1ed07.pkl,1
D:\08_Dataset\Internal\mar2020\pickle_files\ebb0cb257497b99ae7cd70a84fd68d0fe076c975.pkl,1
D:\08_Dataset\Internal\mar2020\pickle_files\5c91c4f6469acc681d6d58f3b84fdcdffadc6680.pkl,1
D:\08_Dataset\Internal\mar2020\pickle_files\970b37d092fe4ea913f4573b0b4b2982d4df6a22.pkl,1
D:\08_Dataset\Internal\mar2020\pickle_files\37aa65e6a154e8395d9e9fc5c6cbb857f28ab6d3.pkl,1
D:\08_Dataset\Internal\mar2020\pickle_files\24b2c97c37678157f16437a8c37ebf62b2e31268.pkl,1
D:\08_Dataset\Internal\mar2020\pickle_files\0a656fac76dd66499e0ab5909bb3d508342f97a1.pkl,1
D:\08_Dataset\Internal\mar2020\pickle_files\4cd4d4c94b7322be6bd7c81b089f36bf4ff3bc0d.pkl,1
D:\08_Dataset\Internal\mar2020\pickle_files\af52d3f0819bf8130b2e7926c6279a062e185f43.pkl,1
D:\08_Dataset\Internal\mar2020\pickle_files\d2d6f230a0be8c1baa2fb11e4dae364208f431db.pkl,1
D:\08_Dataset\Internal\mar2020\pickle_files\90715bafcbb8af1b29cb40278576d11a5863bf81.pkl,1
D:\08_Dataset\Internal\mar2020\pickle_files\a8dbfa25494097e9cf3e1e46f1a43bcb97611928.pkl,1
D:\08_Dataset\Internal\mar2020\pickle_files\95d0ece98a003dd8e4a11a88ecd6ab641dd29a08.pkl,1
D:\08_Dataset\Internal\mar2020\pickle_files\df318244b831fca3d05261c0278db61baa08dc7a.pkl,1
D:\08_Dataset\Internal\mar2020\pickle_files\f6c45434ac27e9b8ad1f4a5bc610f00beff0cea3.pkl,1
D:\08_Dataset\Internal\mar2020\pickle_files\6dcf2331604a64bdfae163371b42805c221d8279.pkl,1
D:\08_Dataset\Internal\mar2020\pickle_files\ae54c294d20c36275898f050b2c973671c11b531.pkl,1
D:\08_Dataset\Internal\mar2020\pickle_files\84d9fd3196854c8f780b39274368fcfa0089da19.pkl,1
D:\08_Dataset\Internal\mar2020\pickle_files\55636a2cbe0c60ceaf07529026883421422e8537.pkl,1
D:\08_Dataset\Internal\mar2020\pickle_files\59434ccaa74e64a2dbac5c7d9fb6fa998c1cbf2c.pkl,1
D:\08_Dataset\Internal\mar2020\pickle_files\0b6e5fe2d04e1f7ca03c2916c7492b466908295e.pkl,1
D:\08_Dataset\Internal\mar2020\pickle_files\54b295f05ff05ddc7f5e30399d1d2bbe5c50c694.pkl,1
D:\08_Dataset\Internal\mar2020\pickle_files\b0353acce5fe04e79c23157391cad30ec03ddf55.pkl,1
D:\08_Dataset\Internal\mar2020\pickle_files\7dab6e1ea5f7f80030b501115cc0d25c581d5ab8.pkl,1
D:\08_Dataset\Internal\mar2020\pickle_files\578d81ab735c2334e094e2f429b8078629861b97.pkl,1
D:\08_Dataset\Internal\mar2020\pickle_files\ff3ff9d93f2f6ecee2f88ed21a1347ce77f77eb7.pkl,1
D:\08_Dataset\Internal\mar2020\pickle_files\01cf446a1450bcc06e186a81729cff08a5c76f76.pkl,1
D:\08_Dataset\Internal\mar2020\pickle_files\f68ae1e1f2079e6767ee8ba3b8cd2b489eb6e39e.pkl,1
D:\08_Dataset\Internal\mar2020\pickle_files\3b00ddc474ca6032ba3f3d5dea2ee9fde8780327.pkl,1
D:\08_Dataset\Internal\mar2020\pickle_files\2d6d2d994d58fe62da2b0bbf03c411518d6ad50c.pkl,1
D:\08_Dataset\Internal\mar2020\pickle_files\a680a6a83121d1297cefd201c41395458ddb7217.pkl,1
D:\08_Dataset\Internal\mar2020\pickle_files\dfcee592c4b3bf439e24f2ccf40ca2b177714b98.pkl,1
D:\08_Dataset\Internal\mar2020\pickle_files\5cb3d74b566d0d1a72aa99036c522b2d967f805e.pkl,1
D:\08_Dataset\Internal\mar2020\pickle_files\474f7e56fff2a570862555cf27b2e04a374c1dd8.pkl,1
D:\08_Dataset\Internal\mar2020\pickle_files\1bed4c139aacc118f68ce872222e479feb21db56.pkl,1
D:\08_Dataset\Internal\mar2020\pickle_files\adcf5a26431c97f352608fefc2807f1400e7c309.pkl,1
D:\08_Dataset\Internal\mar2020\pickle_files\c1112f384827ed9d8fe9a93c9a63373ff1e2b38b.pkl,1
D:\08_Dataset\Internal\mar2020\pickle_files\4e41d66ad1f7fbf747d9225691d0bc02f12328ca.pkl,1
D:\08_Dataset\Internal\mar2020\pickle_files\6df7f7c2cac9c1573884d870e0bf75ff11d5f4a8.pkl,1
D:\08_Dataset\Internal\mar2020\pickle_files\ae7bd2ec2b51fb48ea7925005a2c3c8d99cafdb6.pkl,1
D:\08_Dataset\Internal\mar2020\pickle_files\3913a21c109f8b95b0db4c63babb6a35813ef6d0.pkl,1
D:\08_Dataset\Internal\mar2020\pickle_files\30cfafbe7b1476bbc83f207416b8bf14687614e4.pkl,1
D:\08_Dataset\Internal\mar2020\pickle_files\67233439fdce701f2cabfbcc32bb0e4511f42bf3.pkl,1
D:\08_Dataset\Internal\mar2020\pickle_files\385e70ff84b6b5eb209909de228d91a1779bef66.pkl,1
D:\08_Dataset\Internal\mar2020\pickle_files\4707164eb3d4a52bd443cc71e8f79fb4112e8fc2.pkl,1
D:\08_Dataset\Internal\mar2020\pickle_files\d0593e56af9786c7cf9b2246029c5346ee7d2fd7.pkl,1
D:\08_Dataset\Internal\mar2020\pickle_files\9a6aec4f88759703c5f58004bc2d814e836fea26.pkl,1
D:\08_Dataset\Internal\mar2020\pickle_files\ed0a094734355f66b280164790bfea4c0ddbd997.pkl,1
D:\08_Dataset\Internal\mar2020\pickle_files\052675008f16373d373f57dd6b9b3c14948d4912.pkl,1
D:\08_Dataset\Internal\mar2020\pickle_files\b6a46d2258558339b8e5b898dd42faf00c67d204.pkl,1
D:\08_Dataset\Internal\mar2020\pickle_files\a9d3bb83ce42f0ca1b43cff6ff73972fc79944bc.pkl,1
D:\08_Dataset\Internal\mar2020\pickle_files\6b5e17b89286b222e0aa674e17825285e793be7f.pkl,1
D:\08_Dataset\Internal\mar2020\pickle_files\5618e2742527f4e0d64c8cdabf4c547469473d8e.pkl,1
D:\08_Dataset\Internal\mar2020\pickle_files\bac4627b512851896a76b517de4256dadd5d635d.pkl,1
D:\08_Dataset\Internal\mar2020\pickle_files\0d918f5a6224369fee636947076d4c797dc3b4d5.pkl,1
D:\08_Dataset\Internal\mar2020\pickle_files\65ecfe0ec561004cefde717e2f829feb1290a671.pkl,1
D:\08_Dataset\Internal\mar2020\pickle_files\a514ff48259ce4e60d24cbbe54affa08b5315e9f.pkl,1
D:\08_Dataset\Internal\mar2020\pickle_files\f51c7adbb442615724de66d5f86be40378a36c4e.pkl,1
D:\08_Dataset\Internal\mar2020\pickle_files\02da30853370e63e9fc21b2252bc04a289c798b6.pkl,1
D:\08_Dataset\Internal\mar2020\pickle_files\177041255216bff6a68fd96f892b2b8fd30bd673.pkl,1
D:\08_Dataset\Internal\mar2020\pickle_files\cf3306319db0e5368eff5e7f2a060dcc4e265215.pkl,1
D:\08_Dataset\Internal\mar2020\pickle_files\ae848b1d02d56fc3e3b7e64c54b95d8338c1cfe3.pkl,1
D:\08_Dataset\Internal\mar2020\pickle_files\51757d6a0a4d5a1422d2ff51eee0eb33d88cef23.pkl,1
D:\08_Dataset\Internal\mar2020\pickle_files\c4fa42b8eb573968a02d97df64f069a6b72a140f.pkl,1
D:\08_Dataset\Internal\mar2020\pickle_files\af28f1dcb0c86653eb92551d7d281e0f1a18a884.pkl,1
D:\08_Dataset\Internal\mar2020\pickle_files\d8bd306427e0f68d9734d15ade83ec1388422259.pkl,1
D:\08_Dataset\Internal\mar2020\pickle_files\e46153bfbfaf47f092e70c247a7aec22b88a3dd9.pkl,1
D:\08_Dataset\Internal\mar2020\pickle_files\c4a08c8ad325e6115fe761c0129ca890130a87c8.pkl,1
D:\08_Dataset\Internal\mar2020\pickle_files\bf5842e3058e8b2b9617eb19e1107cbb55b7933c.pkl,1
D:\08_Dataset\Internal\mar2020\pickle_files\2c8466e76d28fa26cd01e35e6cf3214545fdb4cf.pkl,1
D:\08_Dataset\Internal\mar2020\pickle_files\6d22bf5dc8f2676c5065deacdda4c634f6661532.pkl,1
D:\08_Dataset\Internal\mar2020\pickle_files\4872839e9cc9b7fa59b1136c995045093acac9ec.pkl,1
D:\08_Dataset\Internal\mar2020\pickle_files\0dc7156d9041bdd3e3d1b9e3d58834d566a785c1.pkl,1
D:\08_Dataset\Internal\mar2020\pickle_files\082631f417327aa67ff7cfd0c3d006c0aabe8753.pkl,1
D:\08_Dataset\Internal\mar2020\pickle_files\e5df784738896a9a5d158ab3d48e7e3b3c1f5bbc.pkl,1
D:\08_Dataset\Internal\mar2020\pickle_files\bd38c87bc94129dc2c0db995fdb42ac127644d52.pkl,1
D:\08_Dataset\Internal\mar2020\pickle_files\89b81263b94fcfe013ca02fc4bba1e09f9c6f0fd.pkl,1
D:\08_Dataset\Internal\mar2020\pickle_files\845222bce013ccf1f81965978c53bc0ff36ca172.pkl,1
D:\08_Dataset\Internal\mar2020\pickle_files\2fc002194f4125e4fe98d84cf45f811aeb963ae1.pkl,1
D:\08_Dataset\Internal\mar2020\pickle_files\86eb1b1070d78d2fee9165ccf12c109442e9fb97.pkl,1
D:\08_Dataset\Internal\mar2020\pickle_files\d92562cff5d0ae6b2cf02bedfff34dd1aa173cdc.pkl,1
D:\08_Dataset\Internal\mar2020\pickle_files\a08cb36633da53211dace517264b309bc49627ba.pkl,1
D:\08_Dataset\Internal\mar2020\pickle_files\892f10cf0f4a991e893c18fc71310ad1d2ba0181.pkl,1
D:\08_Dataset\Internal\mar2020\pickle_files\6b3d7d0b87e0c2273fe5bb064ecff0f2b45db6c6.pkl,1
D:\08_Dataset\Internal\mar2020\pickle_files\61d24d521773b4f622c94515a752512a2bd0062b.pkl,1
D:\08_Dataset\Internal\mar2020\pickle_files\fdd3a94330e9447e914e5b6e087b71367953e058.pkl,1
D:\08_Dataset\Internal\mar2020\pickle_files\9963f6e9ab2306f79de5f3a15cbf3240a6a671a0.pkl,1
D:\08_Dataset\Internal\mar2020\pickle_files\544e70e467b29408ec00461da1bcb0f87c1cb8f7.pkl,1
D:\08_Dataset\Internal\mar2020\pickle_files\438d7f2582edefe78d10053674c68a7947135421.pkl,1
D:\08_Dataset\Internal\mar2020\pickle_files\ee3d1a3617e56d46305f29d27c2cf407c96db16f.pkl,1
D:\08_Dataset\Internal\mar2020\pickle_files\7516e6c709ce78e5ba26ae27d7e9df8c1467f239.pkl,1
D:\08_Dataset\Internal\mar2020\pickle_files\eb869ca726f883b57bb9a1467e1345be8abf8c8c.pkl,1
D:\08_Dataset\Internal\mar2020\pickle_files\62d734e18b642c37a2a139c79e2e4519e833326c.pkl,1
D:\08_Dataset\Internal\mar2020\pickle_files\780989b0459cbe596cef7102b4dfdf62a8a13fe2.pkl,1
D:\08_Dataset\Internal\mar2020\pickle_files\25f616c754430a5d9e28ff3571ae88d9640e5756.pkl,1
D:\08_Dataset\Internal\mar2020\pickle_files\bf495a2b3a4b9c6fe95cfb760a27000a796051d0.pkl,1
D:\08_Dataset\Internal\mar2020\pickle_files\0f46ba96e7ca2446d7d3f59fb59812c2d17ea473.pkl,1
D:\08_Dataset\Internal\mar2020\pickle_files\a1000d921709673c019ab7cb42a6f93fab9a12af.pkl,1
D:\08_Dataset\Internal\mar2020\pickle_files\b82c2d300dbe033334a78fd86e97429f2dee3d19.pkl,1
D:\08_Dataset\Internal\mar2020\pickle_files\a70fbcfffaa28a0ec1ac95b9ebeed44babe0acdc.pkl,1
D:\08_Dataset\Internal\mar2020\pickle_files\3bb143b936f4cf45f7826d80ca4b01426aba020d.pkl,1
D:\08_Dataset\Internal\mar2020\pickle_files\d15a50e801f4eb70a55725c8d71273b8c7f54155.pkl,1
D:\08_Dataset\Internal\mar2020\pickle_files\0e88d21bfbde4e2a8db0032b9f32c4d1267121ad.pkl,1
D:\08_Dataset\Internal\mar2020\pickle_files\ebae5aa33f54a2610437bab082ca9862776479ba.pkl,1
D:\08_Dataset\Internal\mar2020\pickle_files\3b55a98ce9231ca4670575ffaa576825cbd36a94.pkl,1
D:\08_Dataset\Internal\mar2020\pickle_files\0874ad13692899017dd4983899c300b70a96b996.pkl,1
D:\08_Dataset\Internal\mar2020\pickle_files\4719461462372d6cfba3fbc939c087570871ad6f.pkl,1
D:\08_Dataset\Internal\mar2020\pickle_files\377d9a9b5bdb1871435f0a32f4de8154b64f6253.pkl,1
D:\08_Dataset\Internal\mar2020\pickle_files\7b9dec6b9f9b372d5dcb2cadcf9474d836d961f4.pkl,1
D:\08_Dataset\Internal\mar2020\pickle_files\0064fd52ddae5cfeb95a31352ec00d4f8b2b8538.pkl,1
D:\08_Dataset\Internal\mar2020\pickle_files\e68551a7801674e76697ab21a46548061654a5a8.pkl,1
D:\08_Dataset\Internal\mar2020\pickle_files\1622aa5745a82a5b7c9703e791d97e213b898dbe.pkl,1
D:\08_Dataset\Internal\mar2020\pickle_files\37e4d8dea3f46e05b1d50f7c3ab5b7b5f3f00746.pkl,1
D:\08_Dataset\Internal\mar2020\pickle_files\b7adad7238a205ef9d7cee4bffcfa66f5ef81fef.pkl,1
D:\08_Dataset\Internal\mar2020\pickle_files\6b82a088a7e1929a5261bc2b81245fbf6741e698.pkl,1
D:\08_Dataset\Internal\mar2020\pickle_files\06c1d6966fb9fea1cfece976681b99303d503410.pkl,1
D:\08_Dataset\Internal\mar2020\pickle_files\2411e56684af13b8cb9d0b5afffbf7a3f52e4e9c.pkl,1
D:\08_Dataset\Internal\mar2020\pickle_files\a48bc9191047f677486e4829b3b75ac8ab0dc33b.pkl,1
D:\08_Dataset\Internal\mar2020\pickle_files\dc32b9c16ee00dd242cb71f048bbddf61848d15d.pkl,1
D:\08_Dataset\Internal\mar2020\pickle_files\0ff58d53c4e890904bb31acd64da13d22cd49f9a.pkl,1
D:\08_Dataset\Internal\mar2020\pickle_files\f07e18d6466c0588ebfb0e4c5d5b9bfef2e6c77a.pkl,1
D:\08_Dataset\Internal\mar2020\pickle_files\0521713f429d38bceef7b454527260ddf11cdc35.pkl,1
D:\08_Dataset\Internal\mar2020\pickle_files\d35f26efac66af1d9d23a230801c88e20e1a115a.pkl,1
D:\08_Dataset\Internal\mar2020\pickle_files\a1fc1b8d50c48f0a59567e72e19ec8b2f9e064fa.pkl,1
D:\08_Dataset\Internal\mar2020\pickle_files\98e2ae71bbfc0bc1ac35479348a304b68d1a04df.pkl,1
D:\08_Dataset\Internal\mar2020\pickle_files\8d159345c892180ac8c551fdc20fc4e410a74ac5.pkl,1
D:\08_Dataset\Internal\mar2020\pickle_files\f460735c51596bdc0e361a1a986748c8b47071b0.pkl,1
D:\08_Dataset\Internal\mar2020\pickle_files\0a14896b7511df65210667ed8066cec0fafeea9a.pkl,1
D:\08_Dataset\Internal\mar2020\pickle_files\132ffbd1f105f0d16b63610693e0230fb65a2710.pkl,1
D:\08_Dataset\Internal\mar2020\pickle_files\0e8b86e7101e2300f6d2c5be8bc2145765a82a12.pkl,1
D:\08_Dataset\Internal\mar2020\pickle_files\2848aaacdb4f7a47f1fc98234e14134dd481cd27.pkl,1
D:\08_Dataset\Internal\mar2020\pickle_files\3592d59cd6f2c6dec481cbbb7186062fe8a5851f.pkl,1
D:\08_Dataset\Internal\mar2020\pickle_files\a6ab664fc31f70644f23f3d36aacab042c37b024.pkl,1
D:\08_Dataset\Internal\mar2020\pickle_files\86d220e71bff2ff26a17167d50ce3b9103cf704c.pkl,1
D:\08_Dataset\Internal\mar2020\pickle_files\450fc3eb3aeb90e445a7db559ec472f47c185c09.pkl,1
D:\08_Dataset\Internal\mar2020\pickle_files\5b063298bbd1670b4d39e1baef67f854b8dcba9d.pkl,1
D:\08_Dataset\Internal\mar2020\pickle_files\731b4e54d2ff5bb3ef1b63c47b30a666f796b805.pkl,1
D:\08_Dataset\Internal\mar2020\pickle_files\76309e2d33fadf1bd21d3531f318f7e4cd096fca.pkl,1
D:\08_Dataset\Internal\mar2020\pickle_files\4bc9621fbff67b2ba136f9eaffa3c42df24de8e8.pkl,1
D:\08_Dataset\Internal\mar2020\pickle_files\32bb2344166611f8be4288919b6fb7936a36a813.pkl,1
D:\08_Dataset\Internal\mar2020\pickle_files\b57a8eca8de82e37c533bd4380c6c0c59bb4195a.pkl,1
D:\08_Dataset\Internal\mar2020\pickle_files\f93b60f43518f3f14e63502f40dc97d97aef5bd5.pkl,1
D:\08_Dataset\Internal\mar2020\pickle_files\f2ba19b78560923d9f055b17e448cccaade9cde5.pkl,1
D:\08_Dataset\Internal\mar2020\pickle_files\a055e43dfd05575337b9c372ea117665714b605a.pkl,1
D:\08_Dataset\Internal\mar2020\pickle_files\36de9ea63c7fcf58ba0a414bf4fdee72592c20ef.pkl,1
D:\08_Dataset\Internal\mar2020\pickle_files\1d35d3aa7625b36eb92d16e92468675bfc2fc2bd.pkl,1
D:\08_Dataset\Internal\mar2020\pickle_files\3e29206d5aa0ae6461aedcc5756daa4a13870817.pkl,1
D:\08_Dataset\Internal\mar2020\pickle_files\cd0d130a016797925bfcdcbd91fd1464fa57626c.pkl,1
D:\08_Dataset\Internal\mar2020\pickle_files\6493bb7decbb6142d9ddb041af0dd385de1d3756.pkl,1
D:\08_Dataset\Internal\mar2020\pickle_files\26cfbef65df859bfdf9286a9fb7ede0b310a0c37.pkl,1
D:\08_Dataset\Internal\mar2020\pickle_files\d43b5125e039262e66c6979ff5e85737c302b1cb.pkl,1
D:\08_Dataset\Internal\mar2020\pickle_files\f3e15a46f43accec01da8f89b48b00209f41c8a3.pkl,1
D:\08_Dataset\Internal\mar2020\pickle_files\e31b2b41d7a2848920c0cf09a24a4a8d8ffb36e4.pkl,1
D:\08_Dataset\Internal\mar2020\pickle_files\411dbe93ee99d45d53acfb24e2072787b65e1f7c.pkl,1
D:\08_Dataset\Internal\mar2020\pickle_files\6a16a4a27a2be3f03326113b3384e4afe28b81ca.pkl,1
D:\08_Dataset\Internal\mar2020\pickle_files\aa8202bf590aa124f4da074db364e5b6fb15ce63.pkl,1
D:\08_Dataset\Internal\mar2020\pickle_files\b9b08aab3e973f58c02e1b6b75550f4b6f7245ac.pkl,1
D:\08_Dataset\Internal\mar2020\pickle_files\02c02c1fab5244289dc5ead19b7fa165f56248d9.pkl,1
D:\08_Dataset\Internal\mar2020\pickle_files\b563d567f66abcf5772affb7806f2546f2841c9a.pkl,1
D:\08_Dataset\Internal\mar2020\pickle_files\1bdbd865145ce71a5b7e6da6d4c816faa24115d5.pkl,1
D:\08_Dataset\Internal\mar2020\pickle_files\8380019c0c917f37e532dfa97cfe31cae00911e5.pkl,1
D:\08_Dataset\Internal\mar2020\pickle_files\12591fbd8e5c5e1ecbd4a7f583dd693e5c929abe.pkl,1
D:\08_Dataset\Internal\mar2020\pickle_files\30c10122052d9d0eb22186146ed6c02f6a868f45.pkl,1
D:\08_Dataset\Internal\mar2020\pickle_files\fffbc1c514e7e27cdc7229e422e02049378c40d6.pkl,1
D:\08_Dataset\Internal\mar2020\pickle_files\e869a1785735096d47380b91bb61154d98109606.pkl,1
D:\08_Dataset\Internal\mar2020\pickle_files\3ce4f24c99642ffb610390df0b0fdf7b52adda8b.pkl,1
D:\08_Dataset\Internal\mar2020\pickle_files\a1da5b5e4a482c9812f36108effb36338ab2ac09.pkl,1
D:\08_Dataset\Internal\mar2020\pickle_files\f9a49ea1b4d53896084cb29cfc30e802e7ad2536.pkl,1
D:\08_Dataset\Internal\mar2020\pickle_files\589e0859f922b9f672b4f36dc7f6d7b4eb9dc862.pkl,1
D:\08_Dataset\Internal\mar2020\pickle_files\6d6a5121c17d3cd380203a50ef572c119ddecff3.pkl,1
D:\08_Dataset\Internal\mar2020\pickle_files\9d716a9c31e8ec4ea64f8a7548f3439ac9f9e579.pkl,1
D:\08_Dataset\Internal\mar2020\pickle_files\21c14800d7c10d80a321606ff76a6f192b2b7416.pkl,1
D:\08_Dataset\Internal\mar2020\pickle_files\2c5d2fa12240dc74295d9e4cf1f2bcd2cf7f45d7.pkl,1
D:\08_Dataset\Internal\mar2020\pickle_files\a62abc2456672cd6d394cae3b3f04097b3d3de02.pkl,1
D:\08_Dataset\Internal\mar2020\pickle_files\1f6c08e1926af2b9d474512ae45b42fa734b6e86.pkl,1
D:\08_Dataset\Internal\mar2020\pickle_files\1c0dd521ae34fc9027760903b9577208e95a3a2d.pkl,1
D:\08_Dataset\Internal\mar2020\pickle_files\b333ff7db70b6ff7a44101671f3fe6f503145f62.pkl,1
D:\08_Dataset\Internal\mar2020\pickle_files\dbd149fea86b1c7dfaa3cd084233a71b814fac0e.pkl,1
D:\08_Dataset\Internal\mar2020\pickle_files\92b2d37a9b9c47bcaee2783beaf2c0d4d1c80f17.pkl,1
D:\08_Dataset\Internal\mar2020\pickle_files\ee49fd2c6d9a12fb36f69044d052a7120267b839.pkl,1
D:\08_Dataset\Internal\mar2020\pickle_files\92eee8d9f4c2253301830ce2c855511d0d6df902.pkl,1
D:\08_Dataset\Internal\mar2020\pickle_files\2b726ede9e391c8044a98ccd82c3fa9ddfd96969.pkl,1
D:\08_Dataset\Internal\mar2020\pickle_files\e5860dafc2a63f3aa81e13c141b60d960eb6c359.pkl,1
D:\08_Dataset\Internal\mar2020\pickle_files\f639491b285bed4536b9b95eaeba093f7cf20a6a.pkl,1
D:\08_Dataset\Internal\mar2020\pickle_files\7096f736e2916e69345425ca888ee9dbe20f235a.pkl,1
D:\08_Dataset\Internal\mar2020\pickle_files\5bca440db61c0a96a8aae40bbb6a9c0412619c0b.pkl,1
D:\08_Dataset\Internal\mar2020\pickle_files\7ca219a6e82ff97e68112e34b918f18039b97e4f.pkl,1
D:\08_Dataset\Internal\mar2020\pickle_files\8314aaa0c33af96f82e44a261bdcb9f8aa1f5c02.pkl,1
D:\08_Dataset\Internal\mar2020\pickle_files\746065feaf9fc0102dad44de9ec219c6927ab498.pkl,1
D:\08_Dataset\Internal\mar2020\pickle_files\f77f2cabf1d7592725bdb3365438c3f16555d8e6.pkl,1
D:\08_Dataset\Internal\mar2020\pickle_files\af38172d6488e54180e69d8d836db319cced0e62.pkl,1
D:\08_Dataset\Internal\mar2020\pickle_files\7d813cd00073234f99203b6da81c2641e4191f18.pkl,1
D:\08_Dataset\Internal\mar2020\pickle_files\65e9e34351bdfc25a4c68efed9d0c71eeb0d5eaf.pkl,1
D:\08_Dataset\Internal\mar2020\pickle_files\3113b41ab10957487d892193993d128a8bb95785.pkl,1
D:\08_Dataset\Internal\mar2020\pickle_files\f6655438020ab0bb0366c543b1716706afede54c.pkl,1
D:\08_Dataset\Internal\mar2020\pickle_files\6a7ce8be84a3db334296bfecfd54d99ba84521fd.pkl,1
D:\08_Dataset\Internal\mar2020\pickle_files\47b12d9c6593184faca00231b094a88d07b0aec7.pkl,1
D:\08_Dataset\Internal\mar2020\pickle_files\35aad54ed5721d277ae089e162ca425ad295356b.pkl,1
D:\08_Dataset\Internal\mar2020\pickle_files\1d79e78a5c86f116c5249d669b7083f1f4d35649.pkl,1
D:\08_Dataset\Internal\mar2020\pickle_files\34c025aba3cd0163fbcce404030115103a6044c1.pkl,1
D:\08_Dataset\Internal\mar2020\pickle_files\b0d46806bf5f65c5745c945aac878737e84e5a3a.pkl,1
D:\08_Dataset\Internal\mar2020\pickle_files\2c801e56cdf600b7e5a2ce853c473795baf8ca9f.pkl,1
D:\08_Dataset\Internal\mar2020\pickle_files\fa3c4a05ea676a5a234c7f5b465dd35d05af664f.pkl,1
D:\08_Dataset\Internal\mar2020\pickle_files\159a6c9d698df7cf5e9c57bf98e67e05d6513313.pkl,1
D:\08_Dataset\Internal\mar2020\pickle_files\c6447c4dd97a2aebe837af63c41220ee4477a771.pkl,1
D:\08_Dataset\Internal\mar2020\pickle_files\a8c5c66e3314b9778a5d12a19c376bfe46ef9c59.pkl,1
D:\08_Dataset\Internal\mar2020\pickle_files\6c3356e87ab076233320e129cc04e3dbef60e9d6.pkl,1
D:\08_Dataset\Internal\mar2020\pickle_files\802afecd397bec7c1ac9e03f0936dc09b3f829cf.pkl,1
D:\08_Dataset\Internal\mar2020\pickle_files\979cc2c4d1b860171bf1f73b159093d465409655.pkl,1
D:\08_Dataset\Internal\mar2020\pickle_files\2ff6b1a1486db3cd2bcf12dbc4f2ae51ac86115f.pkl,1
D:\08_Dataset\Internal\mar2020\pickle_files\bddd0f9812feff00435b40facb76110370f62492.pkl,1
D:\08_Dataset\Internal\mar2020\pickle_files\eeeb8b07f2fc23b10533c5f1e798f5dbb3fc949d.pkl,1
D:\08_Dataset\Internal\mar2020\pickle_files\23500e54f9f3b2ab7394d0c949a1037f33d1f28c.pkl,1
D:\08_Dataset\Internal\mar2020\pickle_files\d23718dd6416dfb7309f3351f13cb824ab82e637.pkl,1
D:\08_Dataset\Internal\mar2020\pickle_files\857215cec24893f2091a64baf9470d88463d83f7.pkl,1
D:\08_Dataset\Internal\mar2020\pickle_files\6def07a17a7f88008f15ef927631f70f6b0fc9cb.pkl,1
D:\08_Dataset\Internal\mar2020\pickle_files\9bf1e75befb2ee56916ba903204f535c41b4061f.pkl,1
D:\08_Dataset\Internal\mar2020\pickle_files\5bda36d5b351f5ed021951d8580f115035f15f0a.pkl,1
D:\08_Dataset\Internal\mar2020\pickle_files\77923a23cba737d55febf35e79268e91045bbc28.pkl,1
D:\08_Dataset\Internal\mar2020\pickle_files\08079fa69c829da509bd683637c646978f619f03.pkl,1
D:\08_Dataset\Internal\mar2020\pickle_files\85daf468f0702ff5891d4cbd8e79c8f22ad365ec.pkl,1
D:\08_Dataset\Internal\mar2020\pickle_files\391eb80e88793f77dc330904055ebb7544d589f6.pkl,1
D:\08_Dataset\Internal\mar2020\pickle_files\a0c866c8d38a0709636809ccb81490acfadb3a5b.pkl,1
D:\08_Dataset\Internal\mar2020\pickle_files\c98afd68e2c638ca5de053bfb033ba48c027cf49.pkl,1
D:\08_Dataset\Internal\mar2020\pickle_files\6544786439450130640b5367c179fca67b590712.pkl,1
D:\08_Dataset\Internal\mar2020\pickle_files\bd45dbbf6aa4fbfef07b14d2afbe0137263587d6.pkl,1
D:\08_Dataset\Internal\mar2020\pickle_files\c43e782434b0962ea051a6049e34cfdc0128bb9f.pkl,1
D:\08_Dataset\Internal\mar2020\pickle_files\3f42887700bb9d82d95acba845f51e17151bf361.pkl,1
D:\08_Dataset\Internal\mar2020\pickle_files\99c16dc120d827b938ba432e7ec9ce576a7e535f.pkl,1
D:\08_Dataset\Internal\mar2020\pickle_files\5dfe72d5df5c1e1a241f4ac5a18e7906a2868e58.pkl,1
D:\08_Dataset\Internal\mar2020\pickle_files\035875be0b985d7056b97be9efdf9ec4ae32cac8.pkl,1
D:\08_Dataset\Internal\mar2020\pickle_files\3a4ab058730848f4c6000d1c919c6d42af377be4.pkl,1
D:\08_Dataset\Internal\mar2020\pickle_files\d6381ccbef0d62824b3f1217e26305efbc29cc56.pkl,1
D:\08_Dataset\Internal\mar2020\pickle_files\fdef2ec008ec67981d28ed43b8aeebfb76a352b9.pkl,1
D:\08_Dataset\Internal\mar2020\pickle_files\0621f8eee910a4d4e381720e07c551967fd5a924.pkl,1
D:\08_Dataset\Internal\mar2020\pickle_files\ab28b9a0fa4fb1f68be961102708aee2d8c1bd0e.pkl,1
D:\08_Dataset\Internal\mar2020\pickle_files\a8bbd06449d33f0f31b1da6f1a17408f61de32e1.pkl,1
D:\08_Dataset\Internal\mar2020\pickle_files\60bb8277d55c8465f433ac38f359a84ec564b226.pkl,1
D:\08_Dataset\Internal\mar2020\pickle_files\23ef6ba63df72f38cfb52de5640ff20e40e5cc65.pkl,1
D:\08_Dataset\Internal\mar2020\pickle_files\1f4c4094b5650cbcd1fba50fd41c3d920760e310.pkl,1
D:\08_Dataset\Internal\mar2020\pickle_files\03cd40e8548489d7210ae81a37496983b65f1762.pkl,1
D:\08_Dataset\Internal\mar2020\pickle_files\238f8a2aea782aa8db077c56e8ab851316323549.pkl,1
D:\08_Dataset\Internal\mar2020\pickle_files\dfc5caba8af0b9702c3635ada53a8573d954ca90.pkl,1
D:\08_Dataset\Internal\mar2020\pickle_files\cb00c83f3e0b07ce77fa06591c745b5a5f1e3605.pkl,1
D:\08_Dataset\Internal\mar2020\pickle_files\40fb8bdf107ce1b5c371fbc6a2ba6e0ca40421c1.pkl,1
D:\08_Dataset\Internal\mar2020\pickle_files\1ea3bb2335e098f6ab6e0ef5123137cb0f91fbc2.pkl,1
D:\08_Dataset\Internal\mar2020\pickle_files\eb9689e64f983469e1d955f6fde73288e8cf5b68.pkl,1
D:\08_Dataset\Internal\mar2020\pickle_files\84b7c65b2abe57a535c0ba83ec1c968a3131811d.pkl,1
D:\08_Dataset\Internal\mar2020\pickle_files\cf024cf3a1326aea58a53608d4103d9a688dec53.pkl,1
D:\08_Dataset\Internal\mar2020\pickle_files\06123d3aaa2ea2898de95210735697e6bf1a9162.pkl,1
D:\08_Dataset\Internal\mar2020\pickle_files\43066748c50dae186c2dba765166bb6778879cfb.pkl,1
D:\08_Dataset\Internal\mar2020\pickle_files\46d43508921c8e27f17c944ee67cd7b768046a88.pkl,1
D:\08_Dataset\Internal\mar2020\pickle_files\d1e9c40f509e92d6bc9879da2c17b679d31a8663.pkl,1
D:\08_Dataset\Internal\mar2020\pickle_files\357e62e487a2d06c42c7310a719dccc815a77481.pkl,1
D:\08_Dataset\Internal\mar2020\pickle_files\01bf591a15a6641b5ae8352ec147fdaf4498e3c8.pkl,1
D:\08_Dataset\Internal\mar2020\pickle_files\2f6236eaab68ecced2a4fcf4b33e251bb20a937a.pkl,1
D:\08_Dataset\Internal\mar2020\pickle_files\06724f1443a7660b0397198b40a56b15cc8b70d1.pkl,1
D:\08_Dataset\Internal\mar2020\pickle_files\34711bb5ed10905ed3d2e9a8f841a07bdba391ea.pkl,1
D:\08_Dataset\Internal\mar2020\pickle_files\4dfaf76f01f6f6d465700251047b674b871d2a50.pkl,1
D:\08_Dataset\Internal\mar2020\pickle_files\70fc9e6b7d5dc30f0fae4cefa5d598fed995ad47.pkl,1
D:\08_Dataset\Internal\mar2020\pickle_files\b76d09624a835f4dbf295449f065bb8838903f77.pkl,1
D:\08_Dataset\Internal\mar2020\pickle_files\d53004f31e76ac4b7f1f08d9f6418959a065782c.pkl,1
D:\08_Dataset\Internal\mar2020\pickle_files\7cdf44ff29abd27ca5b653462ef1bd02f2b15ef8.pkl,1
D:\08_Dataset\Internal\mar2020\pickle_files\ef1f8e91da9877bf76d20ca6c9ab78dc162cf290.pkl,1
D:\08_Dataset\Internal\mar2020\pickle_files\58fbdbeb312404f618731e9f744fff49e203678b.pkl,1
D:\08_Dataset\Internal\mar2020\pickle_files\12f2b67b5f77c9ece697933b71616aade319f90e.pkl,1
D:\08_Dataset\Internal\mar2020\pickle_files\c12c7dcd68fc0ef578bd14edf8146a084de24004.pkl,1
D:\08_Dataset\Internal\mar2020\pickle_files\215bca8ec721efa31a52d536237e460624188de6.pkl,1
D:\08_Dataset\Internal\mar2020\pickle_files\f0bea69571ab349442db60f59a3071eac13b632e.pkl,1
D:\08_Dataset\Internal\mar2020\pickle_files\639ee1fe25553a75c14d16b18984583f53cde04f.pkl,1
D:\08_Dataset\Internal\mar2020\pickle_files\979800797894f54dafa1e7a31fc3e6ad8a1deeb0.pkl,1
D:\08_Dataset\Internal\mar2020\pickle_files\9b1de5f160ea7a89ebd3e25657635140d661b9a9.pkl,1
D:\08_Dataset\Internal\mar2020\pickle_files\4a719476cfcc1f4bf1fad4e91c5b09f7f030a9a1.pkl,1
D:\08_Dataset\Internal\mar2020\pickle_files\0a9b31c6da95924a016692a63121d6d738395d13.pkl,1
D:\08_Dataset\Internal\mar2020\pickle_files\c9869a102bfc68b583796a8b227c9afc24ff95b2.pkl,1
D:\08_Dataset\Internal\mar2020\pickle_files\471ebcddb3de630ecbe0748a9d3c3eafd7750066.pkl,1
D:\08_Dataset\Internal\mar2020\pickle_files\72f0345727ede115feb4607cbd6c6566c25f999b.pkl,1
D:\08_Dataset\Internal\mar2020\pickle_files\91758b05009b76006708236cfd47715acd31dfbf.pkl,1
D:\08_Dataset\Internal\mar2020\pickle_files\501ae967f4c2ebfac273df34e33a67ae7644192f.pkl,1
D:\08_Dataset\Internal\mar2020\pickle_files\28bf45b52cdde9af4c3cbbe2709e5b26b8338528.pkl,1
D:\08_Dataset\Internal\mar2020\pickle_files\c8353abc63226af212296230ec4076b3c637bcde.pkl,1
D:\08_Dataset\Internal\mar2020\pickle_files\4adeffda7610fbebde4969437ff7084672f0e363.pkl,1
D:\08_Dataset\Internal\mar2020\pickle_files\3c153c48eb965be0af6b01141bf750d464b7ae02.pkl,1
D:\08_Dataset\Internal\mar2020\pickle_files\5665e8fda5db0ca9d65c8d7d43aaa595fbb1095b.pkl,1
D:\08_Dataset\Internal\mar2020\pickle_files\287bad71cebf6bfa9ac288bec92e33f7c4c4aa3f.pkl,1
D:\08_Dataset\Internal\mar2020\pickle_files\3aea471900873e2b92708be0fd6ad4c4218a6ab0.pkl,1
D:\08_Dataset\Internal\mar2020\pickle_files\1fbce3a1c72db47777e6f9ca5180f00a2bf78ec3.pkl,1
D:\08_Dataset\Internal\mar2020\pickle_files\03fbea7e86cb1c1f62e9c9ad0ba8233435ff4fb5.pkl,1
D:\08_Dataset\Internal\mar2020\pickle_files\292a39f706eec5503a1531433966787a453a26bd.pkl,1
D:\08_Dataset\Internal\mar2020\pickle_files\62faf1655c6228891000c015401d87419ae1c1e0.pkl,1
D:\08_Dataset\Internal\mar2020\pickle_files\d3e39b77523dfc1126aaf05aa9dc079d909fe074.pkl,1
D:\08_Dataset\Internal\mar2020\pickle_files\fcd7cd635b65e5d530c7bcf24fd7561d7323f887.pkl,1
D:\08_Dataset\Internal\mar2020\pickle_files\19a3a8a9ae989d8987acce93691fd7b2c93ba3a4.pkl,1
D:\08_Dataset\Internal\mar2020\pickle_files\fa6a59011d71f0b04e025762dc41083cf3090c20.pkl,1
D:\08_Dataset\Internal\mar2020\pickle_files\0f5db807e9804bb33096d24be33a494392971d49.pkl,1
D:\08_Dataset\Internal\mar2020\pickle_files\e6903d2c5cd7c010aa3e492d802f0b17e83daf90.pkl,1
D:\08_Dataset\Internal\mar2020\pickle_files\ecf1647f9ec06ddf285e6ef32e42c20a01196fff.pkl,1
D:\08_Dataset\Internal\mar2020\pickle_files\97ceb5efabae3d1841d715de99de68a9109d0bb3.pkl,1
D:\08_Dataset\Internal\mar2020\pickle_files\e6afba6cede67f86db9ccb8d1b827535e206be04.pkl,1
D:\08_Dataset\Internal\mar2020\pickle_files\98891a2ff38df4811a28acf641149bb5cdae3d50.pkl,1
D:\08_Dataset\Internal\mar2020\pickle_files\5c00ac9af7d07b850498f5fa3f66c6cc6e0282cf.pkl,1
D:\08_Dataset\Internal\mar2020\pickle_files\24007f42ce7145909970f38bf1616b98ca377063.pkl,1
D:\08_Dataset\Internal\mar2020\pickle_files\d1d261813ec66e7f5f13bae262bb29496782b044.pkl,1
D:\08_Dataset\Internal\mar2020\pickle_files\8b38030b23932a14f8b1a9762a4cc1ad7df96dde.pkl,1
D:\08_Dataset\Internal\mar2020\pickle_files\75196a61a30dc138e500cfd1f06a8c779530c544.pkl,1
D:\08_Dataset\Internal\mar2020\pickle_files\ee319e7f2415d4d7a538ece1ada5342a2cc58f2a.pkl,1
D:\08_Dataset\Internal\mar2020\pickle_files\fade763bcd1d753cd70591b137e32baac20c731c.pkl,1
D:\08_Dataset\Internal\mar2020\pickle_files\1b54cadd284a81cd8de57b70ea9d5481788248c7.pkl,1
D:\08_Dataset\Internal\mar2020\pickle_files\2884e90192fdbb066d1d0037e3bcad25defa0e5c.pkl,1
D:\08_Dataset\Internal\mar2020\pickle_files\da2496f1f92d7c9124c588c83bc077cba499705d.pkl,1
D:\08_Dataset\Internal\mar2020\pickle_files\b5c4415ab7e2814e75b6ff33f7a2c00582248b87.pkl,1
D:\08_Dataset\Internal\mar2020\pickle_files\3eded55086878c07607ba439244de269ec4cf4dc.pkl,1
D:\08_Dataset\Internal\mar2020\pickle_files\17fc635fc02b1c9c094cf06494eeefb4687b4d7c.pkl,1
D:\08_Dataset\Internal\mar2020\pickle_files\f8c3e719f92f2016bd730aac530deb0eab6874be.pkl,1
D:\08_Dataset\Internal\mar2020\pickle_files\3ba4ae6a49f8556e11cb46692697c363a19eaf8f.pkl,1
D:\08_Dataset\Internal\mar2020\pickle_files\f7e2fc4d00c052f8df33d13857ef6788d31167f7.pkl,1
D:\08_Dataset\Internal\mar2020\pickle_files\0a22cf357460933f0ce013e5e958b1804a672a9d.pkl,1
D:\08_Dataset\Internal\mar2020\pickle_files\a0b10cb7503dd7922607c2adc2ea3fed20528093.pkl,1
D:\08_Dataset\Internal\mar2020\pickle_files\1332b526b5f1e67f202e739f4cb327fa83fc7846.pkl,1
D:\08_Dataset\Internal\mar2020\pickle_files\0aed8c0e4622a4c11eb972c7d11caaffa5ab6a9d.pkl,1
D:\08_Dataset\Internal\mar2020\pickle_files\f68552dfff1a7e77cc477c9450e1efa75a9ad436.pkl,1
D:\08_Dataset\Internal\mar2020\pickle_files\3ce803e578a0e0b2dcff2e17841a9863caad46b5.pkl,1
D:\08_Dataset\Internal\mar2020\pickle_files\293a5c5c747bdf64fa0a4c4d2f7db345df32f3d2.pkl,1
D:\08_Dataset\Internal\mar2020\pickle_files\684f5706bee178f1179074153e5a69bea9a0bf2a.pkl,1
D:\08_Dataset\Internal\mar2020\pickle_files\ea76bcb6fc1a7a2368911ed1d523b9ec41a3ab15.pkl,1
D:\08_Dataset\Internal\mar2020\pickle_files\acbff87cc94fd9ca55de06fac88f0cddd6e22911.pkl,1
D:\08_Dataset\Internal\mar2020\pickle_files\cb4037c9e2f11c8726f425ea3fc0db802580a7a8.pkl,1
D:\08_Dataset\Internal\mar2020\pickle_files\1c3dee30ede18e8a56db53d1477ad80b450687ee.pkl,1
D:\08_Dataset\Internal\mar2020\pickle_files\3f71f6f16e935c750c9d26e08b9d4bd20cfa89b9.pkl,1
D:\08_Dataset\Internal\mar2020\pickle_files\9b6c5acc30f6d652418ca6f57f42934cd6f867d9.pkl,1
D:\08_Dataset\Internal\mar2020\pickle_files\5b3924de05e3e4d7681838a4c18a5e9dba15718f.pkl,1
D:\08_Dataset\Internal\mar2020\pickle_files\11c971919aa91957b45bc526f21d3b1c7fadc19e.pkl,1
D:\08_Dataset\Internal\mar2020\pickle_files\619724b57b1286f9daca681c22b5a0e1a5b5ef14.pkl,1
D:\08_Dataset\Internal\mar2020\pickle_files\6a31f6d6ad1364b1d8a27913864bbd2572ed6b6d.pkl,1
D:\08_Dataset\Internal\mar2020\pickle_files\3e368e877b69df04753228653c9fe16546852477.pkl,1
D:\08_Dataset\Internal\mar2020\pickle_files\43b1ea06e49c3adf1ccd612347647ec07286ab79.pkl,1
D:\08_Dataset\Internal\mar2020\pickle_files\7d1184a833b27ed99226756fdd1d482d0f4cf8fa.pkl,1
D:\08_Dataset\Internal\mar2020\pickle_files\0b1ed9ba104012f5c9250535ae5a8d8f42a45a28.pkl,1
D:\08_Dataset\Internal\mar2020\pickle_files\a086668e620d5c786924929da7b593c44a1e4364.pkl,1
D:\08_Dataset\Internal\mar2020\pickle_files\5256934a1f4e30b7d47ed74e74d4b1d9bf429cd8.pkl,1
D:\08_Dataset\Internal\mar2020\pickle_files\927fe442fd96a1d5ee47bf3893d906a077be6269.pkl,1
D:\08_Dataset\Internal\mar2020\pickle_files\3b1079ac8eca486de5411e8271de2154601e7d65.pkl,1
D:\08_Dataset\Internal\mar2020\pickle_files\6458e46b5bdcacc0efad1326f1aea58003bb7fcd.pkl,1
D:\08_Dataset\Internal\mar2020\pickle_files\17d67cd93708160a66fe09962ba8ccaeea4043de.pkl,1
D:\08_Dataset\Internal\mar2020\pickle_files\67dfae4859a1fbfc5971e1350bf66c06acdbc7fa.pkl,1
D:\08_Dataset\Internal\mar2020\pickle_files\1fe3f62dca1669a7c04f9966306695d710cecb9e.pkl,1
D:\08_Dataset\Internal\mar2020\pickle_files\485bbee578f25362650741ae6914f56facab84c4.pkl,1
D:\08_Dataset\Internal\mar2020\pickle_files\dd556a83914449f709b05b6e13b35605b414ff93.pkl,1
D:\08_Dataset\Internal\mar2020\pickle_files\1b5284231d5bec675e8d38fdecf8942756478456.pkl,1
D:\08_Dataset\Internal\mar2020\pickle_files\e1fccb26479133f989f07b1d786c3f0f4e746309.pkl,1
D:\08_Dataset\Internal\mar2020\pickle_files\6c6df30183432956b638294060a37772e78ef60a.pkl,1
D:\08_Dataset\Internal\mar2020\pickle_files\09c12794da8e90ad8fe51f426165b8464a641a57.pkl,1
D:\08_Dataset\Internal\mar2020\pickle_files\d37ce220fec16db8cb43eab335ea6ede7bc774ee.pkl,1
D:\08_Dataset\Internal\mar2020\pickle_files\efa712799db5691ac775acb27ade286034d38b44.pkl,1
D:\08_Dataset\Internal\mar2020\pickle_files\f2535fd9dbcbbc979e5e855d8a45160745492aa6.pkl,1
D:\08_Dataset\Internal\mar2020\pickle_files\3f1639bf9c4e46113ce66d36e61f2714c67d5804.pkl,1
D:\08_Dataset\Internal\mar2020\pickle_files\c830b6a53aa7ec240daca0cc37b5af0cf316b28e.pkl,1
D:\08_Dataset\Internal\mar2020\pickle_files\d9aef52423492a65d89dbf5960535eed61bfb7d5.pkl,1
D:\08_Dataset\Internal\mar2020\pickle_files\7a7893232cf5dd9eb91720ab996414895df8497b.pkl,1
D:\08_Dataset\Internal\mar2020\pickle_files\f8f8c7ba66c927eae6d813921c88d9e9373b2115.pkl,1
D:\08_Dataset\Internal\mar2020\pickle_files\b7645c445745acab2857895004b8176279033d79.pkl,1
D:\08_Dataset\Internal\mar2020\pickle_files\8f92889cbb80e7b83013e31c0315804a6d56f89e.pkl,1
D:\08_Dataset\Internal\mar2020\pickle_files\d0c797b6a07adb2890f845e790596fc8d8258880.pkl,1
D:\08_Dataset\Internal\mar2020\pickle_files\b32f17fd0c245dd087c57f9397c527f205e0d8bb.pkl,1
D:\08_Dataset\Internal\mar2020\pickle_files\3055430c340f7ead3ef7e0680c6b838719f0faae.pkl,1
D:\08_Dataset\Internal\mar2020\pickle_files\1a208a40e66ee5dfdd205ac3207dd0c20a49b586.pkl,1
D:\08_Dataset\Internal\mar2020\pickle_files\ab18b198dcb941fe1efea2fdd0b2908368218588.pkl,1
D:\08_Dataset\Internal\mar2020\pickle_files\ce965ba820f82d7622028fab52f6170b527a7169.pkl,1
D:\08_Dataset\Internal\mar2020\pickle_files\09621a70daf5a1e931e85250407006f664214830.pkl,1
D:\08_Dataset\Internal\mar2020\pickle_files\d8d8043caf389ec09cadb6d234ec5534f6aa55b4.pkl,1
D:\08_Dataset\Internal\mar2020\pickle_files\b37916395aa0f9e71ca85bd2923b5cd17a8ed1f0.pkl,1
D:\08_Dataset\Internal\mar2020\pickle_files\8174e8213fe9dfd58d1bf8f55024da33473c9b99.pkl,1
D:\08_Dataset\Internal\mar2020\pickle_files\480e7b186c12a4ef9af5f019646589b1af787a58.pkl,1
D:\08_Dataset\Internal\mar2020\pickle_files\961da65aec5732e8eed5b378b8d6d66c84f2e039.pkl,1
D:\08_Dataset\Internal\mar2020\pickle_files\230152951c7db6a3b9f867b6284026786a8c8f5a.pkl,1
D:\08_Dataset\Internal\mar2020\pickle_files\edc8d87c756869f3bf003f90b859cc2e7b51866a.pkl,1
D:\08_Dataset\Internal\mar2020\pickle_files\195d0955feca095497a4bf2fee11fd3be8c344eb.pkl,1
D:\08_Dataset\Internal\mar2020\pickle_files\b4987ed47cc89f9886d4592c008ca835ed60841a.pkl,1
D:\08_Dataset\Internal\mar2020\pickle_files\49c6b38b2d3dcf14d9542277a5cd982e1fbe3871.pkl,1
D:\08_Dataset\Internal\mar2020\pickle_files\ca060cadfcfd0153921f8aef95d3ce5c3a7b36b7.pkl,1
D:\08_Dataset\Internal\mar2020\pickle_files\e87f6207a769bfc9901ac1346df272a58e4290be.pkl,1
D:\08_Dataset\Internal\mar2020\pickle_files\fb65a42092b440f0bade0f9a7c6a257fe3eea605.pkl,1
D:\08_Dataset\Internal\mar2020\pickle_files\6862da969d7d102ff4fa14ed9e11cf3302d7ad35.pkl,1
D:\08_Dataset\Internal\mar2020\pickle_files\6278b6c584fa1424ddfa6ebbfc9fe018d6d4fe59.pkl,1
D:\08_Dataset\Internal\mar2020\pickle_files\86db491619e8682e40be07046d0cc89aa9cd0fa5.pkl,1
D:\08_Dataset\Internal\mar2020\pickle_files\8fe49be40bef9072b63ebb437238604b55cf48c7.pkl,1
D:\08_Dataset\Internal\mar2020\pickle_files\f991fb618441702809f241d5d84910f67d923576.pkl,1
D:\08_Dataset\Internal\mar2020\pickle_files\2d4aca3c6624529f3e857ef985985ce123ff80f8.pkl,1
D:\08_Dataset\Internal\mar2020\pickle_files\b208a23230ac545de24ff4e35581136ea0b37bde.pkl,1
D:\08_Dataset\Internal\mar2020\pickle_files\fce11a6ed16430131db402ebcedc01857eeb4336.pkl,1
D:\08_Dataset\Internal\mar2020\pickle_files\03dd2fbe726fcbbc0cc5e43b03ca499fc0975d4b.pkl,1
D:\08_Dataset\Internal\mar2020\pickle_files\744ebf741dd03faad54187b3a455bf9fe9cd8a55.pkl,1
D:\08_Dataset\Internal\mar2020\pickle_files\c713f577fc099dc17cb63652b9a5ad612cce6e2e.pkl,1
D:\08_Dataset\Internal\mar2020\pickle_files\95d2c36ca2d62edfe181eb9de64bc73505ca6522.pkl,1
D:\08_Dataset\Internal\mar2020\pickle_files\66b8c4a00fd787c2c28c4c947bd8e646a8c591ea.pkl,1
D:\08_Dataset\Internal\mar2020\pickle_files\ead091f461ffc42535d8331745ff70e38e5ed4c3.pkl,1
D:\08_Dataset\Internal\mar2020\pickle_files\accf0f2b27437db8f1fa53c9b09592c0717ba01b.pkl,1
D:\08_Dataset\Internal\mar2020\pickle_files\dfc54ba277c5015b59ba2da551d2dd4dd30c335d.pkl,1
D:\08_Dataset\Internal\mar2020\pickle_files\72774944bb657d00beba796ee730fc9f52268ad6.pkl,1
D:\08_Dataset\Internal\mar2020\pickle_files\730d9c10b075a43540f581a3f587434a8b90e71a.pkl,1
D:\08_Dataset\Internal\mar2020\pickle_files\285b9cc27c6dba8e07c02f5561b1b630376c816a.pkl,1
D:\08_Dataset\Internal\mar2020\pickle_files\cbe6b16ef54f2ffb6bd66d2b7509f7551fceaf29.pkl,1
D:\08_Dataset\Internal\mar2020\pickle_files\7b81336e43d5ce13dcf3d192aec815b9ca159cb2.pkl,1
D:\08_Dataset\Internal\mar2020\pickle_files\564d5e3923773153f10dbac64851a8db383dd2da.pkl,1
D:\08_Dataset\Internal\mar2020\pickle_files\624d2a79ea2756f0167f9d3fc376e3ed309ff03b.pkl,1
D:\08_Dataset\Internal\mar2020\pickle_files\3af35de4c0bafa7344b2a4ae4dad4f718a42c4f0.pkl,1
D:\08_Dataset\Internal\mar2020\pickle_files\647f63b5f57f6661c399d9611254e1445735d5c1.pkl,1
D:\08_Dataset\Internal\mar2020\pickle_files\b4066220cd6ec38f4e7ee398130b6923d2e48d4d.pkl,1
D:\08_Dataset\Internal\mar2020\pickle_files\18697c766605a838141c274a649d0c640b9f7ac4.pkl,1
D:\08_Dataset\Internal\mar2020\pickle_files\e82a3174ddb2a36eb99f18264be3b0f639a7529d.pkl,1
D:\08_Dataset\Internal\mar2020\pickle_files\fea85132b5a516a45294c8c42712d81f0fc658ac.pkl,1
D:\08_Dataset\Internal\mar2020\pickle_files\03e9c1b45f77159dc9ce2c6181534c3f92cdfafe.pkl,1
D:\08_Dataset\Internal\mar2020\pickle_files\a1e7fc74d4459f75dfbe1c28d8ad10318c178daf.pkl,1
D:\08_Dataset\Internal\mar2020\pickle_files\a642be42fed8785b829997a4bff6314a5d88e9b1.pkl,1
D:\08_Dataset\Internal\mar2020\pickle_files\c99a90add30b9323070bd61e0ad10fd2f944c4c8.pkl,1
D:\08_Dataset\Internal\mar2020\pickle_files\11c74f0d1e4753fa75f00febc37585175131013c.pkl,1
D:\08_Dataset\Internal\mar2020\pickle_files\db32c547a006f1bf3bc86d9784e95b139a6df347.pkl,1
D:\08_Dataset\Internal\mar2020\pickle_files\809272a8361eb2662999fdd6dd6a2831173ac264.pkl,1
D:\08_Dataset\Internal\mar2020\pickle_files\fb59634300ae7811929deba4e6789f9b9da12b2a.pkl,1
D:\08_Dataset\Internal\mar2020\pickle_files\e57c90e97dde3a017de2a90d2d9890e49ab9fe41.pkl,1
D:\08_Dataset\Internal\mar2020\pickle_files\ba8dc5e4d5a49ce314d64577986a9deb8ef8a862.pkl,1
D:\08_Dataset\Internal\mar2020\pickle_files\6d44f618073e016053ceac06c8e3a991b9efc533.pkl,1
D:\08_Dataset\Internal\mar2020\pickle_files\e509226b9d7c4d7e76df97999b8d157f6a9e7268.pkl,1
D:\08_Dataset\Internal\mar2020\pickle_files\4f0778a43f26de37db49a59492173bbb5133653f.pkl,1
D:\08_Dataset\Internal\mar2020\pickle_files\c119b797223c77524a25f5e25c5556dddf23756c.pkl,1
D:\08_Dataset\Internal\mar2020\pickle_files\9990e54fe1dab24fb00632259bfe4cd958760d98.pkl,1
D:\08_Dataset\Internal\mar2020\pickle_files\0f10ddaac7b0a8e3128f4a130ff6f00dd012c11c.pkl,1
D:\08_Dataset\Internal\mar2020\pickle_files\3d518ce2af05eeb08cd132b4d710e8ac08008c8f.pkl,1
D:\08_Dataset\Internal\mar2020\pickle_files\d348ec90e7e669af3d7b98b720dca04e43b2ccfb.pkl,1
D:\08_Dataset\Internal\mar2020\pickle_files\0055770aa1fde2611a11eb686e191926b08b4782.pkl,1
D:\08_Dataset\Internal\mar2020\pickle_files\4d693a5a6a57024cb482f3e04a495050bdf0d32c.pkl,1
D:\08_Dataset\Internal\mar2020\pickle_files\0294f8077fdc5e94eb5088bfd0cb5581d5280d1a.pkl,1
D:\08_Dataset\Internal\mar2020\pickle_files\8a2677431308a24c26ad3a517a9d44a5d4643ddc.pkl,1
D:\08_Dataset\Internal\mar2020\pickle_files\c8c8afc3578f506fd9c04e75603aa364a720524f.pkl,1
D:\08_Dataset\Internal\mar2020\pickle_files\cc012acf0ad5315bd1620c0043a5ad7823ba1c09.pkl,1
D:\08_Dataset\Internal\mar2020\pickle_files\e48205baab6ab2c0f1ad63c29761c7b0d3523f1a.pkl,1
D:\08_Dataset\Internal\mar2020\pickle_files\3a92477ebcee51ad7882b2fda181d898104b59b8.pkl,1
D:\08_Dataset\Internal\mar2020\pickle_files\8c5dd8dfb0a7462baeb5e16e4baf8a34e356a08d.pkl,1
D:\08_Dataset\Internal\mar2020\pickle_files\3f854f9bf23c0da61c60db06a9d4065e325e7fa7.pkl,1
D:\08_Dataset\Internal\mar2020\pickle_files\ab36141f7303a18c88b25e6f92cd5d0bd1efc68e.pkl,1
D:\08_Dataset\Internal\mar2020\pickle_files\54e32fb04b22aef573d885833c709c47ce7aa395.pkl,1
D:\08_Dataset\Internal\mar2020\pickle_files\0ec080260df6a51012e1b9f6b8ad54b0166cc230.pkl,1
D:\08_Dataset\Internal\mar2020\pickle_files\f5691bfc275210430c45bc6f55a411bce91af078.pkl,1
D:\08_Dataset\Internal\mar2020\pickle_files\d5addbff6866bf07677313c02d4ea130d95fe95e.pkl,1
D:\08_Dataset\Internal\mar2020\pickle_files\f219d96ef340fd72b62b0bbbe0f4ce79e82cc0f3.pkl,1
D:\08_Dataset\Internal\mar2020\pickle_files\6fee1f2af8a3289cbf13ec7227978203c206777b.pkl,1
D:\08_Dataset\Internal\mar2020\pickle_files\ade9e2922ff668e6cd46c9c27ac8251a8da84808.pkl,1
D:\08_Dataset\Internal\mar2020\pickle_files\617d82e6c5a668f059befcb543684513cb33e38f.pkl,1
D:\08_Dataset\Internal\mar2020\pickle_files\bcfc91cf458ccc9d007b839c6a8b92ddea51fa5a.pkl,1
D:\08_Dataset\Internal\mar2020\pickle_files\a2ff27846e94600d9a3adca99383b0c301577b8f.pkl,1
D:\08_Dataset\Internal\mar2020\pickle_files\4aca76b67ac168f97b477239e0fcc383cb135be1.pkl,1
D:\08_Dataset\Internal\mar2020\pickle_files\add17d33d0cf261cbea6f752c23fd5766902040b.pkl,1
D:\08_Dataset\Internal\mar2020\pickle_files\0a1923dba96bf04426a191fb186eeef493bb6b88.pkl,1
D:\08_Dataset\Internal\mar2020\pickle_files\eab11f3902a69b4e25eaf9ec7048dd9a9bc3ba3c.pkl,1
D:\08_Dataset\Internal\mar2020\pickle_files\80429cb81c576a25f28acddfc53f32d492e9adb2.pkl,1
D:\08_Dataset\Internal\mar2020\pickle_files\8b62266acb19b1cb817877f744957030ac52b8d0.pkl,1
D:\08_Dataset\Internal\mar2020\pickle_files\4f7d83cf9a5165a55db6634d0df5dee1c3924dfe.pkl,1
D:\08_Dataset\Internal\mar2020\pickle_files\6c153edf809ca2ccd78adb50fce293693393664e.pkl,1
D:\08_Dataset\Internal\mar2020\pickle_files\9ea63bbe7244ac842a7a82e90e561cfb4481e35b.pkl,1
D:\08_Dataset\Internal\mar2020\pickle_files\d301ef1f5490cd450a9887a069d2a1061db1058d.pkl,1
D:\08_Dataset\Internal\mar2020\pickle_files\b02fd6725bc7c5c0b976969559cc03f433347e1b.pkl,1
D:\08_Dataset\Internal\mar2020\pickle_files\872eebcb54182da3bf78a682e1f81158d11fef0e.pkl,1
D:\08_Dataset\Internal\mar2020\pickle_files\e7b50cc09af296b44f2e6f825633761190d9ae18.pkl,1
D:\08_Dataset\Internal\mar2020\pickle_files\27bdf2f778fcae68e9bfbb87e0bd6a0bb4a40c5b.pkl,1
D:\08_Dataset\Internal\mar2020\pickle_files\f0fa3fcd426c8fd1ef36705a8b4e57170fe8b6e5.pkl,1
D:\08_Dataset\Internal\mar2020\pickle_files\4b23b154665af69c9debe49daa7be28cc8b87644.pkl,1
D:\08_Dataset\Internal\mar2020\pickle_files\b7c49122c86d76baec21a7cc49d133307b382f9b.pkl,1
D:\08_Dataset\Internal\mar2020\pickle_files\0e86716608aa18b1f86bc4369c3c665de17a7b8e.pkl,1
D:\08_Dataset\Internal\mar2020\pickle_files\539fba2e12ad9cbc018a94d273adc2926025c14e.pkl,1
D:\08_Dataset\Internal\mar2020\pickle_files\4de527901d900f6ee6a1110badef0ab2a169aacd.pkl,1
D:\08_Dataset\Internal\mar2020\pickle_files\67cae78b0f4f466acbbdf2bfe1c787b4b94dedb8.pkl,1
D:\08_Dataset\Internal\mar2020\pickle_files\80cd8bcc226444f50678753ebe5f0ccb56768df6.pkl,1
D:\08_Dataset\Internal\mar2020\pickle_files\ec83def671f0a69f2a2e30dc29a43368960ec5f9.pkl,1
D:\08_Dataset\Internal\mar2020\pickle_files\75418236e1a0b5f3eac594290be7dc1722982176.pkl,1
D:\08_Dataset\Internal\mar2020\pickle_files\601d66b5b7927e9be5b3a7377d614a9940863deb.pkl,1
D:\08_Dataset\Internal\mar2020\pickle_files\17ba348f6440076d1d8a33373f4ce4a01ccb36e8.pkl,1
D:\08_Dataset\Internal\mar2020\pickle_files\ca2652e17e5f2c3b3e7c4be6dbc0ef2674f552bc.pkl,1
D:\08_Dataset\Internal\mar2020\pickle_files\1bc261d5271af72174aa7d770a85876cd50f0c2d.pkl,1
D:\08_Dataset\Internal\mar2020\pickle_files\2a7ac8035d2809b2913adc3db2573fd470b7c254.pkl,1
D:\08_Dataset\Internal\mar2020\pickle_files\5a7b1fe699d5fade45bd682cf94c941c646cc9f8.pkl,1
D:\08_Dataset\Internal\mar2020\pickle_files\aa48e4c91c3fa79af5bad7d9232e63da9602db3e.pkl,1
D:\08_Dataset\Internal\mar2020\pickle_files\7de926133bce291271ee224f90d9278cdafa7759.pkl,1
D:\08_Dataset\Internal\mar2020\pickle_files\ade96087f6408c3896cf4e61456286319cfc6719.pkl,1
D:\08_Dataset\Internal\mar2020\pickle_files\57f9d6e5f1f5979585fe44b02dd92a30f459e482.pkl,1
D:\08_Dataset\Internal\mar2020\pickle_files\417f7426453abc9c778f689236be559cc869d2b5.pkl,1
D:\08_Dataset\Internal\mar2020\pickle_files\f6ce7063e41ce9244f57db15fbe1afd49328bad3.pkl,1
D:\08_Dataset\Internal\mar2020\pickle_files\4a7318453adbfe8089a365a430b18dea1363b4fa.pkl,1
D:\08_Dataset\Internal\mar2020\pickle_files\e0b326304df742ffb52065b4d1d887f89c6bb31e.pkl,1
D:\08_Dataset\Internal\mar2020\pickle_files\a8083f9c9623b53004bc74b94f80d8483f6801a2.pkl,1
D:\08_Dataset\Internal\mar2020\pickle_files\bb9f88411b370ccfb2708b93cc0d5c785c86592f.pkl,1
D:\08_Dataset\Internal\mar2020\pickle_files\d1a0a3d84664388929d0bc03b3b8c087242fc200.pkl,1
D:\08_Dataset\Internal\mar2020\pickle_files\20791960b8ed1c53e44a40af7ad10ee1eeed8ccb.pkl,1
D:\08_Dataset\Internal\mar2020\pickle_files\621a9972461babcb9efbbd37eb682408186edd68.pkl,1
D:\08_Dataset\Internal\mar2020\pickle_files\7fd09a49e41aaa1a04e77b68eea491c75b73269d.pkl,1
D:\08_Dataset\Internal\mar2020\pickle_files\2f224daf131577fd9f5ecd54a4b914620fae29b2.pkl,1
D:\08_Dataset\Internal\mar2020\pickle_files\01302526811f583e5217e0a4003524c7ed0e7edc.pkl,1
D:\08_Dataset\Internal\mar2020\pickle_files\78e0f61bec9974333903c46ca8dd2a429eb005b6.pkl,1
D:\08_Dataset\Internal\mar2020\pickle_files\0e022e29a2a4e8c7365dbd66d59440a776d421d4.pkl,1
D:\08_Dataset\Internal\mar2020\pickle_files\dacfe5b76013188a9bcef5a4064d648c3c6655d8.pkl,1
D:\08_Dataset\Internal\mar2020\pickle_files\5f415f8655ba9c142b7b42a49e1306858655ad48.pkl,1
D:\08_Dataset\Internal\mar2020\pickle_files\7959dd37f803dfd606ede597f92dab66e533a03a.pkl,1
D:\08_Dataset\Internal\mar2020\pickle_files\bc0a0900a61d5abe551fb9faee91d182bc015147.pkl,1
D:\08_Dataset\Internal\mar2020\pickle_files\aa18b87761942330228b70ef4f5ee365ab090db6.pkl,1
D:\08_Dataset\Internal\mar2020\pickle_files\b85f72281240b9ba7c47d8239c1bc66550926420.pkl,1
D:\08_Dataset\Internal\mar2020\pickle_files\39417082425c35520bf9fb8e2efd4df833e163fc.pkl,1
D:\08_Dataset\Internal\mar2020\pickle_files\6b928c383ef0470f2cce04b4df271b1ae8055abc.pkl,1
D:\08_Dataset\Internal\mar2020\pickle_files\91b7bd63b0e312109793b27b1bba42310084dc47.pkl,1
D:\08_Dataset\Internal\mar2020\pickle_files\1e06a6fe7f9a4f12d5994a8af4411b48caba46fc.pkl,1
D:\08_Dataset\Internal\mar2020\pickle_files\f0e13b92a675c68928ac55666cdb3ec394534015.pkl,1
D:\08_Dataset\Internal\mar2020\pickle_files\8ed571461d46d30b942d03fd7fa81a1d9aed8436.pkl,1
D:\08_Dataset\Internal\mar2020\pickle_files\a6c500a99e9cedc538ed25f203bfb2bbd8548ceb.pkl,1
D:\08_Dataset\Internal\mar2020\pickle_files\01675c2ddf0df8604c430d8f55956c86c3b0c218.pkl,1
D:\08_Dataset\Internal\mar2020\pickle_files\0c4861ae0f3997f315121c70f8483c67e78aedf5.pkl,1
D:\08_Dataset\Internal\mar2020\pickle_files\fccbea24a2927d62457ec4735580e2dc2f00ffcb.pkl,1
D:\08_Dataset\Internal\mar2020\pickle_files\919122cffc4d5e0bc9683953cbb4b369cdae516b.pkl,1
D:\08_Dataset\Internal\mar2020\pickle_files\a6a97bc305671cf77bc41a34972e62cfb859c565.pkl,1
D:\08_Dataset\Internal\mar2020\pickle_files\f3fed513f9194aa895b64202f978466323e5fcd5.pkl,1
D:\08_Dataset\Internal\mar2020\pickle_files\bfb698aa36aa95166c0e862cc2563754c5d6c071.pkl,1
D:\08_Dataset\Internal\mar2020\pickle_files\d45f017fde7da9da515cfce751dd73f571f6b374.pkl,1
D:\08_Dataset\Internal\mar2020\pickle_files\ff17070338eb9c3e3d1c69b5d6a61be04910327b.pkl,1
D:\08_Dataset\Internal\mar2020\pickle_files\1148a530a2d56c8215142928365a58cffc1a3caa.pkl,1
D:\08_Dataset\Internal\mar2020\pickle_files\17a45a36059d22fb3a437ea0c49aa5f7ec28ef50.pkl,1
D:\08_Dataset\Internal\mar2020\pickle_files\62b3c0964b8e267ee15223bace13f245c77b3aa6.pkl,1
D:\08_Dataset\Internal\mar2020\pickle_files\70078c514da35683c18be06ad38f6656eb1daac1.pkl,1
D:\08_Dataset\Internal\mar2020\pickle_files\dd0be1ddd60f26f88b4a17d9b4bb23cbb8f3fb2e.pkl,1
D:\08_Dataset\Internal\mar2020\pickle_files\aa6bfd5d1426878c6a98bcb1ed3c0366cb28a048.pkl,1
D:\08_Dataset\Internal\mar2020\pickle_files\144b7953206718cbb8a59e0c7f2ae392d55ee85e.pkl,1
D:\08_Dataset\Internal\mar2020\pickle_files\ab0606bde350fa71e60d2566a1b54099691ba6fb.pkl,1
D:\08_Dataset\Internal\mar2020\pickle_files\0d99dbf8f640f1d9265993e8756e6cdd5ae68d4c.pkl,1
D:\08_Dataset\Internal\mar2020\pickle_files\939420f3b6debff16a916f484eb276b1e36a9b36.pkl,1
D:\08_Dataset\Internal\mar2020\pickle_files\5e63719d78909f66a0e62e0a25dde374af072e75.pkl,1
D:\08_Dataset\Internal\mar2020\pickle_files\f16cfea1efa353aba8a2acf5ae1f4aa3224a7c61.pkl,1
D:\08_Dataset\Internal\mar2020\pickle_files\b05fa33aaf7c1ce7c9e38094d278855c886dad3e.pkl,1
D:\08_Dataset\Internal\mar2020\pickle_files\c52907dfa2f69962694be88a604f8d255f80908d.pkl,1
D:\08_Dataset\Internal\mar2020\pickle_files\8ea026c2f89d39b9af9458438d90f0dda7563d96.pkl,1
D:\08_Dataset\Internal\mar2020\pickle_files\9e06eb8aab8a80d56f0bf455a7266d58924e8567.pkl,1
D:\08_Dataset\Internal\mar2020\pickle_files\340badbf7050034f66d3bc485b33edef414ff32d.pkl,1
D:\08_Dataset\Internal\mar2020\pickle_files\107a17291d77a085cb8c5318adc5a770bc811dec.pkl,1
D:\08_Dataset\Internal\mar2020\pickle_files\8cb86892f40b1ca4755cb94e56b025c5c349abae.pkl,1
D:\08_Dataset\Internal\mar2020\pickle_files\a9fa6a50bd8e42f0b41969fb5803f5a93cdfd869.pkl,1
D:\08_Dataset\Internal\mar2020\pickle_files\8a3449920cc8b3a2945a2bb0d5bbc0e1fc4cdd7d.pkl,1
D:\08_Dataset\Internal\mar2020\pickle_files\80944a1aa105a8b493bea35a45393e5f0dfadde0.pkl,1
D:\08_Dataset\Internal\mar2020\pickle_files\c05c4babd8b66dd3cba06b14b09295fc2691e319.pkl,1
D:\08_Dataset\Internal\mar2020\pickle_files\7e60c709c023047bf0f9c151b2010da8cff97fc7.pkl,1
D:\08_Dataset\Internal\mar2020\pickle_files\919080c97b461798d624a97f41d576b724bc4980.pkl,1
D:\08_Dataset\Internal\mar2020\pickle_files\d7cf6790ea10acfb03d8fd78bdca078c4b6aa9a5.pkl,1
D:\08_Dataset\Internal\mar2020\pickle_files\21044e5352db4209b5f1041127f8205f34052a01.pkl,1
D:\08_Dataset\Internal\mar2020\pickle_files\f2c5a81b0ad79f21b45f5471794e5667b240881c.pkl,1
D:\08_Dataset\Internal\mar2020\pickle_files\213f98ed876db4e27078d9f405d1c9b859faf5f3.pkl,1
D:\08_Dataset\Internal\mar2020\pickle_files\c52f1f89d0ec17dc005016495fb9a454a2e36724.pkl,1
D:\08_Dataset\Internal\mar2020\pickle_files\8a8b4d9327b9e70dbef380264470f3b1ecab9b03.pkl,1
D:\08_Dataset\Internal\mar2020\pickle_files\2a9250dec908b26b0ebbd34656a081261cf13385.pkl,1
D:\08_Dataset\Internal\mar2020\pickle_files\279d70d4f3a47d90ac92afd2f0ee6486dc1cc4a2.pkl,1
D:\08_Dataset\Internal\mar2020\pickle_files\f3cb9e0f5a4aadf2da16bc5a6158d2de37b07bcf.pkl,1
D:\08_Dataset\Internal\mar2020\pickle_files\9ec7d25b595557e9214c62fa7fdfd002d0128e2a.pkl,1
D:\08_Dataset\Internal\mar2020\pickle_files\8a3bc36eff74537c1636db0fadc1ce07e14af2f6.pkl,1
D:\08_Dataset\Internal\mar2020\pickle_files\701ce35bf33ea9c7c846bf62bf9bc059e5783e47.pkl,1
D:\08_Dataset\Internal\mar2020\pickle_files\73942217b656ceb1544c6035f786ab43c46af7e7.pkl,1
D:\08_Dataset\Internal\mar2020\pickle_files\41c11d25b2298e70ba6efb4dd648fb581ba92f4e.pkl,1
D:\08_Dataset\Internal\mar2020\pickle_files\6a85ccc0d23cd926bad8b0a29d00855fc1631a30.pkl,1
D:\08_Dataset\Internal\mar2020\pickle_files\435b502c6785c29be67bb1c7f2e44ae85a457610.pkl,1
D:\08_Dataset\Internal\mar2020\pickle_files\4b136353914c0dd7fc5f12756335bae485627aa8.pkl,1
D:\08_Dataset\Internal\mar2020\pickle_files\e5f2a2b0230abee8e0e3cb194b5cb8e2f5722645.pkl,1
D:\08_Dataset\Internal\mar2020\pickle_files\9ed3294ae5023af527cda85779fac7c6549e48cb.pkl,1
D:\08_Dataset\Internal\mar2020\pickle_files\b17b7e394e2ab2a2249c39f5c94d0261201bb562.pkl,1
D:\08_Dataset\Internal\mar2020\pickle_files\00a4dd6f8379a2914f7bd4d2c9a3ef061c59198e.pkl,1
D:\08_Dataset\Internal\mar2020\pickle_files\ab431188c9924c31a86d4c925a8f38adfb3293a6.pkl,1
D:\08_Dataset\Internal\mar2020\pickle_files\efd684f0d17ccd6057e92ba8ca92cf09da04cba3.pkl,1
D:\08_Dataset\Internal\mar2020\pickle_files\cf4c30678b80d74553651b968c1bd03727003580.pkl,1
D:\08_Dataset\Internal\mar2020\pickle_files\1796e182501372ac6558d868b3499c1493ec27fe.pkl,1
D:\08_Dataset\Internal\mar2020\pickle_files\9e52f94ec7b1914e434d3e2db35614275db9aa4a.pkl,1
D:\08_Dataset\Internal\mar2020\pickle_files\914cd5e8fd3b3c1a10b6180f1d1594ec99f139b4.pkl,1
D:\08_Dataset\Internal\mar2020\pickle_files\7c06925f69fde6101909b8db12b8521c7e0283b1.pkl,1
D:\08_Dataset\Internal\mar2020\pickle_files\5e7e7b923f5408b0cfef14e09582c4419cea354f.pkl,1
D:\08_Dataset\Internal\mar2020\pickle_files\f87283c30f9a92eb3d540ad4061e53b4335fbd1d.pkl,1
D:\08_Dataset\Internal\mar2020\pickle_files\b7f8e5ec7626112928d0cd7606f9ae4e7e044889.pkl,1
D:\08_Dataset\Internal\mar2020\pickle_files\749afd375e85922ae1dc1a340b1a5041d6207a1e.pkl,1
D:\08_Dataset\Internal\mar2020\pickle_files\5149ee9f5f596946a08a049342b48bbac0e1e88a.pkl,1
D:\08_Dataset\Internal\mar2020\pickle_files\1c82cbaa2ebb00bbc00c1751baa4ff88994d2e89.pkl,1
D:\08_Dataset\Internal\mar2020\pickle_files\cdc5d552050b97f29a8f0e36572bbab3385bc303.pkl,1
D:\08_Dataset\Internal\mar2020\pickle_files\5f8895dde68adde896e29d1a515e631ccafca42f.pkl,1
D:\08_Dataset\Internal\mar2020\pickle_files\f97bc693a39b7bfb37467516b41b7aab87656c12.pkl,1
D:\08_Dataset\Internal\mar2020\pickle_files\0fa49e3f0e3cd56eb5795d27a0c2484d0eadd036.pkl,1
D:\08_Dataset\Internal\mar2020\pickle_files\0b7663b4e13e6c4b2090c9cbeb91fb21d94524ce.pkl,1
D:\08_Dataset\Internal\mar2020\pickle_files\e957283724e543cd6e1707b4729603bea5e5d38f.pkl,1
D:\08_Dataset\Internal\mar2020\pickle_files\1e0df4b9d6f366c158f396d4d99c1fe7ab0cd12a.pkl,1
D:\08_Dataset\Internal\mar2020\pickle_files\6ad6c738525007270398358876a4af9b439a5b7f.pkl,1
D:\08_Dataset\Internal\mar2020\pickle_files\1434e97533c2550347fce398d30dab6904854711.pkl,1
D:\08_Dataset\Internal\mar2020\pickle_files\b631be527f4fb17df027c54acd8a757c02369841.pkl,1
D:\08_Dataset\Internal\mar2020\pickle_files\727cfe24627ed9ae2691edd2ce386563ae0e52a4.pkl,1
D:\08_Dataset\Internal\mar2020\pickle_files\8ea7634835b34e9fe1709f3a0abce7348fcc2162.pkl,1
D:\08_Dataset\Internal\mar2020\pickle_files\8002b6d2b2e8b42f820b6af873d85887e4ce2927.pkl,1
D:\08_Dataset\Internal\mar2020\pickle_files\5bb81e514aa83ce10352fb33a564bc3f9176882c.pkl,1
D:\08_Dataset\Internal\mar2020\pickle_files\ce1cb5ed83148b0e90be2aa81f3c2d79099898d9.pkl,1
D:\08_Dataset\Internal\mar2020\pickle_files\e09cec09c92289bd4f69a425405e6b6445f7470c.pkl,1
D:\08_Dataset\Internal\mar2020\pickle_files\74efe0b5c40ee29f9f2be9af78ceaf4de067f30f.pkl,1
D:\08_Dataset\Internal\mar2020\pickle_files\c132e4c38ae0d13b63f5465d99078a6d039cd90f.pkl,1
D:\08_Dataset\Internal\mar2020\pickle_files\7423131123dc1b9ebadce719b2852f2c5a0555f2.pkl,1
D:\08_Dataset\Internal\mar2020\pickle_files\90a36c98b2a56f53779297e29dff358a28670f7f.pkl,1
D:\08_Dataset\Internal\mar2020\pickle_files\220ccfd71a8c27cbdf1198eba9bd0d9d0775b780.pkl,1
D:\08_Dataset\Internal\mar2020\pickle_files\683b5a8a4e98eec8f0b26c4b30d80199ad12ebd7.pkl,1
D:\08_Dataset\Internal\mar2020\pickle_files\10e75bb29a076b63c307f9ff578df47902e477ea.pkl,1
D:\08_Dataset\Internal\mar2020\pickle_files\bf6e51effefd50a4fa660f3e19c6abd93efcbbd7.pkl,1
D:\08_Dataset\Internal\mar2020\pickle_files\cc58dcef5d8686251b1b66194ed098ed15d11722.pkl,1
D:\08_Dataset\Internal\mar2020\pickle_files\ebb7da6568870c70675328b6f4e613cfdc289653.pkl,1
D:\08_Dataset\Internal\mar2020\pickle_files\1660779629b7c9a6e66703459027afe2251dcddb.pkl,1
D:\08_Dataset\Internal\mar2020\pickle_files\9794f5d1a18874144da4bc4abd4409c93ec43248.pkl,1
D:\08_Dataset\Internal\mar2020\pickle_files\9c8023ea9a48dd6a3015b0d75d44597868d80469.pkl,1
D:\08_Dataset\Internal\mar2020\pickle_files\6d9c695c4f6a3bd3c9b574d8b5f3fbcf2cac1848.pkl,1
D:\08_Dataset\Internal\mar2020\pickle_files\dffbcfdf30779ce0198451707d819b76b28ac27b.pkl,1
D:\08_Dataset\Internal\mar2020\pickle_files\ac8a54e1f47bd56f54f9a96459389a77f4ce676e.pkl,1
D:\08_Dataset\Internal\mar2020\pickle_files\624fa60f6ae08e23e62b03366be2d6a5abca6dc5.pkl,1
D:\08_Dataset\Internal\mar2020\pickle_files\30dd2d2ade2af1f366ca9c39d195bd5dcaffbddb.pkl,1
D:\08_Dataset\Internal\mar2020\pickle_files\25a5fc75eac52dc91211d7e8b009f1bf0b821dba.pkl,1
D:\08_Dataset\Internal\mar2020\pickle_files\2f2d3da134f29d2e56f9ccbb3d742f08efc00614.pkl,1
D:\08_Dataset\Internal\mar2020\pickle_files\6667fd0c51fe78f5f62225d4d13097c4fa753bf4.pkl,1
D:\08_Dataset\Internal\mar2020\pickle_files\35b613a64cc16597616d07bde9026278224f80cd.pkl,1
D:\08_Dataset\Internal\mar2020\pickle_files\375a727df3a09e16965eae59a1dc32c286540111.pkl,1
D:\08_Dataset\Internal\mar2020\pickle_files\dff32c8b6a8bc20a2582315358957296afe27a02.pkl,1
D:\08_Dataset\Internal\mar2020\pickle_files\96ad5715f90c6f4faf9058afc3031c22876fd33c.pkl,1
D:\08_Dataset\Internal\mar2020\pickle_files\847189a325f439b976ccc421b8302aede386b1e2.pkl,1
D:\08_Dataset\Internal\mar2020\pickle_files\ac44a9c08bdfc3aaaacef107853ca2717cd3c973.pkl,1
D:\08_Dataset\Internal\mar2020\pickle_files\b04dc14a021b2e436362e367f6db07d3ef85dd81.pkl,1
D:\08_Dataset\Internal\mar2020\pickle_files\b3145a0e97a9bbad8490ad012b9867f172bc91f4.pkl,1
D:\08_Dataset\Internal\mar2020\pickle_files\ca2a5f02aacb6d431929e52a02c7f0268211a698.pkl,1
D:\08_Dataset\Internal\mar2020\pickle_files\e7dd9e767c00cca0311386a566153806dff8b65b.pkl,1
D:\08_Dataset\Internal\mar2020\pickle_files\4a7cad21f34e7b1019dbcbdcfcbeff872d9751a7.pkl,1
D:\08_Dataset\Internal\mar2020\pickle_files\de310966c4e92d6cff6a4eb005090929b8813654.pkl,1
D:\08_Dataset\Internal\mar2020\pickle_files\9026a854129c6a46cc591d87b83611ce957ce486.pkl,1
D:\08_Dataset\Internal\mar2020\pickle_files\a23a31a47685d2a841eb6803843ff7b2c1ec6bfa.pkl,1
D:\08_Dataset\Internal\mar2020\pickle_files\2207426d660368fa3e062682378c5239ff4c5fdf.pkl,1
D:\08_Dataset\Internal\mar2020\pickle_files\2810e844d2fd4c7b1a9032a43f7a485c6a4ce9d6.pkl,1
D:\08_Dataset\Internal\mar2020\pickle_files\7233de58873083112addfd0f989278361b6d6a96.pkl,1
D:\08_Dataset\Internal\mar2020\pickle_files\3faf0dd047d4ddc40289e745b84167e17937328f.pkl,1
D:\08_Dataset\Internal\mar2020\pickle_files\aaab5e8f3abbce987d8eb2cecc8979bbb8bba289.pkl,1
D:\08_Dataset\Internal\mar2020\pickle_files\e9364a01d002383c1edad2165a52fa852f944eda.pkl,1
D:\08_Dataset\Internal\mar2020\pickle_files\f577c22081c702a6eda5529506aa513281ed4f38.pkl,1
D:\08_Dataset\Internal\mar2020\pickle_files\5db465fabaa47246a5146a1537d30fef49af1cc9.pkl,1
D:\08_Dataset\Internal\mar2020\pickle_files\8f438b22db207bb0601809010e9c50ad4400e7d7.pkl,1
D:\08_Dataset\Internal\mar2020\pickle_files\3323b4f49acc0b05f288ce1f99fe5ab28b84faaa.pkl,1
D:\08_Dataset\Internal\mar2020\pickle_files\3686334500c25f6e73a9c9cb0a56e2dc0d677e37.pkl,1
D:\08_Dataset\Internal\mar2020\pickle_files\4fa6a3d0effc17b995461f73a76b69fe1db577b9.pkl,1
D:\08_Dataset\Internal\mar2020\pickle_files\91ed0e44128ea12c888a4ffce55520010cec8670.pkl,1
D:\08_Dataset\Internal\mar2020\pickle_files\8f1462282e635f9e7cf076e00ff160d59ec2714b.pkl,1
D:\08_Dataset\Internal\mar2020\pickle_files\6e6794fe9e62baebc3607b29351186719b6ab3c0.pkl,1
D:\08_Dataset\Internal\mar2020\pickle_files\768d165974e2f5fef68faae4516f98e9aa1b76b3.pkl,1
D:\08_Dataset\Internal\mar2020\pickle_files\1b584da7d246a6fbceeaa8c3f531999d661e297b.pkl,1
D:\08_Dataset\Internal\mar2020\pickle_files\97057d7d070011b6b8de331bc75284451d9251e2.pkl,1
D:\08_Dataset\Internal\mar2020\pickle_files\166ae1e899489339b0569288896938dd8c6e66de.pkl,1
D:\08_Dataset\Internal\mar2020\pickle_files\18b2a28ed2a2ff2fc2ae97b44266d0e7f18b8014.pkl,1
D:\08_Dataset\Internal\mar2020\pickle_files\b6b928f2544ba15b2d7e3c3b917a69e9e1a76046.pkl,1
D:\08_Dataset\Internal\mar2020\pickle_files\55dece5d2fbae55a47ce386a48fc9f26194f4f3c.pkl,1
D:\08_Dataset\Internal\mar2020\pickle_files\b15c38bed585469b2620e6243072e76724446fe7.pkl,1
D:\08_Dataset\Internal\mar2020\pickle_files\76b3c4b0048f0b26bc10a3ad07b972f34628bcc3.pkl,1
D:\08_Dataset\Internal\mar2020\pickle_files\f7e70421b8eb9719abd38b78ded54ab4a312925d.pkl,1
D:\08_Dataset\Internal\mar2020\pickle_files\d9b7b3516ddfb7555449bca682f48fc094f083f3.pkl,1
D:\08_Dataset\Internal\mar2020\pickle_files\229b6efb001275b04569c53769527ad229a6a323.pkl,1
D:\08_Dataset\Internal\mar2020\pickle_files\1e1010fd191b907758d77d8961639cca8f4adea8.pkl,1
D:\08_Dataset\Internal\mar2020\pickle_files\516b09b84d2526561055057eead0acdff0348749.pkl,1
D:\08_Dataset\Internal\mar2020\pickle_files\94b9ba7e2497cf925121f0536d52f560b8ac8f08.pkl,1
D:\08_Dataset\Internal\mar2020\pickle_files\7fa96379db9c20544be68a8eb4a2120d7e18f94d.pkl,1
D:\08_Dataset\Internal\mar2020\pickle_files\36512fefce46eb9c151b1e0a5e33e183f3799459.pkl,1
D:\08_Dataset\Internal\mar2020\pickle_files\96235e6f74cbc521b63583d9ec897944155fcd04.pkl,1
D:\08_Dataset\Internal\mar2020\pickle_files\4966c56ecbdc57dda2ff9f782e29820954d44bb4.pkl,1
D:\08_Dataset\Internal\mar2020\pickle_files\1fe17074ee477b31c4bc3c9db8351514a64427e8.pkl,1
D:\08_Dataset\Internal\mar2020\pickle_files\4b57897a8d9999e297e9a905a91b4b36d1f90639.pkl,1
D:\08_Dataset\Internal\mar2020\pickle_files\0fc500eb4cb8dfb670954f5519c6d377d4f483ea.pkl,1
D:\08_Dataset\Internal\mar2020\pickle_files\329cdf5507c6e71dceeb315710eceb9a7ee8e2b7.pkl,1
D:\08_Dataset\Internal\mar2020\pickle_files\0c6e1d4c3325c704124a6e836faadefe5a7a2a6d.pkl,1
D:\08_Dataset\Internal\mar2020\pickle_files\856a636b2eb9a23f798a675495e14fff9f23992c.pkl,1
D:\08_Dataset\Internal\mar2020\pickle_files\473a0e91a3a8abb0d157d2303b0e21c8e01c99bd.pkl,1
D:\08_Dataset\Internal\mar2020\pickle_files\cccede250af3e20331db85959a67732a059365ac.pkl,1
D:\08_Dataset\Internal\mar2020\pickle_files\ba47361cb680c8e89fc5fb84070f485d6d54012d.pkl,1
D:\08_Dataset\Internal\mar2020\pickle_files\5c4c9239718618b5a81625a81e745237a0d9b222.pkl,1
D:\08_Dataset\Internal\mar2020\pickle_files\e2c4c4ba64e81bc9fe0da5de16d12707fad10640.pkl,1
D:\08_Dataset\Internal\mar2020\pickle_files\c460ce0420a2b14aa116428add7e83f1fc00ba88.pkl,1
D:\08_Dataset\Internal\mar2020\pickle_files\c0e3187c0e9b224b05f22814b735b499fc06ab7d.pkl,1
D:\08_Dataset\Internal\mar2020\pickle_files\b9d2427137e1253d567dff8f981963b8b24b2705.pkl,1
D:\08_Dataset\Internal\mar2020\pickle_files\829ed3cb2593732754bb630f754fc5a0e72ae096.pkl,1
D:\08_Dataset\Internal\mar2020\pickle_files\e88c4b23432b173bc77e21201b2930e34a2618d6.pkl,1
D:\08_Dataset\Internal\mar2020\pickle_files\f53304a82fbd8834ee0c5962dcf7b1f34d4d47b3.pkl,1
D:\08_Dataset\Internal\mar2020\pickle_files\b69be7072235c426cc50d7eb41989dceeb0ebd99.pkl,1
D:\08_Dataset\Internal\mar2020\pickle_files\c3dc4016a8616e76901c75ee7df4f70c5bf7d88c.pkl,1
D:\08_Dataset\Internal\mar2020\pickle_files\55166f380dbd6eea065480a5910d8424a58cf904.pkl,1
D:\08_Dataset\Internal\mar2020\pickle_files\7a87e058247d16bddae5f557954870037f93bd63.pkl,1
D:\08_Dataset\Internal\mar2020\pickle_files\9c7562688548431dd6cdc9891a5b3716744ea6ad.pkl,1
D:\08_Dataset\Internal\mar2020\pickle_files\26becc0c302d79a77d7d1b7633cb80a6a9437530.pkl,1
D:\08_Dataset\Internal\mar2020\pickle_files\5c7316c323bf360441ba1525e6324c95d69c7ffc.pkl,1
D:\08_Dataset\Internal\mar2020\pickle_files\144fc99203a5edcc0a4dbdfe402cd7bb559cab86.pkl,1
D:\08_Dataset\Internal\mar2020\pickle_files\8bf38ccf8005700a1914338872e0d96f315f3103.pkl,1
D:\08_Dataset\Internal\mar2020\pickle_files\c8c3e53ee49b29f1be14e889a9949b68f91f2137.pkl,1
D:\08_Dataset\Internal\mar2020\pickle_files\1d8f5476291f4e8ef34e371177b867c816fc4097.pkl,1
D:\08_Dataset\Internal\mar2020\pickle_files\ab1d990c3d2e75c56a6c0c1437ddd69178c07927.pkl,1
D:\08_Dataset\Internal\mar2020\pickle_files\6900a85830374c59ef86d23127da03d0bdcc2368.pkl,1
D:\08_Dataset\Internal\mar2020\pickle_files\a928a2028cd4950c01ae80ab8e8de950da24bdf6.pkl,1
D:\08_Dataset\Internal\mar2020\pickle_files\db82dabcb69069037f70c93cbe8f45e34321937d.pkl,1
D:\08_Dataset\Internal\mar2020\pickle_files\016fee150221406a1827fed2581603d43783c40e.pkl,1
D:\08_Dataset\Internal\mar2020\pickle_files\2fdf4c0f6a68cc0efb9d7a0fa1105603ac9c1587.pkl,1
D:\08_Dataset\Internal\mar2020\pickle_files\f5b9b5117fca523d5fd2c6ec1ef9adce6f50eb61.pkl,1
D:\08_Dataset\Internal\mar2020\pickle_files\b6c9871a21215a9671b97f122e5eea605c15af94.pkl,1
D:\08_Dataset\Internal\mar2020\pickle_files\1d439303485d438bd0e6c3b677842c75865afae5.pkl,1
D:\08_Dataset\Internal\mar2020\pickle_files\48f26a158e8449dcd92d83cf19c1b77e47d8a81e.pkl,1
D:\08_Dataset\Internal\mar2020\pickle_files\b916531c8c9cb88c57a1db9eeef73d0f996d1a11.pkl,1
D:\08_Dataset\Internal\mar2020\pickle_files\84dae6b7289f6e29a98ab4933ef31bb1fb2f1535.pkl,1
D:\08_Dataset\Internal\mar2020\pickle_files\315d50aa65bfa2ac302dc6b4be0bdc4521366f3c.pkl,1
D:\08_Dataset\Internal\mar2020\pickle_files\f09d87326ac16943dba78a255fcfc4462782a085.pkl,1
D:\08_Dataset\Internal\mar2020\pickle_files\966e6b684fa94ebb6f9ed3cdfc3cf6884124ba21.pkl,1
D:\08_Dataset\Internal\mar2020\pickle_files\d8ad57d4ad1ca49c2b65810be0cbb4f0d7dcdcbe.pkl,1
D:\08_Dataset\Internal\mar2020\pickle_files\24823c0ed411589b5392ff99a58e0dad7fc90305.pkl,1
D:\08_Dataset\Internal\mar2020\pickle_files\b331a8cae340f71df9c2a160e8a4940d17b0dfc5.pkl,1
D:\08_Dataset\Internal\mar2020\pickle_files\ca29d669de67cf781f493537cfc96516ad268511.pkl,1
D:\08_Dataset\Internal\mar2020\pickle_files\2470058227679204e3389137e871ed09e35dccdd.pkl,1
D:\08_Dataset\Internal\mar2020\pickle_files\5527eadeae1d55d5ced0c89b832bd04692476251.pkl,1
D:\08_Dataset\Internal\mar2020\pickle_files\f3c45fc649ef7a2bae704bb0ddc4eee7aba8835a.pkl,1
D:\08_Dataset\Internal\mar2020\pickle_files\ee0a6066b1d8dead0963483f6ed75582ab99ea89.pkl,1
D:\08_Dataset\Internal\mar2020\pickle_files\53f72ee2b32289cad668cc015a0244615e4732da.pkl,1
D:\08_Dataset\Internal\mar2020\pickle_files\837b4b863db02a21f1b04265ccb8f9ead88d1363.pkl,1
D:\08_Dataset\Internal\mar2020\pickle_files\cdd9195d5e24ba0e8163d9507b4f5087829a75c6.pkl,1
D:\08_Dataset\Internal\mar2020\pickle_files\2c120e045309b31c3ac431cb4b2cb24e6588bdcb.pkl,1
D:\08_Dataset\Internal\mar2020\pickle_files\71ebf1e2a53fc59ce1fb4abbd27396f274c7738a.pkl,1
D:\08_Dataset\Internal\mar2020\pickle_files\06db73c69009b11b354906f68d0daebb4b875598.pkl,1
D:\08_Dataset\Internal\mar2020\pickle_files\1afb0c1d703be9c042434c2b427e78179e3033bf.pkl,1
D:\08_Dataset\Internal\mar2020\pickle_files\bfffad185031f702549bae30ce31c438a94a45f1.pkl,1
D:\08_Dataset\Internal\mar2020\pickle_files\d23827593bdc0dcb47e56f63bb8cec86e7a23539.pkl,1
D:\08_Dataset\Internal\mar2020\pickle_files\b7c32e78c9d9fb6edfbbf3feb3c79197c8a1e341.pkl,1
D:\08_Dataset\Internal\mar2020\pickle_files\782b8b89c66d585e6e51d81d065a258f5c903c64.pkl,1
D:\08_Dataset\Internal\mar2020\pickle_files\8ba599182c2c98b22916a5d11ba9bd718fcb4876.pkl,1
D:\08_Dataset\Internal\mar2020\pickle_files\45437b1a3aff7702dafb93974631ea2afcd6d957.pkl,1
D:\08_Dataset\Internal\mar2020\pickle_files\1801ab56619b52dfd56b0e04f7fcfdf78ed11ced.pkl,1
D:\08_Dataset\Internal\mar2020\pickle_files\e51a35a0103130288ecb75b1bd6b62cca09cfc69.pkl,1
D:\08_Dataset\Internal\mar2020\pickle_files\b9c5d592eb1a8ad7e280d3431f3a0e0a2c88eda5.pkl,1
D:\08_Dataset\Internal\mar2020\pickle_files\8b03f903ecf1808bf3b821ac567a2c07cdb4a581.pkl,1
D:\08_Dataset\Internal\mar2020\pickle_files\b7930bb0e0e22c9a0624876ffc9ffaec5360ef58.pkl,1
D:\08_Dataset\Internal\mar2020\pickle_files\79eebac27712175cbfedf506f2a1f853b1771fa2.pkl,1
D:\08_Dataset\Internal\mar2020\pickle_files\1ef348fb6cd8b052bd53e537925213d3a32b1c2c.pkl,1
D:\08_Dataset\Internal\mar2020\pickle_files\ce5e4986de0b1dfcb72807f7311cca7c05e784ff.pkl,1
D:\08_Dataset\Internal\mar2020\pickle_files\a45b928e55f7d81a8aba247599f97586070f74f7.pkl,1
D:\08_Dataset\Internal\mar2020\pickle_files\2e7993d15b36e5c4bbf2577a3445a7f2ed472931.pkl,1
D:\08_Dataset\Internal\mar2020\pickle_files\58168cc7e54abaddded03555bfc452515fb22db5.pkl,1
D:\08_Dataset\Internal\mar2020\pickle_files\ab6d064895e445549da0d1caa3e86f87f7ed2871.pkl,1
D:\08_Dataset\Internal\mar2020\pickle_files\9cb6f3066f7aaae92b4d0440ffa45377f3ab1689.pkl,1
D:\08_Dataset\Internal\mar2020\pickle_files\34cf8700513f6c7b21a224d290c161be9a063a94.pkl,1
D:\08_Dataset\Internal\mar2020\pickle_files\00950df54baee9fac08c01a8bf2d0474c70697af.pkl,1
D:\08_Dataset\Internal\mar2020\pickle_files\039675054d05dc97f2c8e7a45d5ad6f4413db2a6.pkl,1
D:\08_Dataset\Internal\mar2020\pickle_files\0401d32858b8358dde1c604f7c01d011f0d60a12.pkl,1
D:\08_Dataset\Internal\mar2020\pickle_files\37f7d1b3a8dbfb6087fe91579f9e2022fe7d521b.pkl,1
D:\08_Dataset\Internal\mar2020\pickle_files\71cb7f2811b513042d5eb64fe304a9adc5add24d.pkl,1
D:\08_Dataset\Internal\mar2020\pickle_files\06b9c0341a89d6adc03681f18afd48c30851667c.pkl,1
D:\08_Dataset\Internal\mar2020\pickle_files\98597098f75d8633cd6bc15e12fce0eecf5fd7d7.pkl,1
D:\08_Dataset\Internal\mar2020\pickle_files\65653dec5224a62b4b7cbcbb48b5c44b65ead19d.pkl,1
D:\08_Dataset\Internal\mar2020\pickle_files\13b1fe1e2b7d4680bad8f36b938916811d7a4e5d.pkl,1
D:\08_Dataset\Internal\mar2020\pickle_files\38a838ad8a9e52b5a5bd0c067f457dc19c7d0caf.pkl,1
D:\08_Dataset\Internal\mar2020\pickle_files\cb06e27e73579f96dae326df357f6722a8a1b6a0.pkl,1
D:\08_Dataset\Internal\mar2020\pickle_files\2f09621cab66936ffdd91a892ad8f18fea059620.pkl,1
D:\08_Dataset\Internal\mar2020\pickle_files\810d0065c9de9090f6cb96a097ec18b9c3f79296.pkl,1
D:\08_Dataset\Internal\mar2020\pickle_files\0820eca2057b00b8c23371a46002d44b5ccbe39e.pkl,1
D:\08_Dataset\Internal\mar2020\pickle_files\5b07b1f49494f57143d756bd3f7592c80c4e0c6f.pkl,1
D:\08_Dataset\Internal\mar2020\pickle_files\23c3bb81a503484888c51fc9bc476b96487df007.pkl,1
D:\08_Dataset\Internal\mar2020\pickle_files\b00e59c6ef5ea84eef51e179561c1519aba7dbcb.pkl,1
D:\08_Dataset\Internal\mar2020\pickle_files\4f946acff3e222e3724c57eeaafd4d3e81db6c35.pkl,1
D:\08_Dataset\Internal\mar2020\pickle_files\e20898c854f1f2853f25c34adc6756d576743158.pkl,1
D:\08_Dataset\Internal\mar2020\pickle_files\14bbffde674ec5e4bb96f790a3449ebcd8047e45.pkl,1
D:\08_Dataset\Internal\mar2020\pickle_files\dac2a70ee590d9aa5d404a3564646ac0e0d3ac12.pkl,1
D:\08_Dataset\Internal\mar2020\pickle_files\7a9ae68bdf23c6f17c33b40a30358815bad5d7ef.pkl,1
D:\08_Dataset\Internal\mar2020\pickle_files\27cf0039c0dae7845843614604a740300632e22a.pkl,1
D:\08_Dataset\Internal\mar2020\pickle_files\7f2fc0c1e9d0b5903595cb6cadb496780076e21a.pkl,1
D:\08_Dataset\Internal\mar2020\pickle_files\0939ad854954393f052f5ba64b6c4b8e03a8866b.pkl,1
D:\08_Dataset\Internal\mar2020\pickle_files\6699d547cb9442c0a40cecb12f55d8d9054bcd4d.pkl,1
D:\08_Dataset\Internal\mar2020\pickle_files\edaaf727aff63fa8f9b1cbfb03ccc44b36e66911.pkl,1
D:\08_Dataset\Internal\mar2020\pickle_files\4f16e6b007d831b908a30924e39c82dce6c1d446.pkl,1
D:\08_Dataset\Internal\mar2020\pickle_files\57b7d935591274065191f072cdcb3feab25139d2.pkl,1
D:\08_Dataset\Internal\mar2020\pickle_files\c92ee235f1eedf6d2ffa4514dfbb06a58f5249f0.pkl,1
D:\08_Dataset\Internal\mar2020\pickle_files\03a4023636dc9e37894675c2850418253cc84b26.pkl,1
D:\08_Dataset\Internal\mar2020\pickle_files\78bfb79d29e7364c761d1506abf83b4b4d798e7c.pkl,1
D:\08_Dataset\Internal\mar2020\pickle_files\f52efc44e0622e4a9ea458adaecb37127089473c.pkl,1
D:\08_Dataset\Internal\mar2020\pickle_files\1fc6eb84cae9b85d648c00ed19f2722f9e73230f.pkl,1
D:\08_Dataset\Internal\mar2020\pickle_files\b0cf8d88001cc2bc100cb69147201e8725c323ba.pkl,1
D:\08_Dataset\Internal\mar2020\pickle_files\99cf03ab195faa6c8f6d5f5a1d55de7811f50231.pkl,1
D:\08_Dataset\Internal\mar2020\pickle_files\e62164cc778a46b8704876b5de98a9f22775895a.pkl,1
D:\08_Dataset\Internal\mar2020\pickle_files\af6f206883a6fa75c9acfb326cac8339ef6b0882.pkl,1
D:\08_Dataset\Internal\mar2020\pickle_files\4c0453699a5d975f9dbdcef4c684d06906b1262f.pkl,1
D:\08_Dataset\Internal\mar2020\pickle_files\f318d4251f445c6db0814bc243d5dd9350dd9dbe.pkl,1
D:\08_Dataset\Internal\mar2020\pickle_files\f248ace656e1617297afa4b744c1fc49400c9af3.pkl,1
D:\08_Dataset\Internal\mar2020\pickle_files\0cf276efa1b402afb1ffe86b2a0d320f65a443bb.pkl,1
D:\08_Dataset\Internal\mar2020\pickle_files\165e554bf07b2a55cc4807d6536d4817e43427ef.pkl,1
D:\08_Dataset\Internal\mar2020\pickle_files\6539bc426ffc32279c4042859119ac9408c18935.pkl,1
D:\08_Dataset\Internal\mar2020\pickle_files\4ceedfdc6078c9a89cb3db2373ed494f9d637511.pkl,1
D:\08_Dataset\Internal\mar2020\pickle_files\4bae3bb44fe603f1ceb18a59b0e171431b5a8707.pkl,1
D:\08_Dataset\Internal\mar2020\pickle_files\9018d7a51cdfb75d079f1a7b1447c721b5c6b535.pkl,1
D:\08_Dataset\Internal\mar2020\pickle_files\fb704774f537f74186ca2957b135b2b85ec8c484.pkl,1
D:\08_Dataset\Internal\mar2020\pickle_files\78bca385038f4eede78a712084d9dd1923bb0efb.pkl,1
D:\08_Dataset\Internal\mar2020\pickle_files\d94d5229eae099c6aecfcba8679530a6badc0fad.pkl,1
D:\08_Dataset\Internal\mar2020\pickle_files\268417c60723325685614bb2418b0a4c202481fe.pkl,1
D:\08_Dataset\Internal\mar2020\pickle_files\2db4bd8baf322132dea42de0fdbf9294d81b98f2.pkl,1
D:\08_Dataset\Internal\mar2020\pickle_files\4bcd88fceebb8229cb54d0b2f82065003fd639d0.pkl,1
D:\08_Dataset\Internal\mar2020\pickle_files\a3b61a369c402a6e8089912f7824a838d3d74a4e.pkl,1
D:\08_Dataset\Internal\mar2020\pickle_files\185ba3284403f220507c3d5395496b7eda24f29e.pkl,1
D:\08_Dataset\Internal\mar2020\pickle_files\1297fb1e205bfb0aa617b0ff445e5ddae360991b.pkl,1
D:\08_Dataset\Internal\mar2020\pickle_files\10dbf5efcc7686737bd0665c4a5b77e6db7c6d45.pkl,1
D:\08_Dataset\Internal\mar2020\pickle_files\c58ea05c1d24b86fe6031495bf39c0e95c630592.pkl,1
D:\08_Dataset\Internal\mar2020\pickle_files\0bc26bda0d32bd334f57e81d0950261f9f5656c4.pkl,1
D:\08_Dataset\Internal\mar2020\pickle_files\80254deff8eae210bf254f587b5e95092ed668a2.pkl,1
D:\08_Dataset\Internal\mar2020\pickle_files\834edcfc9504c63536023b8ee537395a587e23e7.pkl,1
D:\08_Dataset\Internal\mar2020\pickle_files\82dcb0f7337552129be49b606defe0e8e0e92d8c.pkl,1
D:\08_Dataset\Internal\mar2020\pickle_files\33bc54f1673726a13a8585b02a11aeee28953ca1.pkl,1
D:\08_Dataset\Internal\mar2020\pickle_files\7ba37ee7a341677eeb296233fbc408fccf9e87b9.pkl,1
D:\08_Dataset\Internal\mar2020\pickle_files\0e552f057fb09a605ffaae4553d9b33522afe250.pkl,1
D:\08_Dataset\Internal\mar2020\pickle_files\9360fd37683e7b8db80fea2bbf130ffc340bfc1c.pkl,1
D:\08_Dataset\Internal\mar2020\pickle_files\85e74bd7ceaf2a2e99395cad6cf1203da32e641e.pkl,1
D:\08_Dataset\Internal\mar2020\pickle_files\81c4b59daf940a68f03ebadac697378c1eca3fd9.pkl,1
D:\08_Dataset\Internal\mar2020\pickle_files\c39fd99d9fb86d22c5122c9b249e0b34b38ba7ac.pkl,1
D:\08_Dataset\Internal\mar2020\pickle_files\b4086f94ce702de5c0818f8a1741542861c3806c.pkl,1
D:\08_Dataset\Internal\mar2020\pickle_files\16115752176d833e41a565301f74a94e38b1cde7.pkl,1
D:\08_Dataset\Internal\mar2020\pickle_files\b9126d98889a392387a822ce26c379362d38a905.pkl,1
D:\08_Dataset\Internal\mar2020\pickle_files\c66e13d1ea2bb2319be49a6b5e02ae0533fe0788.pkl,1
D:\08_Dataset\Internal\mar2020\pickle_files\7c3bde16094bcdb272fee9a472e0fedd43ffebf7.pkl,1
D:\08_Dataset\Internal\mar2020\pickle_files\5165f96c2af3903fadca148302d4a479c98ba471.pkl,1
D:\08_Dataset\Internal\mar2020\pickle_files\737296d6a89d204a8ca44e75840f40b3282c0c0f.pkl,1
D:\08_Dataset\Internal\mar2020\pickle_files\9f6dfa9dea01fb5534801d2abfebe05a9e05f58f.pkl,1
D:\08_Dataset\Internal\mar2020\pickle_files\f7973e49400cbc1ee127fa68e414e3c039405368.pkl,1
D:\08_Dataset\Internal\mar2020\pickle_files\3935c11d9fc5b14f870956fcdc1ea5148e551551.pkl,1
D:\08_Dataset\Internal\mar2020\pickle_files\18d722ad292a22e1bd69fff51a406ec26a6b350d.pkl,1
D:\08_Dataset\Internal\mar2020\pickle_files\b36901f9d22f5e6a988379d2d5c2ade6e46d4ab6.pkl,1
D:\08_Dataset\Internal\mar2020\pickle_files\57a95f199ceec13ed9b4ad4423b0b7f708b2509c.pkl,1
D:\08_Dataset\Internal\mar2020\pickle_files\f976d31939227f4243875971e4849050af1fb496.pkl,1
D:\08_Dataset\Internal\mar2020\pickle_files\713a8cf490a64982845fff7015e3f5b9ae3512cd.pkl,1
D:\08_Dataset\Internal\mar2020\pickle_files\fa5afe2a97e22b80c764fa02647bd6b1adc2d235.pkl,1
D:\08_Dataset\Internal\mar2020\pickle_files\addcfc595b381867662ed69cfb0046ee8771d19e.pkl,1
D:\08_Dataset\Internal\mar2020\pickle_files\7e9665cc5e48054c4e1d0986567810522f2c8ae2.pkl,1
D:\08_Dataset\Internal\mar2020\pickle_files\c5a268626b382e84b7c528d14af9757948946b61.pkl,1
D:\08_Dataset\Internal\mar2020\pickle_files\68747a7cf80c3b3e14b24deb94e169dc761872e5.pkl,1
D:\08_Dataset\Internal\mar2020\pickle_files\2f2126a39f86009a51a0c1ed71f5c5f45bb12c2e.pkl,1
D:\08_Dataset\Internal\mar2020\pickle_files\aa17b112471b091571dc9f6d5b2454413e6b7789.pkl,1
D:\08_Dataset\Internal\mar2020\pickle_files\440d4a22d3ddea728eb6f4268ae616b8bae15a7d.pkl,1
D:\08_Dataset\Internal\mar2020\pickle_files\c2598b0daa736cdac5f5a8b5fc37f0c1e93824c5.pkl,1
D:\08_Dataset\Internal\mar2020\pickle_files\2e0418973d76077d8c0430ae7ec724cab6d738fa.pkl,1
D:\08_Dataset\Internal\mar2020\pickle_files\bc98b737f261054cca17446d1bfb10285482355f.pkl,1
D:\08_Dataset\Internal\mar2020\pickle_files\44ffd4b4a582f124570d2beeceff13588c3a2370.pkl,1
D:\08_Dataset\Internal\mar2020\pickle_files\973b403214f80452c412059c8ff567be3cfece41.pkl,1
D:\08_Dataset\Internal\mar2020\pickle_files\38d81220767e64318174b46526afa34da1bdfa24.pkl,1
D:\08_Dataset\Internal\mar2020\pickle_files\72b7b796a45eae965a6c6a15d9071b5aad9c844a.pkl,1
D:\08_Dataset\Internal\mar2020\pickle_files\a4f68942d9864ef90e390f2e42d24ce745da7104.pkl,1
D:\08_Dataset\Internal\mar2020\pickle_files\6db31523d9d16b35b3b4245c4627a67c538e9ae2.pkl,1
D:\08_Dataset\Internal\mar2020\pickle_files\3cfe5e855b65aefd7511e5b522a2a8af60dca4ad.pkl,1
D:\08_Dataset\Internal\mar2020\pickle_files\c8e92d0bcaa6c26ad2957115741e8d6381678aa1.pkl,1
D:\08_Dataset\Internal\mar2020\pickle_files\bab04054e7243cc195c73f003fb9a0eb4323fc57.pkl,1
D:\08_Dataset\Internal\mar2020\pickle_files\0095ffd55af882bfc2d7f5ab40319f5f54b047d0.pkl,1
D:\08_Dataset\Internal\mar2020\pickle_files\1a9fcd69ffe36b4ff2a677f1fff8467e5a69cfd0.pkl,1
D:\08_Dataset\Internal\mar2020\pickle_files\4db0b41be96b105b97a89dc5745ca2e1c9a667f3.pkl,1
D:\08_Dataset\Internal\mar2020\pickle_files\6ea9127362263e039e9402158520c0194ea0fa67.pkl,1
D:\08_Dataset\Internal\mar2020\pickle_files\cc45838f75ba92c64b88fab79425f6102515ac51.pkl,1
D:\08_Dataset\Internal\mar2020\pickle_files\6925c6ccf323ec7420ddecf2ca569595f90670d3.pkl,1
D:\08_Dataset\Internal\mar2020\pickle_files\3f0f0c098f5c12d9b4445511059156031ab4cf03.pkl,1
D:\08_Dataset\Internal\mar2020\pickle_files\63aa9387a0550a39cd215d97f0590963ac272c18.pkl,1
D:\08_Dataset\Internal\mar2020\pickle_files\fc1e1f7ab5ecb060517d09c25d5c673e4777b373.pkl,1
D:\08_Dataset\Internal\mar2020\pickle_files\0f0d38b3e8b00ad27bd895c773a4156c82e16b79.pkl,1
D:\08_Dataset\Internal\mar2020\pickle_files\1a7bc5ea6cbe506f61570e1574ce629c29bda129.pkl,1
D:\08_Dataset\Internal\mar2020\pickle_files\bd699969669f6e22d8d53ad18f0e83470f6c2dd8.pkl,1
D:\08_Dataset\Internal\mar2020\pickle_files\b2dc649ceeebff8ec7a811cf055983500d8a75b1.pkl,1
D:\08_Dataset\Internal\mar2020\pickle_files\59f793016687c93f7ba807a1531f6614b1238ce7.pkl,1
D:\08_Dataset\Internal\mar2020\pickle_files\a99fb204e60756d460a2e07485d84ee673aad127.pkl,1
D:\08_Dataset\Internal\mar2020\pickle_files\e48a2321f5866e9c7e7a65ee769b88fb250f14cb.pkl,1
D:\08_Dataset\Internal\mar2020\pickle_files\85e1200ec11e3bf418cd9c8ee6aae4f9ed6293a2.pkl,1
D:\08_Dataset\Internal\mar2020\pickle_files\9e0e6dc739f59938298010a22e04587cd471fee9.pkl,1
D:\08_Dataset\Internal\mar2020\pickle_files\ad5e1f988f37718143203b2ccc232da95eecc6be.pkl,1
D:\08_Dataset\Internal\mar2020\pickle_files\3da8a8b76e9e88bad43fdef117d93deed3029578.pkl,1
D:\08_Dataset\Internal\mar2020\pickle_files\d35d41d8acafe2a0d8ca95154f74e2b9fd68d90b.pkl,1
D:\08_Dataset\Internal\mar2020\pickle_files\e1930b1a7ef36d38815a5d34aa101f6dec392a41.pkl,1
D:\08_Dataset\Internal\mar2020\pickle_files\1b9775f20a3cc8a43d5a7068156b98326e06baae.pkl,1
D:\08_Dataset\Internal\mar2020\pickle_files\2c95d4cc92b19769cb0684797c2dd1f87be9d770.pkl,1
D:\08_Dataset\Internal\mar2020\pickle_files\0c06fc99dd56d2c95aecaecd30bb15b7592ce4f5.pkl,1
D:\08_Dataset\Internal\mar2020\pickle_files\946e86de59abac3ceb2e575b66518f9e0ffda911.pkl,1
D:\08_Dataset\Internal\mar2020\pickle_files\3406eb4d10c8342e6ed2b49b6060d7124f867991.pkl,1
D:\08_Dataset\Internal\mar2020\pickle_files\a92964ad99f8e735e97a44ba551fcfc4b70342e8.pkl,1
D:\08_Dataset\Internal\mar2020\pickle_files\48b61b7c40d5f24d1319ec33f03d29ba491951ca.pkl,1
D:\08_Dataset\Internal\mar2020\pickle_files\769dde973cf638958a7a3075ac758a2e1e68c3a4.pkl,1
D:\08_Dataset\Internal\mar2020\pickle_files\929dfef5d225c6ab21b052b5816ddb94d1472e74.pkl,1
D:\08_Dataset\Internal\mar2020\pickle_files\3e177d87462f8853f3eb9c0af433412f37824e77.pkl,1
D:\08_Dataset\Internal\mar2020\pickle_files\887357e92af5fe9c34699b0e47c626760175edf0.pkl,1
D:\08_Dataset\Internal\mar2020\pickle_files\38a467e6c571fec15765441ae0cfe7a8c3726f8a.pkl,1
D:\08_Dataset\Internal\mar2020\pickle_files\6ef626132d7a4347b17ffd64719c77b45680a64e.pkl,1
D:\08_Dataset\Internal\mar2020\pickle_files\4b5a898cebacd4b5433fe99a6433e3c5d0cfcdff.pkl,1
D:\08_Dataset\Internal\mar2020\pickle_files\2ce95c82ea677d014185649b3c51ed036c703dfb.pkl,1
D:\08_Dataset\Internal\mar2020\pickle_files\17049de60f816ab8c27de22a7e4773d4226ca912.pkl,1
D:\08_Dataset\Internal\mar2020\pickle_files\cf60897e35be66aa84181a22743ed42705bec695.pkl,1
D:\08_Dataset\Internal\mar2020\pickle_files\11d971aa3336eb4889b1395c2142f5ba840498f1.pkl,1
D:\08_Dataset\Internal\mar2020\pickle_files\39c113ac29d01bb77531d560dc0d233a587a575f.pkl,1
D:\08_Dataset\Internal\mar2020\pickle_files\b7a007efcae9511115f0211619d36cef44bb2cb4.pkl,1
D:\08_Dataset\Internal\mar2020\pickle_files\c650d85bf2ae0b5655e33a5ccdcc43f55888af0a.pkl,1
D:\08_Dataset\Internal\mar2020\pickle_files\3ac48cbaaade1ccf390a7c6fb98af2b68ab5ab87.pkl,1
D:\08_Dataset\Internal\mar2020\pickle_files\d4ee09dca8dfcb6015056977f51ea30b2ff31723.pkl,1
D:\08_Dataset\Internal\mar2020\pickle_files\bc850569a0158cc1759843b032b7160750bab4d7.pkl,1
D:\08_Dataset\Internal\mar2020\pickle_files\3897b2089d2dd0d13d25ba1ce21811e8202f7f45.pkl,1
D:\08_Dataset\Internal\mar2020\pickle_files\10fd9e2acfb290e1dd88a69977b7cf4616023a82.pkl,1
D:\08_Dataset\Internal\mar2020\pickle_files\e18248427960193819eaf0b30cedb8c1862f33a5.pkl,1
D:\08_Dataset\Internal\mar2020\pickle_files\6858f9ac7d6bc369da2c49a8a870864f561276a8.pkl,1
D:\08_Dataset\Internal\mar2020\pickle_files\4f553e4519c1ae8707c80a381ca5e257d0e8ddcd.pkl,1
D:\08_Dataset\Internal\mar2020\pickle_files\3e0204d5401d9b0ca370548a96067f65305e5446.pkl,1
D:\08_Dataset\Internal\mar2020\pickle_files\f59e68688f835b39d5210c28ba6b83eba03ff87d.pkl,1
D:\08_Dataset\Internal\mar2020\pickle_files\75136cbc39034ac1708fe184102c6435964c0e28.pkl,1
D:\08_Dataset\Internal\mar2020\pickle_files\84cefc8630db86b70371b0473f4695ea457e9be0.pkl,1
D:\08_Dataset\Internal\mar2020\pickle_files\a781a53811c765a7cf497a0051a695dfe17eaddd.pkl,1
D:\08_Dataset\Internal\mar2020\pickle_files\658596015ab54f37cbfe14057bed41fff5ad3e03.pkl,1
D:\08_Dataset\Internal\mar2020\pickle_files\35e330092ed569504aa886d36d11e2897150301d.pkl,1
D:\08_Dataset\Internal\mar2020\pickle_files\453f36cc438bba4c26b05c394ca297ddd006e710.pkl,1
D:\08_Dataset\Internal\mar2020\pickle_files\dbc75e30d1b924d5faff8b07c3a3d7a08e57f9f0.pkl,1
D:\08_Dataset\Internal\mar2020\pickle_files\093c4e7250364d88d4c8d0d18330f9c5da7cea3d.pkl,1
D:\08_Dataset\Internal\mar2020\pickle_files\f2d648a00e351148dc4a88a482884dfce6b1145b.pkl,1
D:\08_Dataset\Internal\mar2020\pickle_files\99c1e5f0372de94aa8c599fa57fb26503f6369d7.pkl,1
D:\08_Dataset\Internal\mar2020\pickle_files\66c45cb1f4399af5a7ef344563c34388d64622ac.pkl,1
D:\08_Dataset\Internal\mar2020\pickle_files\a992938729c58430074e90ebd3432ff463efcbd0.pkl,1
D:\08_Dataset\Internal\mar2020\pickle_files\46e4e28038feae5f5572407616fe20f2f51314e2.pkl,1
D:\08_Dataset\Internal\mar2020\pickle_files\378174457888af4345f9ab7a25312dcc40c3da1b.pkl,1
D:\08_Dataset\Internal\mar2020\pickle_files\e0508889c7409e44360e309ebc89b3e905e5b713.pkl,1
D:\08_Dataset\Internal\mar2020\pickle_files\010af102f936357fa4ceb7b4470640652d006e58.pkl,1
D:\08_Dataset\Internal\mar2020\pickle_files\887784b24f6bd740c343ca20b5812a41d4dfd21a.pkl,1
D:\08_Dataset\Internal\mar2020\pickle_files\678bb8da32cfdee42e88d32f38c1c70c93e578c2.pkl,1
D:\08_Dataset\Internal\mar2020\pickle_files\86514f7c1299f4cf473ccd7dafb5c9023c936bb6.pkl,1
D:\08_Dataset\Internal\mar2020\pickle_files\73fb81bfdd76909b2a073ba161ef84c66f4de1b7.pkl,1
D:\08_Dataset\Internal\mar2020\pickle_files\996b75831db4ff4f8de1e9af7ba350041417eb4a.pkl,1
D:\08_Dataset\Internal\mar2020\pickle_files\063ce0ab41009891fbe20a8f4b7deaea85209f82.pkl,1
D:\08_Dataset\Internal\mar2020\pickle_files\a48df7f7d05bc6cd2671c2bfb2cf9c2dae17b668.pkl,1
D:\08_Dataset\Internal\mar2020\pickle_files\efa038bb142efc02fad1b6d594ddee45e16c1cdd.pkl,1
D:\08_Dataset\Internal\mar2020\pickle_files\7faf0d238350dc548bf87116b92a5cafe16a1bdc.pkl,1
D:\08_Dataset\Internal\mar2020\pickle_files\7428fffb74ae5f827c3f207fa61c8524af88d810.pkl,1
D:\08_Dataset\Internal\mar2020\pickle_files\873452b9774d656e06105cdc5bee917beba13e94.pkl,1
D:\08_Dataset\Internal\mar2020\pickle_files\7d6287801dff47bda5b3396f472ecbdddc9b0aef.pkl,1
D:\08_Dataset\Internal\mar2020\pickle_files\0e1dcf48b1b0669c22400364dafc26fbf6671cd1.pkl,1
D:\08_Dataset\Internal\mar2020\pickle_files\17c2feedfb0e2b155beac3a356acdcc07646e05d.pkl,1
D:\08_Dataset\Internal\mar2020\pickle_files\a3353f1ca854f6f7718e30484b1ad637453e7dc5.pkl,1
D:\08_Dataset\Internal\mar2020\pickle_files\0585b81c19e2d54a333dd26c984cfa671a4f8653.pkl,1
D:\08_Dataset\Internal\mar2020\pickle_files\e90b8489b96783c16843ea03f4976088b987ee37.pkl,1
D:\08_Dataset\Internal\mar2020\pickle_files\f3a6d1d134c9d57ee48b3fb2c9d51fe0b1cdb29f.pkl,1
D:\08_Dataset\Internal\mar2020\pickle_files\ec75fa217cd16d03f16a1b9fb2d406033753818e.pkl,1
D:\08_Dataset\Internal\mar2020\pickle_files\619f033e3cd48ee980b4c63be26a41e079e419ed.pkl,1
D:\08_Dataset\Internal\mar2020\pickle_files\edd09f90dba86cac393ed7a58b9c372e69208b2c.pkl,1
D:\08_Dataset\Internal\mar2020\pickle_files\24fbe8f705e3166c652b7247b692d2be25b1e3d8.pkl,1
D:\08_Dataset\Internal\mar2020\pickle_files\3f2d14ecceceafec87092a294efe7fc850cf2534.pkl,1
D:\08_Dataset\Internal\mar2020\pickle_files\a14ada7cd29e471aa05def0ad33931f8f8d6af1b.pkl,1
D:\08_Dataset\Internal\mar2020\pickle_files\815e58b598135e405edbdeba86b0d60d83ea7a7e.pkl,1
D:\08_Dataset\Internal\mar2020\pickle_files\f0276f4e3ecd57b72bd93a1f0bc4318e35e7896a.pkl,1
D:\08_Dataset\Internal\mar2020\pickle_files\e1d3cccd5503252d5ef672655c4869e2b70476a6.pkl,1
D:\08_Dataset\Internal\mar2020\pickle_files\b86462f8fcb72b85c4ec94cf87a9763297b576c4.pkl,1
D:\08_Dataset\Internal\mar2020\pickle_files\20a26bfb80497feac995d7641a23b52ff4815fa0.pkl,1
D:\08_Dataset\Internal\mar2020\pickle_files\79e58feb026f1060ff81fb7d624deef2bdff8c28.pkl,1
D:\08_Dataset\Internal\mar2020\pickle_files\435efdfd87117ffa17fa1c36ab9dfaf397ff4d8f.pkl,1
D:\08_Dataset\Internal\mar2020\pickle_files\998468d3a65742ae43cd030f87c76efe402d92ed.pkl,1
D:\08_Dataset\Internal\mar2020\pickle_files\ca0e4897ed2f266ae11a1619f359d5a810677018.pkl,1
D:\08_Dataset\Internal\mar2020\pickle_files\a0c6c3903535a75b6f14bd255323752c58712c12.pkl,1
D:\08_Dataset\Internal\mar2020\pickle_files\f0b8434f1c08da6c0350cffc55e13c170333da7a.pkl,1
D:\08_Dataset\Internal\mar2020\pickle_files\1f2367ed443b79b8aaa2752d920a37b536c6f2cd.pkl,1
D:\08_Dataset\Internal\mar2020\pickle_files\1d4927ed88eb0aed7d87a09ef4889027b2b527a8.pkl,1
D:\08_Dataset\Internal\mar2020\pickle_files\d77d5d7c33976ba596920a77ff5b2bf91c70a57f.pkl,1
D:\08_Dataset\Internal\mar2020\pickle_files\3585741f85f961514ce2891e875cc9dcd8891e06.pkl,1
D:\08_Dataset\Internal\mar2020\pickle_files\e7ed68bf5df6bc2efa2d80ba1c9e11b7f7594227.pkl,1
D:\08_Dataset\Internal\mar2020\pickle_files\7ed41a2c1d27a0c5b0deba6310dab0d856a6fbaf.pkl,1
D:\08_Dataset\Internal\mar2020\pickle_files\1b741bd8eebe0163b4a7130b5117b8df40400b13.pkl,1
D:\08_Dataset\Internal\mar2020\pickle_files\cbdd08975e724da1d6bb58fa85e18f0c4e6e1d34.pkl,1
D:\08_Dataset\Internal\mar2020\pickle_files\0bc51b364bea7e17e1c93d21f20ad60f15b99ba2.pkl,1
D:\08_Dataset\Internal\mar2020\pickle_files\1b4d53259009f364a3aa854efdc97aaac140a28a.pkl,1
D:\08_Dataset\Internal\mar2020\pickle_files\18720dc844cf7138fbbb46bc14221e7270bb4000.pkl,1
D:\08_Dataset\Internal\mar2020\pickle_files\09c99c342205611a8f193e9448300efaeb81ad6e.pkl,1
D:\08_Dataset\Internal\mar2020\pickle_files\e0c8b076a227f6c00073f1b94dedb7b8bbdb15d5.pkl,1
D:\08_Dataset\Internal\mar2020\pickle_files\39d63ec776cd8a6abdb5ffc6213d55315254e1bf.pkl,1
D:\08_Dataset\Internal\mar2020\pickle_files\a74039dca3d7fad0843507afd8b16a72470a02d6.pkl,1
D:\08_Dataset\Internal\mar2020\pickle_files\e0551f946537d8e16f234db0bc37803299c01d07.pkl,1
D:\08_Dataset\Internal\mar2020\pickle_files\ecf1217b3135bf31a6d41cecbab270a18643d0ef.pkl,1
D:\08_Dataset\Internal\mar2020\pickle_files\34f34c413e546a15ce525bfd3a58b308a95a4cc7.pkl,1
D:\08_Dataset\Internal\mar2020\pickle_files\fa9d6dbb9ab4030550b911c2958e6cc641f78d19.pkl,1
D:\08_Dataset\Internal\mar2020\pickle_files\ba39a5c0b62e57d56b76b50bbcc6fb5b936bcf9b.pkl,1
D:\08_Dataset\Internal\mar2020\pickle_files\301eab02f687b638f5427a30af422519250a279e.pkl,1
D:\08_Dataset\Internal\mar2020\pickle_files\986a732bb5f5171979cfdfca2ee7e421c19cb371.pkl,1
D:\08_Dataset\Internal\mar2020\pickle_files\b289b933e4cbc966cb74e8258c59241c54211cdd.pkl,1
D:\08_Dataset\Internal\mar2020\pickle_files\36bd009e7051db58d26bd75a461642c63bfb27bd.pkl,1
D:\08_Dataset\Internal\mar2020\pickle_files\6c0207c0ad6671c6edddcc16baccb59d79f871a7.pkl,1
D:\08_Dataset\Internal\mar2020\pickle_files\391454fef561c0e661bee3de8b8baf49f757f37d.pkl,1
D:\08_Dataset\Internal\mar2020\pickle_files\bd968035e70675c63de2c1746ec5b497bf6d2517.pkl,1
D:\08_Dataset\Internal\mar2020\pickle_files\0e745816dfb1611592a8560edd82671322c3dc58.pkl,1
D:\08_Dataset\Internal\mar2020\pickle_files\e3b6b1ff8c5413ebba9bc60b93bbc0454a2f9f7c.pkl,1
D:\08_Dataset\Internal\mar2020\pickle_files\9ca2e7ddcded726a8d08f25a02ad9a3a1c36ad84.pkl,1
D:\08_Dataset\Internal\mar2020\pickle_files\809889b013c775bc06d1831dbc4c395313be4802.pkl,1
D:\08_Dataset\Internal\mar2020\pickle_files\189185e0439cfece1904498dad5f5e5761d82559.pkl,1
D:\08_Dataset\Internal\mar2020\pickle_files\28512744b9d24dc0e5b49525501e5768cf98c52b.pkl,1
D:\08_Dataset\Internal\mar2020\pickle_files\786b8401776c4005b329de49a39fd36e8ed56db5.pkl,1
D:\08_Dataset\Internal\mar2020\pickle_files\44a5ec9c482ddca0d6750e254ffb3733477ee183.pkl,1
D:\08_Dataset\Internal\mar2020\pickle_files\84bd792dfc3e9aeceabef538583384b4820be29b.pkl,1
D:\08_Dataset\Internal\mar2020\pickle_files\62e315733c02098c6d1ed167ee98095ff108aa74.pkl,1
D:\08_Dataset\Internal\mar2020\pickle_files\d18992f0769cbd7bb25197c9ff74ea43ae5e0561.pkl,1
D:\08_Dataset\Internal\mar2020\pickle_files\a5626ce393bde847e4594be028265692effa5728.pkl,1
D:\08_Dataset\Internal\mar2020\pickle_files\26e4bef61afff3fb3f9a06a0ebc4f2fc7d000b4d.pkl,1
D:\08_Dataset\Internal\mar2020\pickle_files\5a34cf4247b1358be8c1242440998db1cf12b329.pkl,1
D:\08_Dataset\Internal\mar2020\pickle_files\fb4f01a63755b33de5dc2b8745ab1954182f062e.pkl,1
D:\08_Dataset\Internal\mar2020\pickle_files\264c2c183fd6e9b19b24cc1fc4b392c45d148614.pkl,1
D:\08_Dataset\Internal\mar2020\pickle_files\b208cd80be2a54479d2886c4eed34dd0f9ccb5bb.pkl,1
D:\08_Dataset\Internal\mar2020\pickle_files\a4ac3330da572860b382fcefb406c60bf19ec941.pkl,1
D:\08_Dataset\Internal\mar2020\pickle_files\42b0c1cf1325c0e7b7a8821aeaaba66a4e3be3b9.pkl,1
D:\08_Dataset\Internal\mar2020\pickle_files\71447452045b4e56f03f01dd700c749e2e8966c8.pkl,1
D:\08_Dataset\Internal\mar2020\pickle_files\dc61e7edf49adba36f0300df1b9d72d9cfcd651f.pkl,1
D:\08_Dataset\Internal\mar2020\pickle_files\591840981cf7eaf95e98a6b3872ea986d6ce33af.pkl,1
D:\08_Dataset\Internal\mar2020\pickle_files\167a00601afd06f832191d294167d8684c82317f.pkl,1
D:\08_Dataset\Internal\mar2020\pickle_files\2bb5a576ee21edd6a21da14c582cb4e2a4a9a7dc.pkl,1
D:\08_Dataset\Internal\mar2020\pickle_files\500a13fc5cbc0124b9659506f972995876a06e78.pkl,1
D:\08_Dataset\Internal\mar2020\pickle_files\d0c4b2da05c6487d7f279416bcbe1c1f51eb4675.pkl,1
D:\08_Dataset\Internal\mar2020\pickle_files\4bd0a2ea2327ce3cb0eb6deb9453a4af7a8f94e9.pkl,1
D:\08_Dataset\Internal\mar2020\pickle_files\b78ece372a2c72c286ea625df9988d4a3ecc36f6.pkl,1
D:\08_Dataset\Internal\mar2020\pickle_files\f7b7dcec3ce06097223d163ccbc7d1b5842825f8.pkl,1
D:\08_Dataset\Internal\mar2020\pickle_files\b2acd60979f6a9fe7c8c6fd1f6e2a6e1c2e7df9e.pkl,1
D:\08_Dataset\Internal\mar2020\pickle_files\1bd31f1c96a7b0bd4e6267537fda770623a80672.pkl,1
D:\08_Dataset\Internal\mar2020\pickle_files\8737de6b1ca67f28f4d4ae602d33fe51924531bd.pkl,1
D:\08_Dataset\Internal\mar2020\pickle_files\7fba444958fcca2c16ecb3cb0c936a27b0c06f54.pkl,1
D:\08_Dataset\Internal\mar2020\pickle_files\e7c1d58fed5bf003c87d635b1593bfb0a3efe3e8.pkl,1
D:\08_Dataset\Internal\mar2020\pickle_files\02439f78804e0baa38ba4dd232fa6e57f460ed0f.pkl,1
D:\08_Dataset\Internal\mar2020\pickle_files\620abc40953645671dd3f3d57dac8a5c5bb0a000.pkl,1
D:\08_Dataset\Internal\mar2020\pickle_files\51f64a6820421e66d15261e08eb12255f8fcf07c.pkl,1
D:\08_Dataset\Internal\mar2020\pickle_files\c5a7a8a0b3edae5d366aa672947b120506fca3db.pkl,1
D:\08_Dataset\Internal\mar2020\pickle_files\6b0c5a88c25d9c8187e74abce2a79d15b2615857.pkl,1
D:\08_Dataset\Internal\mar2020\pickle_files\9a0307a558c0c7da3bd7a44e208113e9a5cdb6f0.pkl,1
D:\08_Dataset\Internal\mar2020\pickle_files\908ea44824139930f649e15d2533a7276d995056.pkl,1
D:\08_Dataset\Internal\mar2020\pickle_files\c679ec4b649a944a709ec025ea6bc7112faf3db7.pkl,1
D:\08_Dataset\Internal\mar2020\pickle_files\d506bb9fa4276008d06752a637d434c775fe3001.pkl,1
D:\08_Dataset\Internal\mar2020\pickle_files\85a455679922055dda105df49f18a1f2f941969a.pkl,1
D:\08_Dataset\Internal\mar2020\pickle_files\d85a671f7b5e07518d5b43ef48f5563dfe79b265.pkl,1
D:\08_Dataset\Internal\mar2020\pickle_files\45dfa48a6916b6f1dfe86b2bf090ce111da3d15f.pkl,1
D:\08_Dataset\Internal\mar2020\pickle_files\18a01856f6735754ef33daa8c8ba450671057206.pkl,1
D:\08_Dataset\Internal\mar2020\pickle_files\4b169c4071c3d1232ac60d02a9286f010425e9bc.pkl,1
D:\08_Dataset\Internal\mar2020\pickle_files\bdceb95a04fb58b4b91c261e3d0a5d1f8a2f2712.pkl,1
D:\08_Dataset\Internal\mar2020\pickle_files\0c43c60f49e4a0ddbe0acd9a590a0a8cdcc8ad66.pkl,1
D:\08_Dataset\Internal\mar2020\pickle_files\ca8675f449b97c8e3f2022bf296e164acc2568c6.pkl,1
D:\08_Dataset\Internal\mar2020\pickle_files\ec551175c21eb73339f4faaa8b502179f308c9e3.pkl,1
D:\08_Dataset\Internal\mar2020\pickle_files\02e75606bd6294f0d10a4b63d7527e3b5981d4b9.pkl,1
D:\08_Dataset\Internal\mar2020\pickle_files\273aac93d7352b9b011c2fe20d237d97dc83244a.pkl,1
D:\08_Dataset\Internal\mar2020\pickle_files\a209324ae65d878f8e6ff456836dfdc7edd1f393.pkl,1
D:\08_Dataset\Internal\mar2020\pickle_files\29608f47d8688f3386ea9fa4f01548cafe938335.pkl,1
D:\08_Dataset\Internal\mar2020\pickle_files\6fb9927db6f456c6bc410142cc0b1dcde3256683.pkl,1
D:\08_Dataset\Internal\mar2020\pickle_files\8cc1ef18e9fc760289364cef6c346d9216792bc8.pkl,1
D:\08_Dataset\Internal\mar2020\pickle_files\a19ce57386dae3750e7e326a024da77717047d7d.pkl,1
D:\08_Dataset\Internal\mar2020\pickle_files\e7f29856dcfaefb8263ba5e9cc41992cba7dcd39.pkl,1
D:\08_Dataset\Internal\mar2020\pickle_files\82836aa852c7669c4304c3045d8109295c392b40.pkl,1
D:\08_Dataset\Internal\mar2020\pickle_files\f2fcd4bc9348caea6f65bb1bb0632ae5817cb049.pkl,1
D:\08_Dataset\Internal\mar2020\pickle_files\059c104b78134810ee922a240cd670771b6d9ce4.pkl,1
D:\08_Dataset\Internal\mar2020\pickle_files\896e97684aa2c4b4fcacf93dba48a23e36a05acf.pkl,1
D:\08_Dataset\Internal\mar2020\pickle_files\0e47e0160cbdb6892784a48a8f235e731e8211ca.pkl,1
D:\08_Dataset\Internal\mar2020\pickle_files\4a8a15b6980772372b16e26f0337619a0569b2a4.pkl,1
D:\08_Dataset\Internal\mar2020\pickle_files\914d4c6d7ed7ca0b852ee85183b8a1eac28f071b.pkl,1
D:\08_Dataset\Internal\mar2020\pickle_files\f4e6b8abf45bf43a003a3089a54ffaffdc219a19.pkl,1
D:\08_Dataset\Internal\mar2020\pickle_files\b3100871e1c6abe34d44fa744d05d4f85789f01e.pkl,1
D:\08_Dataset\Internal\mar2020\pickle_files\eb7a850d584d7f54a9d96790dc21a7cf4c55baae.pkl,1
D:\08_Dataset\Internal\mar2020\pickle_files\02d9523e9ae111b1eb9bda76e142256b720f76b8.pkl,1
D:\08_Dataset\Internal\mar2020\pickle_files\7d0444d354b345d2c071e82ea1f2219d03488be0.pkl,1
D:\08_Dataset\Internal\mar2020\pickle_files\0915193ab0eece895f268ec9fdda592d83751d70.pkl,1
D:\08_Dataset\Internal\mar2020\pickle_files\16b043e17088d51994d749e9252cbb6c7f86648e.pkl,1
D:\08_Dataset\Internal\mar2020\pickle_files\45d468b62546af5cf0890f5fa3ac30d0ad4a044b.pkl,1
D:\08_Dataset\Internal\mar2020\pickle_files\a64770f203698ce90845d2b9bd489277ae94222f.pkl,1
D:\08_Dataset\Internal\mar2020\pickle_files\7a806ec9ef492eca092df8591d1710b85835b72b.pkl,1
D:\08_Dataset\Internal\mar2020\pickle_files\46b490533865f6463092eff6db98c11087b12a22.pkl,1
D:\08_Dataset\Internal\mar2020\pickle_files\b997cf38a388d8db99f45e4dec7a1cae7a4ee1f7.pkl,1
D:\08_Dataset\Internal\mar2020\pickle_files\24eb398031c72ac4aab7af0df0bf6a0d4e3d2a1a.pkl,1
D:\08_Dataset\Internal\mar2020\pickle_files\1227a5e137d24a62d47ee99db963853a2671b325.pkl,1
D:\08_Dataset\Internal\mar2020\pickle_files\8a92f1ea5edd84fb480786bd28e9180370423c1e.pkl,1
D:\08_Dataset\Internal\mar2020\pickle_files\c7a870193b3075a6e9574fee183158e10114d041.pkl,1
D:\08_Dataset\Internal\mar2020\pickle_files\59c0ad32eee3d9ee5ada647ff4900c2a792dc303.pkl,1
D:\08_Dataset\Internal\mar2020\pickle_files\17ff163249831df5638f489db172d3045a5ec5a2.pkl,1
D:\08_Dataset\Internal\mar2020\pickle_files\168272a0c5996479013b6753de84f67759b2a425.pkl,1
D:\08_Dataset\Internal\mar2020\pickle_files\d87b3c2d3b7200df54572ed0ec96762f26146e85.pkl,1
D:\08_Dataset\Internal\mar2020\pickle_files\b47250690bdf7184288510e7d1bf2bcd6e4a36d9.pkl,1
D:\08_Dataset\Internal\mar2020\pickle_files\699266c7e737408c23b219e1fbef3638e2f637fe.pkl,1
D:\08_Dataset\Internal\mar2020\pickle_files\5eab546f54c933cf287f54cfdfd71f869bd7e161.pkl,1
D:\08_Dataset\Internal\mar2020\pickle_files\cef9f181de102ebdca80265268d69349e03e8f8d.pkl,1
D:\08_Dataset\Internal\mar2020\pickle_files\7dc0783c73b106315a8be933cbf95a660d18c60f.pkl,1
D:\08_Dataset\Internal\mar2020\pickle_files\3ffd2d406b4c79e3d2f52f36982d6953a49f4dd2.pkl,1
D:\08_Dataset\Internal\mar2020\pickle_files\2533197bc2dc73daae9a16204764f6b7358122e8.pkl,1
D:\08_Dataset\Internal\mar2020\pickle_files\480b6da3c7fd848beca079869c862dc077eff4d6.pkl,1
D:\08_Dataset\Internal\mar2020\pickle_files\3752eaa74c953e7a9dc543f335da110e9f32cf2f.pkl,1
D:\08_Dataset\Internal\mar2020\pickle_files\4717ad3dce75be6b9753ecf3d791591e78186537.pkl,1
D:\08_Dataset\Internal\mar2020\pickle_files\f16d7d93a11df1ccdf574843127be3fb6a109dc3.pkl,1
D:\08_Dataset\Internal\mar2020\pickle_files\356031961be5818ca50475ded89daaa69f906f98.pkl,1
D:\08_Dataset\Internal\mar2020\pickle_files\7ed25698ac4ed8647a4bef867f6ae323ce6622e9.pkl,1
D:\08_Dataset\Internal\mar2020\pickle_files\c6d5f88384fae4b90c077291882d094f1642f3d4.pkl,1
D:\08_Dataset\Internal\mar2020\pickle_files\39b73030f32a87bdc6ac6149c94b4699da2b83ef.pkl,1
D:\08_Dataset\Internal\mar2020\pickle_files\4503a210d7752d382fa544f434d3106d41f277d9.pkl,1
D:\08_Dataset\Internal\mar2020\pickle_files\4caaec6432d069d6bd01695493a7a01481febc88.pkl,1
D:\08_Dataset\Internal\mar2020\pickle_files\a59ce0ba842e6a59f4f0a5b7838cb95f45f72747.pkl,1
D:\08_Dataset\Internal\mar2020\pickle_files\199f69fdc7f86e7cd8a92436c716104893dad04b.pkl,1
D:\08_Dataset\Internal\mar2020\pickle_files\84931e8fc8960d82044280ad63820a6b018eed21.pkl,1
D:\08_Dataset\Internal\mar2020\pickle_files\dc2e8c90827c9f457ee3edeb7a928f21e71f4270.pkl,1
D:\08_Dataset\Internal\mar2020\pickle_files\e09f8a2c7ec8ed11fc5a286b838761f878a4632d.pkl,1
D:\08_Dataset\Internal\mar2020\pickle_files\592647810d177233a7a461aeb6c03ce37ba6386e.pkl,1
D:\08_Dataset\Internal\mar2020\pickle_files\22db5c7db3cd2cac689877829f8335bc82fb345d.pkl,1
D:\08_Dataset\Internal\mar2020\pickle_files\872ab369397418022a4b708c2f73b6fa3b977678.pkl,1
D:\08_Dataset\Internal\mar2020\pickle_files\158323e2205213c11d559e8746aab6ee64f189f6.pkl,1
D:\08_Dataset\Internal\mar2020\pickle_files\92957032bdcaf857b4c943bd580a88abd363dee9.pkl,1
D:\08_Dataset\Internal\mar2020\pickle_files\9ebf1403ef8f302eebd544ddc6a3d22722a5a198.pkl,1
D:\08_Dataset\Internal\mar2020\pickle_files\10440e1a93f77015ff10db1f5f846029657d02cf.pkl,1
D:\08_Dataset\Internal\mar2020\pickle_files\1f69f493f02c8185f7b9fa758fc1fdf80418f519.pkl,1
D:\08_Dataset\Internal\mar2020\pickle_files\6a672a58ead7ca6991011eabba7845ef01dd3496.pkl,1
D:\08_Dataset\Internal\mar2020\pickle_files\55a0264431deed3c4bf8ce5472379db24eb098f2.pkl,1
D:\08_Dataset\Internal\mar2020\pickle_files\6172c11b950e407e8ddd3ef9bab52792107a8ea3.pkl,1
D:\08_Dataset\Internal\mar2020\pickle_files\23f64cf07ead84729e3a479fdf346a632bf9e1a7.pkl,1
D:\08_Dataset\Internal\mar2020\pickle_files\621b874068e04f3e0e11ac7a63bd95191dbf91d6.pkl,1
D:\08_Dataset\Internal\mar2020\pickle_files\b4d39167a5ef4d0d2d2f1a57dec0ab54a5157c58.pkl,1
D:\08_Dataset\Internal\mar2020\pickle_files\159e4ff3f7e8200b4aed27dd62a47cceb8e0881c.pkl,1
D:\08_Dataset\Internal\mar2020\pickle_files\7ee442d07298760569920320b5e7ef86aae4f79b.pkl,1
D:\08_Dataset\Internal\mar2020\pickle_files\c80b094e77c73d9f337cf820715ddefe2f456e23.pkl,1
D:\08_Dataset\Internal\mar2020\pickle_files\4928ad0b12da4125f9079e1d80e8f593441d898f.pkl,1
D:\08_Dataset\Internal\mar2020\pickle_files\7821625d344c041e257a042c7d6d272adcfa8c1c.pkl,1
D:\08_Dataset\Internal\mar2020\pickle_files\5fa9959afb758d566ad89f744748621d73add4da.pkl,1
D:\08_Dataset\Internal\mar2020\pickle_files\d395722491ca94dc5591b758a68cf6469abdb18b.pkl,1
D:\08_Dataset\Internal\mar2020\pickle_files\82562939c890d6e9000f68b3ebc0609dd51609a9.pkl,1
D:\08_Dataset\Internal\mar2020\pickle_files\1d385943c1147df065b6f979ba04f72d6c74d1d6.pkl,1
D:\08_Dataset\Internal\mar2020\pickle_files\f14b90f0e0653bd688e5c8d7a2515aa1d0f49177.pkl,1
D:\08_Dataset\Internal\mar2020\pickle_files\c09dcc301bc250dc1e78b2d53e2a72edf7bb6cbb.pkl,1
D:\08_Dataset\Internal\mar2020\pickle_files\f71fb9572d8c4b5ad18e9d29163b6dc73180dbe3.pkl,1
D:\08_Dataset\Internal\mar2020\pickle_files\00293f9285e82642b30794cd6fc60cc7783a2f16.pkl,1
D:\08_Dataset\Internal\mar2020\pickle_files\dee00e06f6d5109194f6119bb10145c0b12362c9.pkl,1
D:\08_Dataset\Internal\mar2020\pickle_files\11ccc8cae4e60c2491b55f0aab69e2f9f933c2f4.pkl,1
D:\08_Dataset\Internal\mar2020\pickle_files\7856dc6a0e83efa607594da0ccbf0dea73285d99.pkl,1
D:\08_Dataset\Internal\mar2020\pickle_files\69f2b745ada32a59e24c1d574a7c2b975cdc1750.pkl,1
D:\08_Dataset\Internal\mar2020\pickle_files\7d409efb63bda3065c19718cb69aad938d76d955.pkl,1
D:\08_Dataset\Internal\mar2020\pickle_files\eaa5bb7253c78a1b60c7e7cfb072a3f4df240490.pkl,1
D:\08_Dataset\Internal\mar2020\pickle_files\8d411dc49c8db6e7cb0b2edece88b61137ac9d1b.pkl,1
D:\08_Dataset\Internal\mar2020\pickle_files\f08fd1f73b15ea5615cd6e6895395b08e061cbea.pkl,1
D:\08_Dataset\Internal\mar2020\pickle_files\3f23a8bf1d07140304bf6d3c75e6b4c01a1b90e8.pkl,1
D:\08_Dataset\Internal\mar2020\pickle_files\79336474b82afc91d71258e022c459b7a55b5733.pkl,1
D:\08_Dataset\Internal\mar2020\pickle_files\756d94e8a2013dbbb4f07cec0c834b19627cceb3.pkl,1
D:\08_Dataset\Internal\mar2020\pickle_files\08f146f9d0204d70c59e8caeda2167d82534d056.pkl,1
D:\08_Dataset\Internal\mar2020\pickle_files\168447cb508a06d938efd6e3af84cc08c71ec6c6.pkl,1
D:\08_Dataset\Internal\mar2020\pickle_files\5e6e4774135e954a5812893d12e216d816bf4a28.pkl,1
D:\08_Dataset\Internal\mar2020\pickle_files\d557a34f8d7aa7995a1bd2fbaf8428f3418145ef.pkl,1
D:\08_Dataset\Internal\mar2020\pickle_files\065651ae6029af15e7fe9d81f6da76438facd9a2.pkl,1
D:\08_Dataset\Internal\mar2020\pickle_files\8efa9ecc0659ad1bb62577cc26486cd5f798ed6d.pkl,1
D:\08_Dataset\Internal\mar2020\pickle_files\1010b8b9829d7236c75c51339aa0ed618e220d5b.pkl,1
D:\08_Dataset\Internal\mar2020\pickle_files\2334ec99f48ac83ea409e09a57191c3d97120a9f.pkl,1
D:\08_Dataset\Internal\mar2020\pickle_files\a19a07bacf6fd1cdb76be8aa9c33c3b359c98440.pkl,1
D:\08_Dataset\Internal\mar2020\pickle_files\2664215f0a752ff83ba082dc5e070f86c2319841.pkl,1
D:\08_Dataset\Internal\mar2020\pickle_files\93cb2bd49667aee65438b13f264d5f2bd7f991e0.pkl,1
D:\08_Dataset\Internal\mar2020\pickle_files\55e6cf2025919257ce785465642db0ca7bd6357c.pkl,1
D:\08_Dataset\Internal\mar2020\pickle_files\6db587e9f0f1a449d669cb279e81c5e8fd234c91.pkl,1
D:\08_Dataset\Internal\mar2020\pickle_files\a4fd2322d7448aa25ec6d2525e9977fcc3e31a5a.pkl,1
D:\08_Dataset\Internal\mar2020\pickle_files\2d475e5b1b8013872f8d3be4dc448170bbb2c0e9.pkl,1
D:\08_Dataset\Internal\mar2020\pickle_files\81de8c4f0e770b0f9752cd3db60efb9d0f040aec.pkl,1
D:\08_Dataset\Internal\mar2020\pickle_files\67fb9a8b7c723921f63b3f2c557f160e6f9b917d.pkl,1
D:\08_Dataset\Internal\mar2020\pickle_files\6aeba02e404f43c9cbcf419c6b8ee5f518063c43.pkl,1
D:\08_Dataset\Internal\mar2020\pickle_files\a4dc3797407698db971eab01bd50e1d34ed98d3d.pkl,1
D:\08_Dataset\Internal\mar2020\pickle_files\490ed36ee51d75292634d6eb790e7475bad2df98.pkl,1
D:\08_Dataset\Internal\mar2020\pickle_files\ddacc4beaf62194188b87c105f2321e618b930a5.pkl,1
D:\08_Dataset\Internal\mar2020\pickle_files\f5f9d41e8b37f84f8a4f830bd82c999f579d4148.pkl,1
D:\08_Dataset\Internal\mar2020\pickle_files\11a89f4f143ad7bf6ab4ecc5fb9e1379618dba85.pkl,1
D:\08_Dataset\Internal\mar2020\pickle_files\ae44917c0e1ecc1e8d261a2a96b038ac79bb31ca.pkl,1
D:\08_Dataset\Internal\mar2020\pickle_files\1d7d225c6b9f3723dd2cc6a9c37d464f3cab0933.pkl,1
D:\08_Dataset\Internal\mar2020\pickle_files\1ab3513276bc752d4104fa1e6206d2a2fe5ce7cb.pkl,1
D:\08_Dataset\Internal\mar2020\pickle_files\9e5c25408e038eaa1ccde94de93c009a93255a45.pkl,1
D:\08_Dataset\Internal\mar2020\pickle_files\8c8bb60d799e4dc6cd0463f93f31749b0c08c336.pkl,1
D:\08_Dataset\Internal\mar2020\pickle_files\a5ba39d1653dd43d5801ab71c3a3ca9c4bef9882.pkl,1
D:\08_Dataset\Internal\mar2020\pickle_files\264ad764f5e759f9a40f4c73ad0cd253713f7bcd.pkl,1
D:\08_Dataset\Internal\mar2020\pickle_files\11d041d8346b7485080d09432c16e800e2656c07.pkl,1
D:\08_Dataset\Internal\mar2020\pickle_files\23963feaa4f5c5439e04c98aa051369c2413979f.pkl,1
D:\08_Dataset\Internal\mar2020\pickle_files\d9ef9b86a099803b552bdca27d45a624ef88be85.pkl,1
D:\08_Dataset\Internal\mar2020\pickle_files\beaf0ac75ea6905201951ff4910b49fb2decc297.pkl,1
D:\08_Dataset\Internal\mar2020\pickle_files\9131a26620ebddfdcc9d4e62b2fc8a7343f56045.pkl,1
D:\08_Dataset\Internal\mar2020\pickle_files\df512e4b8a5eae16da6afce3c3bc57de4b012fde.pkl,1
D:\08_Dataset\Internal\mar2020\pickle_files\0d12f98ddd43e36025bba228aede4b3a210d49c3.pkl,1
D:\08_Dataset\Internal\mar2020\pickle_files\0c11bc55748ebd477e090d9958a923c3db2e0865.pkl,1
D:\08_Dataset\Internal\mar2020\pickle_files\b330f5657c25a96e8b198a42125adf9b93d794aa.pkl,1
D:\08_Dataset\Internal\mar2020\pickle_files\e33608df1cd570292bebdd7d3547ddcb2e7cb505.pkl,1
D:\08_Dataset\Internal\mar2020\pickle_files\712e846c89086d21617e3b08f9c1d0d131271493.pkl,1
D:\08_Dataset\Internal\mar2020\pickle_files\69fcbd1af52d1b5dc4ea5158782699a4315a812b.pkl,1
D:\08_Dataset\Internal\mar2020\pickle_files\f5b2f623d89e5035292b4801bd09bd01fdbc8d62.pkl,1
D:\08_Dataset\Internal\mar2020\pickle_files\6edf05d4cc9f98c904bb15f619267ce2fb3e4574.pkl,1
D:\08_Dataset\Internal\mar2020\pickle_files\8bff3578775adde3459db407552cd822c8ccfc85.pkl,1
D:\08_Dataset\Internal\mar2020\pickle_files\dde44dad2896420372d8725f3e2267272fcd6196.pkl,1
D:\08_Dataset\Internal\mar2020\pickle_files\aed9ffac061a71a734feb4f3913ea3dd79d4c678.pkl,1
D:\08_Dataset\Internal\mar2020\pickle_files\913d42ffb0abf6fa6bfa53e144d310b03376441c.pkl,1
D:\08_Dataset\Internal\mar2020\pickle_files\405691df9a3631102653224b5025a7d0b29675c9.pkl,1
D:\08_Dataset\Internal\mar2020\pickle_files\1b79fa19b059f98e5fa698b16f4596866b2051f7.pkl,1
D:\08_Dataset\Internal\mar2020\pickle_files\bf293138e5e5ce1bc3a44cbcc63526dfa3444ed0.pkl,1
D:\08_Dataset\Internal\mar2020\pickle_files\bf15388ae5ba736309c21def4d9dcc2723a25deb.pkl,1
D:\08_Dataset\Internal\mar2020\pickle_files\cbe28b08cd57bfb730fb38dad5a60c883e736678.pkl,1
D:\08_Dataset\Internal\mar2020\pickle_files\1866b1ac25c60ba8cb8f7fe195cba90508ff3ee5.pkl,1
D:\08_Dataset\Internal\mar2020\pickle_files\8e02e94d2f5515d76d9284de0673529e898dd5a3.pkl,1
D:\08_Dataset\Internal\mar2020\pickle_files\e25e0a9d6ecafc3a49230fea478acb645f7eddd0.pkl,1
D:\08_Dataset\Internal\mar2020\pickle_files\511184e3377c9176f4cafa75b2717438e1b97bbc.pkl,1
D:\08_Dataset\Internal\mar2020\pickle_files\3d2a50f46ceb064d75f7821d18c2ca4562117ea6.pkl,1
D:\08_Dataset\Internal\mar2020\pickle_files\a96001ad0975cba24aae05a5c26f1de86d2a1c2c.pkl,1
D:\08_Dataset\Internal\mar2020\pickle_files\dfbf972d92d0855437116e0a2b826a29d7d9f24d.pkl,1
D:\08_Dataset\Internal\mar2020\pickle_files\f285d07e646d47a0699715b63bf535f53a2fe1c1.pkl,1
D:\08_Dataset\Internal\mar2020\pickle_files\b11ed890fb6adebd1cb330bd76ca9a4667b05eb1.pkl,1
D:\08_Dataset\Internal\mar2020\pickle_files\db2f4e24560cf59eb0f0e839cbfba1906aa94013.pkl,1
D:\08_Dataset\Internal\mar2020\pickle_files\f551ef1c234e3158525a594a9962618d534b3bc6.pkl,1
D:\08_Dataset\Internal\mar2020\pickle_files\66c7090c3c098cdbf30c3066a9cf6ad756c2f108.pkl,1
D:\08_Dataset\Internal\mar2020\pickle_files\0fd2f289093709bc4ea2e1f8cf0dc2c2a55f3c06.pkl,1
D:\08_Dataset\Internal\mar2020\pickle_files\7ce481eba768c5c7dc4ee16143b873b906a5e6a8.pkl,1
D:\08_Dataset\Internal\mar2020\pickle_files\3874253104e76080111f7e8a200d6e1eb18e4cf8.pkl,1
D:\08_Dataset\Internal\mar2020\pickle_files\d5e361f85540f821610bc537695e4a9e4582e3bd.pkl,1
D:\08_Dataset\Internal\mar2020\pickle_files\5759100c9f4b3199ec6037d4d40a6a15dfa78f26.pkl,1
D:\08_Dataset\Internal\mar2020\pickle_files\258777affccb5fd80325946b51096ec55a9e3653.pkl,1
D:\08_Dataset\Internal\mar2020\pickle_files\bc8193f50d8fc844af2b0c39556ffd58a8007b4e.pkl,1
D:\08_Dataset\Internal\mar2020\pickle_files\467b0a97190d68eb367e088263df039aae3cd5e8.pkl,1
D:\08_Dataset\Internal\mar2020\pickle_files\6e7d01b6570cc61274f3c3c9554f40b48048f08b.pkl,1
D:\08_Dataset\Internal\mar2020\pickle_files\0e48b497ea2e4544d95c522b2ff8331bb35de58f.pkl,1
D:\08_Dataset\Internal\mar2020\pickle_files\b6e9a24dd1a6ff3978e9c8d32e3a426c7f8084be.pkl,1
D:\08_Dataset\Internal\mar2020\pickle_files\be798cbaeb08707f2ad74c27c0c5be76013aa102.pkl,1
D:\08_Dataset\Internal\mar2020\pickle_files\14877fe412ed170328ae87f534e0ce82f2e163c5.pkl,1
D:\08_Dataset\Internal\mar2020\pickle_files\13f6eb3ba6860235c80a13b118a207a58138ab9c.pkl,1
D:\08_Dataset\Internal\mar2020\pickle_files\43403adc690205f5a8474e12e295180f9ad03663.pkl,1
D:\08_Dataset\Internal\mar2020\pickle_files\71ba184eb8fe52194acea9a6cc3485d7713e80e9.pkl,1
D:\08_Dataset\Internal\mar2020\pickle_files\f7f29a91b3efd4fa2b370ac5098d497288a77f5c.pkl,1
D:\08_Dataset\Internal\mar2020\pickle_files\eead956bdde36fe0c13e3074cb57a395dd91886c.pkl,1
D:\08_Dataset\Internal\mar2020\pickle_files\c467ac4813bc5617e6be7dff544f3eb0c2e0f996.pkl,1
D:\08_Dataset\Internal\mar2020\pickle_files\6b9e047f8be9cca53e9f37fb1384b0363d7c6a21.pkl,1
D:\08_Dataset\Internal\mar2020\pickle_files\4ae056f4c86610e21b0c5419b448655aeb0fb312.pkl,1
D:\08_Dataset\Internal\mar2020\pickle_files\35610d1dd6aa6ecd60c2aaf47769b961fb43b4d8.pkl,1
D:\08_Dataset\Internal\mar2020\pickle_files\d48a693455e94521ec50ed4e32e6fb2c1f53f7e5.pkl,1
D:\08_Dataset\Internal\mar2020\pickle_files\ea6736f400968f665cfae9eba817fe1fd2d9b7a5.pkl,1
D:\08_Dataset\Internal\mar2020\pickle_files\48ae6de606f3addf23a6b6c7a86e1381fc5ef1ed.pkl,1
D:\08_Dataset\Internal\mar2020\pickle_files\5dd2f1982225b9fbf3790e0e834c1874654f246a.pkl,1
D:\08_Dataset\Internal\mar2020\pickle_files\5433d25c6c4e71f0173f5e2df0417e066606d504.pkl,1
D:\08_Dataset\Internal\mar2020\pickle_files\b53d36931413466b5efd633f9d68a5f900811d94.pkl,1
D:\08_Dataset\Internal\mar2020\pickle_files\f952c6723741533dc8e6edf89f82930d2aa7befe.pkl,1
D:\08_Dataset\Internal\mar2020\pickle_files\b5842f435e343b12321801394db919c94b4dbce9.pkl,1
D:\08_Dataset\Internal\mar2020\pickle_files\635c1ff1e78b93eadd7992595a8665a3c4b0cce6.pkl,1
D:\08_Dataset\Internal\mar2020\pickle_files\b861d164177072574ec6bdec7b33956e97649b1b.pkl,1
D:\08_Dataset\Internal\mar2020\pickle_files\12809db214ab3cd31dae79a116355af3530968d9.pkl,1
D:\08_Dataset\Internal\mar2020\pickle_files\cafa70fba20d7c66059d3aec2c6c43cfa0f996a3.pkl,1
D:\08_Dataset\Internal\mar2020\pickle_files\8938f29380041c867ea7fc0c294f40adea37e5f8.pkl,1
D:\08_Dataset\Internal\mar2020\pickle_files\5503869f0bf3ec4cec54d9e09ef489b26e51bbc0.pkl,1
D:\08_Dataset\Internal\mar2020\pickle_files\1c0dbd7c6fae4daf90292c5d2d668599e0736022.pkl,1
D:\08_Dataset\Internal\mar2020\pickle_files\cf57454231908abea71dc1f2af753893dc192cf9.pkl,1
D:\08_Dataset\Internal\mar2020\pickle_files\58937cd7e1b2c2bcc1d94646b965a74529df72a3.pkl,1
D:\08_Dataset\Internal\mar2020\pickle_files\6f80a674ab7a87e851037f5f272a4d1ace0e3b9a.pkl,1
D:\08_Dataset\Internal\mar2020\pickle_files\494bea8b840cb8ceb316a3bb1beac04ff3382c30.pkl,1
D:\08_Dataset\Internal\mar2020\pickle_files\5af474037ecdf065f86547763040b6b47e477b8f.pkl,1
D:\08_Dataset\Internal\mar2020\pickle_files\8f28042ec58dbb8c4edf7dd551ffd3ae44d55b0b.pkl,1
D:\08_Dataset\Internal\mar2020\pickle_files\f9d50b9b3c023bdbee74a25639dc3bd20938fe7d.pkl,1
D:\08_Dataset\Internal\mar2020\pickle_files\c0ee0b0f3de00ac4a07295fc57d40b7e3c6cbc26.pkl,1
D:\08_Dataset\Internal\mar2020\pickle_files\b9737e8d6ebddb4117cf4f3a826ee9dc200f88ed.pkl,1
D:\08_Dataset\Internal\mar2020\pickle_files\b57b576b39642f1642822bbf7e478a7f745f53e1.pkl,1
D:\08_Dataset\Internal\mar2020\pickle_files\2ee0a0f10a1061fa3c087bac0b87f0a26d82749d.pkl,1
D:\08_Dataset\Internal\mar2020\pickle_files\5c76ae6ccb175ecfe6a134b7a3a27189ba776e0a.pkl,1
D:\08_Dataset\Internal\mar2020\pickle_files\31fb56993af0edf0197afe18c3230599b030dc46.pkl,1
D:\08_Dataset\Internal\mar2020\pickle_files\18d5dac72d86fa337f4c5926ce4ad36be541c7b6.pkl,1
D:\08_Dataset\Internal\mar2020\pickle_files\da405ffc7c87d681687fb0947df96b6cb104a261.pkl,1
D:\08_Dataset\Internal\mar2020\pickle_files\029e40bb9e4fa6886a86336f7c9edf3fb5b41a7e.pkl,1
D:\08_Dataset\Internal\mar2020\pickle_files\01db5207dc96aade13cb7f9ce1cbb2d715f3907b.pkl,1
D:\08_Dataset\Internal\mar2020\pickle_files\86d2450cebe5ac9f3d7f219663933cd5cb85ebfb.pkl,1
D:\08_Dataset\Internal\mar2020\pickle_files\a3b1c26869513cdac2eae213fdb6988284cd04e8.pkl,1
D:\08_Dataset\Internal\mar2020\pickle_files\9cde3d62271c850e1c33a7e937799cfa6a598b33.pkl,1
D:\08_Dataset\Internal\mar2020\pickle_files\f5d93dcc0699e77f80cf9620469f67fc31e79e16.pkl,1
D:\08_Dataset\Internal\mar2020\pickle_files\3f028892892ec419d59df09dfb1a26335b81aaca.pkl,1
D:\08_Dataset\Internal\mar2020\pickle_files\b4d02448422a562d898c8c622d4f6c76613925c6.pkl,1
D:\08_Dataset\Internal\mar2020\pickle_files\ad7dbc93cd2ea9fe7a3bc51361cfe1e02e8420bc.pkl,1
D:\08_Dataset\Internal\mar2020\pickle_files\50faac4ab73e4900e610a8f94f7084c9c9eead1d.pkl,1
D:\08_Dataset\Internal\mar2020\pickle_files\e0e21b0cdffe7ed8dec1a84c10244fc8789536ca.pkl,1
D:\08_Dataset\Internal\mar2020\pickle_files\08206eb1e71307316e1d2573e5ac61b75c36a96c.pkl,1
D:\08_Dataset\Internal\mar2020\pickle_files\884f35d26cdf23529c135724ebb26640c7cc5e95.pkl,1
D:\08_Dataset\Internal\mar2020\pickle_files\ae489745e48de7af255c7e25850ce0425fddba54.pkl,1
D:\08_Dataset\Internal\mar2020\pickle_files\cae6800cace00eb16709b5f86e04415f436eb589.pkl,1
D:\08_Dataset\Internal\mar2020\pickle_files\9e5cb550c558a7ebc9bd9dab37f4f5024af4bee4.pkl,1
D:\08_Dataset\Internal\mar2020\pickle_files\74a3b2bde315e683279bcecb6b6bd8f9ad9bc9ca.pkl,1
D:\08_Dataset\Internal\mar2020\pickle_files\aadc88e1f8e2c927e248252e0114b16bb03a58d8.pkl,1
D:\08_Dataset\Internal\mar2020\pickle_files\200f899300181195f75b2c27412b3289b3b1abdc.pkl,1
D:\08_Dataset\Internal\mar2020\pickle_files\faea929ed8309fb9ec359f8124ed2af92502f6a6.pkl,1
D:\08_Dataset\Internal\mar2020\pickle_files\a4f5125597af5b2d35e26da99ec5ebb1e8d79cb8.pkl,1
D:\08_Dataset\Internal\mar2020\pickle_files\56822d5500c413443a5d45e8e1819770e262b968.pkl,1
D:\08_Dataset\Internal\mar2020\pickle_files\33e9fab01208e27e1e1faafe6e00f6bedf3b1056.pkl,1
D:\08_Dataset\Internal\mar2020\pickle_files\11399cef37a230b68fd2791482851048d7193029.pkl,1
D:\08_Dataset\Internal\mar2020\pickle_files\820653cccca796afd0543de563d660a17a4a6ab0.pkl,1
D:\08_Dataset\Internal\mar2020\pickle_files\9d211a9ad98856f4fe5bf01d4dc321df533aa57d.pkl,1
D:\08_Dataset\Internal\mar2020\pickle_files\09a947173e0f1c5466610d3b72838b538afe6bbc.pkl,1
D:\08_Dataset\Internal\mar2020\pickle_files\af20bf63e0cedae73e97191f833829a556b52eb0.pkl,1
D:\08_Dataset\Internal\mar2020\pickle_files\57aea9abae2ab26586a51b9edf1070f31dd5f07d.pkl,1
D:\08_Dataset\Internal\mar2020\pickle_files\cc3224de2dfbff6ac1ee8299ae1a65bc4298c72e.pkl,1
D:\08_Dataset\Internal\mar2020\pickle_files\e5f417a46e9430342089b467bbfee487ccf58c32.pkl,1
D:\08_Dataset\Internal\mar2020\pickle_files\b669832ba47b8fef70cd0768ef91e16b38abc05c.pkl,1
D:\08_Dataset\Internal\mar2020\pickle_files\0da3f6e4b8ecb587b54f370dd7d8cdfde469b1ab.pkl,1
D:\08_Dataset\Internal\mar2020\pickle_files\7f142fd124f228c1958b36181aa3b853c9300be4.pkl,1
D:\08_Dataset\Internal\mar2020\pickle_files\ad2d437d1296d0871f9164158b2103c0d2d64923.pkl,1
D:\08_Dataset\Internal\mar2020\pickle_files\3cd2a4196b0494de7ce90545bfeccfc348e8730f.pkl,1
D:\08_Dataset\Internal\mar2020\pickle_files\635c154a75f016879985b64fa5ab0fadcc22a84e.pkl,1
D:\08_Dataset\Internal\mar2020\pickle_files\599ba94b27ebed4a9ed01c0eae5ef6bb48a53d42.pkl,1
D:\08_Dataset\Internal\mar2020\pickle_files\f8147e3af69f63ee950140d29b5f46d49434ae3a.pkl,1
D:\08_Dataset\Internal\mar2020\pickle_files\5a85e511115d4fd43b3b7f0a0a45a57f4d985da3.pkl,1
D:\08_Dataset\Internal\mar2020\pickle_files\93945e11d5d0b29207b6ccba07325b8b0350a4d8.pkl,1
D:\08_Dataset\Internal\mar2020\pickle_files\42bba9e157e43906936249d04f599072190e9322.pkl,1
D:\08_Dataset\Internal\mar2020\pickle_files\4c6c920e62e409571dcc823a27f3ba90cd53b7ed.pkl,1
D:\08_Dataset\Internal\mar2020\pickle_files\e3401756748eada8b8da58c54a7d710b4479957a.pkl,1
D:\08_Dataset\Internal\mar2020\pickle_files\f9157e78e4f6b07db24ba67602c8dd8e601fa046.pkl,1
D:\08_Dataset\Internal\mar2020\pickle_files\5ac93c31d9552b4dd06906d012f2bde5f5dd97a4.pkl,1
D:\08_Dataset\Internal\mar2020\pickle_files\24746079ca9e69eda343491482250bb4d2c245a9.pkl,1
D:\08_Dataset\Internal\mar2020\pickle_files\940d61fefccb7eae182437f34bf2b9610b8c8369.pkl,1
D:\08_Dataset\Internal\mar2020\pickle_files\2424eabfa3fdd5f0561361b87f71d0ba19522779.pkl,1
D:\08_Dataset\Internal\mar2020\pickle_files\a95ad7db1403a28cde00cc23ea66be533d3a3d04.pkl,1
D:\08_Dataset\Internal\mar2020\pickle_files\f1c4c1a002b270571673d047a3f9070f0fda97c4.pkl,1
D:\08_Dataset\Internal\mar2020\pickle_files\b44fb2cf47dc22c06eeab7c2a57c9820a06fb5c9.pkl,1
D:\08_Dataset\Internal\mar2020\pickle_files\7deee47cd8d70ca71af1ea4950beb16a97927a43.pkl,1
D:\08_Dataset\Internal\mar2020\pickle_files\6d76ab857bd9be3c0e3db89c607448cb3e172472.pkl,1
D:\08_Dataset\Internal\mar2020\pickle_files\12fd3a3dd7320f234f8da8d3491ecbeac1fb88e3.pkl,1
D:\08_Dataset\Internal\mar2020\pickle_files\b42658f8152da59f28ac02bdb4b6ba80d7354908.pkl,1
D:\08_Dataset\Internal\mar2020\pickle_files\e3a45f1dbb5be1a008c68051174ac965b32f606f.pkl,1
D:\08_Dataset\Internal\mar2020\pickle_files\d0a20ea69a7d3f45af64647157f985c24cef4459.pkl,1
D:\08_Dataset\Internal\mar2020\pickle_files\40ec47051c66995b3b05255726d576a82de3bb64.pkl,1
D:\08_Dataset\Internal\mar2020\pickle_files\4304996b78378ca4006a669e2591e3fa8e2abb61.pkl,1
D:\08_Dataset\Internal\mar2020\pickle_files\e5611393ad36a508775b5f2dc2a2c908230e8ba5.pkl,1
D:\08_Dataset\Internal\mar2020\pickle_files\b53f3aa8758fc05c00aaa424e4a3d562a3b941b3.pkl,1
D:\08_Dataset\Internal\mar2020\pickle_files\e9ffc889bcc070d1d8510e0b795bd211168b2788.pkl,1
D:\08_Dataset\Internal\mar2020\pickle_files\233bc129d14880f600c7bf27a6bbb5d062701b84.pkl,1
D:\08_Dataset\Internal\mar2020\pickle_files\ad71c1d3615ce95774bc0074d40ac20cd34795ae.pkl,1
D:\08_Dataset\Internal\mar2020\pickle_files\1b548af91b8cd7934abe7b6597571c1a7fcf504b.pkl,1
D:\08_Dataset\Internal\mar2020\pickle_files\e913781cf6b0afe139c10225faefe0a0e4001fa9.pkl,1
D:\08_Dataset\Internal\mar2020\pickle_files\bb21c05a594c3d6b53a9e44ae06a6291c62c1a7c.pkl,1
D:\08_Dataset\Internal\mar2020\pickle_files\83e65a77c2688de4912bb63704c73f2b87cc015c.pkl,1
D:\08_Dataset\Internal\mar2020\pickle_files\3c7e45e4328b169b53f4cfeb383881231f6b80e9.pkl,1
D:\08_Dataset\Internal\mar2020\pickle_files\8328e178f9481764c888d6fe4259354b8505ff42.pkl,1
D:\08_Dataset\Internal\mar2020\pickle_files\a3b143e33716681f451c4dced80a03ba2f44d061.pkl,1
D:\08_Dataset\Internal\mar2020\pickle_files\831eb3918fb10b7b924311b8ccafaf6a8ae15a0d.pkl,1
D:\08_Dataset\Internal\mar2020\pickle_files\d12e6bb1f10e498260bc23fae1f4cedd9e0ae9c2.pkl,1
D:\08_Dataset\Internal\mar2020\pickle_files\fb7172fabfc494d8952b6f6ade7008d8ec335a3f.pkl,1
D:\08_Dataset\Internal\mar2020\pickle_files\f6377f87764446212f0298bfbacae1af61d5a9e5.pkl,1
D:\08_Dataset\Internal\mar2020\pickle_files\233f21c3e08cf70fbb72a6f0a1c994dc3c3bf1cb.pkl,1
D:\08_Dataset\Internal\mar2020\pickle_files\aec497f92a07919275ac21f950f8565948ad01e0.pkl,1
D:\08_Dataset\Internal\mar2020\pickle_files\7c76fa0f16a81ed9bd9cc1292af15c234bbebaba.pkl,1
D:\08_Dataset\Internal\mar2020\pickle_files\65af12745468e7722b4181518cdd54951480358d.pkl,1
D:\08_Dataset\Internal\mar2020\pickle_files\e7db54683c9e23e81d180b59a7d825a6502c4d35.pkl,1
D:\08_Dataset\Internal\mar2020\pickle_files\00278fc694b7900e4682efc267d1dbc40d960d38.pkl,1
D:\08_Dataset\Internal\mar2020\pickle_files\627caa3944af588369f023821292465afae4d9f5.pkl,1
D:\08_Dataset\Internal\mar2020\pickle_files\fc2b7e91d32fb2ba3419598a9fd706653ae860ca.pkl,1
D:\08_Dataset\Internal\mar2020\pickle_files\83f9eb7a9993f0e362187b8d058dd7403555b22b.pkl,1
D:\08_Dataset\Internal\mar2020\pickle_files\ec4f66bb8565c3abc6751cfb0b283d9b3ce601dc.pkl,1
D:\08_Dataset\Internal\mar2020\pickle_files\0e17c85252df50d8e232527881a789ce47ec97cd.pkl,1
D:\08_Dataset\Internal\mar2020\pickle_files\2fd9e1f89c7abe0cee27b8cdef43bbb0f2a6ba18.pkl,1
D:\08_Dataset\Internal\mar2020\pickle_files\f994e27ea8a1c835ef2184573edd97a0c0caae75.pkl,1
D:\08_Dataset\Internal\mar2020\pickle_files\206d42dc56afe6478ae11aad79951ffa9ae8b7ab.pkl,1
D:\08_Dataset\Internal\mar2020\pickle_files\bb90f02f4b442e44e929f577a1956150332e3c21.pkl,1
D:\08_Dataset\Internal\mar2020\pickle_files\4a2c4249d94f2e4b9b5fc204c07ed56b033902fb.pkl,1
D:\08_Dataset\Internal\mar2020\pickle_files\044c2c72b825f4686b4095b2c582e56affcb5cff.pkl,1
D:\08_Dataset\Internal\mar2020\pickle_files\722f8ec74d828018ba84e8f61cde4ca1ee9943c1.pkl,1
D:\08_Dataset\Internal\mar2020\pickle_files\741f7b3c4952f5cc6c7605b70f340742b67fb842.pkl,1
D:\08_Dataset\Internal\mar2020\pickle_files\f02b3cafb6d39fb49507247f4000ca0e668f52ee.pkl,1
D:\08_Dataset\Internal\mar2020\pickle_files\7b4d9fc64226b40a0f27b188fc5518f11904706e.pkl,1
D:\08_Dataset\Internal\mar2020\pickle_files\7679e018e76c55228702a6eb081f4bfb62ffa579.pkl,1
D:\08_Dataset\Internal\mar2020\pickle_files\9a161828f017330309fc6fa9112657636ff6d411.pkl,1
D:\08_Dataset\Internal\mar2020\pickle_files\255c4f286a6111a2dee805a7cf040f734b35c4ae.pkl,1
D:\08_Dataset\Internal\mar2020\pickle_files\5a0f5581e494d085a911bdad309d310167b1ea64.pkl,1
D:\08_Dataset\Internal\mar2020\pickle_files\ca447d977fab151ce8e385e769a08fdac1b5bb01.pkl,1
D:\08_Dataset\Internal\mar2020\pickle_files\7dd56346c0800a3878c5eead0c29e63e23a6ef73.pkl,1
D:\08_Dataset\Internal\mar2020\pickle_files\5fda4c68aa44d4e0e7eaf43cd53175c87faa5995.pkl,1
D:\08_Dataset\Internal\mar2020\pickle_files\e07dbb6d8e5aa6804dd135ca8cd54809401b34c7.pkl,1
D:\08_Dataset\Internal\mar2020\pickle_files\a5536cd1e5df605c5582c8c4508c7c76b0742b89.pkl,1
D:\08_Dataset\Internal\mar2020\pickle_files\27da490e9f72ab4351e1a953bfe0b5a3c4205f30.pkl,1
D:\08_Dataset\Internal\mar2020\pickle_files\88d75c22a856b697de2d8e91f2c9fdca7a02532a.pkl,1
D:\08_Dataset\Internal\mar2020\pickle_files\11d0d896e25a4a257aaf6f7569d11d750a7fa3b0.pkl,1
D:\08_Dataset\Internal\mar2020\pickle_files\ffb2dde94b1c27997743abf8ca89c91a07946f82.pkl,1
D:\08_Dataset\Internal\mar2020\pickle_files\4e9e650f29f904e39f481445345d561c703b92a2.pkl,1
D:\08_Dataset\Internal\mar2020\pickle_files\f7cb8adae181ad3d09765f7c63eb9f390afa254a.pkl,1
D:\08_Dataset\Internal\mar2020\pickle_files\2236f112183482c9dbf9d9a88d35035303b42896.pkl,1
D:\08_Dataset\Internal\mar2020\pickle_files\7c8d4965e9265e4f412afd1681a27f4380a17436.pkl,1
D:\08_Dataset\Internal\mar2020\pickle_files\30d6b670f231c0a810ee7d437cb83e290b89f9e9.pkl,1
D:\08_Dataset\Internal\mar2020\pickle_files\899d33a853b445092979b6081ac2396069be0293.pkl,1
D:\08_Dataset\Internal\mar2020\pickle_files\88c1502ea672e37f65e2265b904a14becc9af8c0.pkl,1
D:\08_Dataset\Internal\mar2020\pickle_files\a2345d51636ac8957ca6c6497b084eaaad9678c4.pkl,1
D:\08_Dataset\Internal\mar2020\pickle_files\f20a80188883a86dca5bf812dfc194bccad6d0a4.pkl,1
D:\08_Dataset\Internal\mar2020\pickle_files\0960bb120348a6a3c8bf3e1dbf34a547049a471d.pkl,1
D:\08_Dataset\Internal\mar2020\pickle_files\a14a7e05a6133b5361c72e45eb7cca97a3aff294.pkl,1
D:\08_Dataset\Internal\mar2020\pickle_files\0dc8d3ae91a56e3c7f3ab80ba0591056488f10c4.pkl,1
D:\08_Dataset\Internal\mar2020\pickle_files\94454522e2d347da0bc6aa92e7379ae66fd1001e.pkl,1
D:\08_Dataset\Internal\mar2020\pickle_files\f9173cb8d4e27a2edf052f05c024eb36d6f76ed2.pkl,1
D:\08_Dataset\Internal\mar2020\pickle_files\d6fa5ddbe6100be8048e2628de38108e48130b73.pkl,1
D:\08_Dataset\Internal\mar2020\pickle_files\fb223c3f1c311d20282bf4ad2dfb31d2547f2faa.pkl,1
D:\08_Dataset\Internal\mar2020\pickle_files\3e555e475104c1cd6edfcfa9af93aa90bd283774.pkl,1
D:\08_Dataset\Internal\mar2020\pickle_files\1aabb869bccc644b7c83662b7b889153e50143d4.pkl,1
D:\08_Dataset\Internal\mar2020\pickle_files\58afddd5f0cfc8742dc4aa52294b4b7a30e01462.pkl,1
D:\08_Dataset\Internal\mar2020\pickle_files\0b7465df0c675c1d11e6cf3db6cdcac20d579efa.pkl,1
D:\08_Dataset\Internal\mar2020\pickle_files\b716058d9210e770046f61848abcd08740b7b42f.pkl,1
D:\08_Dataset\Internal\mar2020\pickle_files\1ced0ab41e7847d7f8b1d9557b44cf40200fb6f4.pkl,1
D:\08_Dataset\Internal\mar2020\pickle_files\39fa12b452561fe81755e51a404b5fd5503c4953.pkl,1
D:\08_Dataset\Internal\mar2020\pickle_files\b56c277ef7e656cdfbac9e901fe0ae189cf415b5.pkl,1
D:\08_Dataset\Internal\mar2020\pickle_files\33221ff8f4061c2b1937d291223208576601c709.pkl,1
D:\08_Dataset\Internal\mar2020\pickle_files\305710f216d67501256c4ac09f83c6f10eb44530.pkl,1
D:\08_Dataset\Internal\mar2020\pickle_files\4d3437275eb6a09dda90f62cbc4dbc2fb217ae55.pkl,1
D:\08_Dataset\Internal\mar2020\pickle_files\4738f37ef4918f5b0d4fd80a2421d2644146a891.pkl,1
D:\08_Dataset\Internal\mar2020\pickle_files\879acb9a90b345dec6fbefb006fe4e371951b4ff.pkl,1
D:\08_Dataset\Internal\mar2020\pickle_files\d8686961a76e54ab62df43588c02e677f03a4c7e.pkl,1
D:\08_Dataset\Internal\mar2020\pickle_files\d3b8e0bbd2feee8c28ad9efbaf4dcfb82abe3471.pkl,1
D:\08_Dataset\Internal\mar2020\pickle_files\11bd7ecb5aaeec0b670fa8bb5cf7045ab596bc78.pkl,1
D:\08_Dataset\Internal\mar2020\pickle_files\68f623881fc1e20a5d226a4158e39b03eb6e59ad.pkl,1
D:\08_Dataset\Internal\mar2020\pickle_files\3557fdc225257a795d34012c3645d717689d2a33.pkl,1
D:\08_Dataset\Internal\mar2020\pickle_files\d6cc96df1085409c35962b13d09bb869f852e1f2.pkl,1
D:\08_Dataset\Internal\mar2020\pickle_files\1a83a6d994eae1a93a063fbd1cdadf8f049eedbb.pkl,1
D:\08_Dataset\Internal\mar2020\pickle_files\c42aeffcbd8fb786ba6443860d17b23841c9b817.pkl,1
D:\08_Dataset\Internal\mar2020\pickle_files\5f40bbe712f22a01198cd7e20383551192999d47.pkl,1
D:\08_Dataset\Internal\mar2020\pickle_files\293b79b7927c500db67c626fc21d05a741bd26af.pkl,1
D:\08_Dataset\Internal\mar2020\pickle_files\4a89142dce0cd265ec67fbc3c5b8054fa87308ac.pkl,1
D:\08_Dataset\Internal\mar2020\pickle_files\3e7969f3f80639f35eeaf586c0076d0260e3d519.pkl,1
D:\08_Dataset\Internal\mar2020\pickle_files\a51aec43f3dbe6e5ac46ea221455d5e38fe43934.pkl,1
D:\08_Dataset\Internal\mar2020\pickle_files\4441d0c6bfdc43786a76a707656dd0814e18313e.pkl,1
D:\08_Dataset\Internal\mar2020\pickle_files\357485e37b1acc40442d180ca265078334a5e22c.pkl,1
D:\08_Dataset\Internal\mar2020\pickle_files\77da540da8793657b326f097fb28dd4581f27bde.pkl,1
D:\08_Dataset\Internal\mar2020\pickle_files\1f38ef87f94b35877ae05256c06bcc91b11e27ea.pkl,1
D:\08_Dataset\Internal\mar2020\pickle_files\eb68796c7d7f7fcfd0ecb026128cf68341ded014.pkl,1
D:\08_Dataset\Internal\mar2020\pickle_files\cbe253402f6b66716fe5097ac36d2986832131c4.pkl,1
D:\08_Dataset\Internal\mar2020\pickle_files\cdb4f61385533e22f4b4a91ab55783e48abc4d7b.pkl,1
D:\08_Dataset\Internal\mar2020\pickle_files\a32aef4841b4ba01b3f5b07c7f4af36ff3bb1306.pkl,1
D:\08_Dataset\Internal\mar2020\pickle_files\520238422716ac2cac73c423aa7f5870efc6b152.pkl,1
D:\08_Dataset\Internal\mar2020\pickle_files\cd36478dbf2fc2aa6ab5abb949ecf39417f741d0.pkl,1
D:\08_Dataset\Internal\mar2020\pickle_files\b907944f617c6a84886b306db6b9f3ad93a87f1f.pkl,1
D:\08_Dataset\Internal\mar2020\pickle_files\14128eabb732712b4509c4660df8cb00457bda15.pkl,1
D:\08_Dataset\Internal\mar2020\pickle_files\b6e95708e9036d1a57abeebc68f3d3ea4c92cc25.pkl,1
D:\08_Dataset\Internal\mar2020\pickle_files\dcb457c1d852c67ab44d6386afcb44de5ff8d561.pkl,1
D:\08_Dataset\Internal\mar2020\pickle_files\702d6e0977b1daf4282f8359c26534c89f914b0a.pkl,1
D:\08_Dataset\Internal\mar2020\pickle_files\d429bb5bcda58ec30cd2b09ed00253fb8d6dfa56.pkl,1
D:\08_Dataset\Internal\mar2020\pickle_files\5f5291e675ba4ecd10853d5d7f697826fc610152.pkl,1
D:\08_Dataset\Internal\mar2020\pickle_files\793bf36ee103dc889982d055c445bfb0037c6085.pkl,1
D:\08_Dataset\Internal\mar2020\pickle_files\8870811ba3bd2c1e314baf94566baa4e669a196b.pkl,1
D:\08_Dataset\Internal\mar2020\pickle_files\70dbf8d16229ae817508c6e6a089a1e72a0c3580.pkl,1
D:\08_Dataset\Internal\mar2020\pickle_files\e4fd55671046e78db3f283cc82ab87793924de4f.pkl,1
D:\08_Dataset\Internal\mar2020\pickle_files\e6ddb0422d3bf8674319f36356be259622a27617.pkl,1
D:\08_Dataset\Internal\mar2020\pickle_files\e849305281ea1676c0296cc8b2bd23f1b1586d66.pkl,1
D:\08_Dataset\Internal\mar2020\pickle_files\a73ef5d4c23a9b5f1168ff0887040be177eea0db.pkl,1
D:\08_Dataset\Internal\mar2020\pickle_files\9a6bfa939002cd3d3cb9c12867404f32ac894e2c.pkl,1
D:\08_Dataset\Internal\mar2020\pickle_files\b7512b07cb7d3e6e05152859caccbe2c28979e5d.pkl,1
D:\08_Dataset\Internal\mar2020\pickle_files\344d6cec12d7203cb99605941085943f15efaa00.pkl,1
D:\08_Dataset\Internal\mar2020\pickle_files\fc4e7c856354640df98d429e829f5ce41b65b5b6.pkl,1
D:\08_Dataset\Internal\mar2020\pickle_files\e87be16dc13b39da54fbcb6ae8e1dce1f27d617c.pkl,1
D:\08_Dataset\Internal\mar2020\pickle_files\0994514b637b5ce95957cfd82f4ed69c7cef2457.pkl,1
D:\08_Dataset\Internal\mar2020\pickle_files\5827595a614d04f914438b531f187047533a77c8.pkl,1
D:\08_Dataset\Internal\mar2020\pickle_files\0864e6ab9c54b707332808da31bb01cfaeec08a8.pkl,1
D:\08_Dataset\Internal\mar2020\pickle_files\14c31e1d899d79d014a30eb9d83ad26489b42afa.pkl,1
D:\08_Dataset\Internal\mar2020\pickle_files\9e0835d1e5d88f7dd5d15bdc5f92d41206ae0530.pkl,1
D:\08_Dataset\Internal\mar2020\pickle_files\9e3c693d6f455897f41b9f5f5d57b38051d6155e.pkl,1
D:\08_Dataset\Internal\mar2020\pickle_files\e7c7f5a23c7d48d908c3432655a92f2ba51b7090.pkl,1
D:\08_Dataset\Internal\mar2020\pickle_files\2c0c37fa80c886c9f4ec6651a049d2fe0a2777ff.pkl,1
D:\08_Dataset\Internal\mar2020\pickle_files\f6fb06e09d6642cd4285c0713466d855b3d5d561.pkl,1
D:\08_Dataset\Internal\mar2020\pickle_files\37d34383e081c812deb0036bf3047888d932bacf.pkl,1
D:\08_Dataset\Internal\mar2020\pickle_files\6cf0062916cd5d60d87385d3f84af4123a5fe912.pkl,1
D:\08_Dataset\Internal\mar2020\pickle_files\37d074fdfc1130c78db43d0a6077a59cc8690076.pkl,1
D:\08_Dataset\Internal\mar2020\pickle_files\af90f5d7c76fa662b21529c0fcda4c2ff4b18f8d.pkl,1
D:\08_Dataset\Internal\mar2020\pickle_files\5575832077c8d9f1ae484b7ecd0728f971c4c6a6.pkl,1
D:\08_Dataset\Internal\mar2020\pickle_files\6f0b6a4078895bbf4d8c167e0c08ebd30054ecbc.pkl,1
D:\08_Dataset\Internal\mar2020\pickle_files\bc4eebe8ef1a6912c606e9fa2d95cccb7ebe7092.pkl,1
D:\08_Dataset\Internal\mar2020\pickle_files\b4d10bfa066ad06c0b13f67702450e247465bd29.pkl,1
D:\08_Dataset\Internal\mar2020\pickle_files\fe9a6dc2897e70283c6c05a1e568be4a58c55dbe.pkl,1
D:\08_Dataset\Internal\mar2020\pickle_files\6bad8883d7f250399f0358f32a776ad59da91b83.pkl,1
D:\08_Dataset\Internal\mar2020\pickle_files\d63f1c80110551e92c7a2ecb55af7dd00982538d.pkl,1
D:\08_Dataset\Internal\mar2020\pickle_files\3ddca50ce565e036d5ed2beacfdd9f02c9a055d9.pkl,1
D:\08_Dataset\Internal\mar2020\pickle_files\c6dad9e4c3f06b7c132771750e97e4cd12007f58.pkl,1
D:\08_Dataset\Internal\mar2020\pickle_files\1c884a0687bbe993f08c66bd66e2ed32c7608c97.pkl,1
D:\08_Dataset\Internal\mar2020\pickle_files\1b457e898a734fb4aa924640eb55b7a94cef4a77.pkl,1
D:\08_Dataset\Internal\mar2020\pickle_files\c4147aed440d5642c9eb276c1472838b225a5fcc.pkl,1
D:\08_Dataset\Internal\mar2020\pickle_files\921d30160ec34d54908c534a058874595a904361.pkl,1
D:\08_Dataset\Internal\mar2020\pickle_files\60553ce250367390d8d5adeea086c05b4d8fb661.pkl,1
D:\08_Dataset\Internal\mar2020\pickle_files\ee4921338490b994793a6767f8f18c75779465d0.pkl,1
D:\08_Dataset\Internal\mar2020\pickle_files\3e0a230ed42c2b7ac74eb38ec7b3d99eb2a7e6de.pkl,1
D:\08_Dataset\Internal\mar2020\pickle_files\9791dbaf77bdf6262f23bc54e8831d4994848add.pkl,1
D:\08_Dataset\Internal\mar2020\pickle_files\ce9b9f64198fa04f80427a1a834c339be0c0edfe.pkl,1
D:\08_Dataset\Internal\mar2020\pickle_files\876c83aa0ebdcb9b826cef8ffc465867ed88f434.pkl,1
D:\08_Dataset\Internal\mar2020\pickle_files\8062e18ceb869f249a343c2c159feeb65278a582.pkl,1
D:\08_Dataset\Internal\mar2020\pickle_files\d85ce049e898d56f629784eac57e1c8e6e886486.pkl,1
D:\08_Dataset\Internal\mar2020\pickle_files\963fcebb972590bf9ad0d66ede88d5d2410959f2.pkl,1
D:\08_Dataset\Internal\mar2020\pickle_files\4f05a54dc3eaf0253fbfde373c24f439eac31600.pkl,1
D:\08_Dataset\Internal\mar2020\pickle_files\04a56caed660b28f6fb93ec86f5816a70d05a106.pkl,1
D:\08_Dataset\Internal\mar2020\pickle_files\b42e0e31aea2f82035d0e80e515709ac8526b862.pkl,1
D:\08_Dataset\Internal\mar2020\pickle_files\c1f48cf5d97d58930c6e9847a34d4c3e77d4896d.pkl,1
D:\08_Dataset\Internal\mar2020\pickle_files\b2cc3767e02a5feaa66cd90adb30cabd20aebbf8.pkl,1
D:\08_Dataset\Internal\mar2020\pickle_files\36bd62b5b1a937eef3808a69355bc8b04f0ed715.pkl,1
D:\08_Dataset\Internal\mar2020\pickle_files\683efab886874933196638aafe37700bca5ec686.pkl,1
D:\08_Dataset\Internal\mar2020\pickle_files\ccfbda124479185c50db23dcd434f0b7de10e82f.pkl,1
D:\08_Dataset\Internal\mar2020\pickle_files\653e054a33054059278d30b893550e40f1671e0a.pkl,1
D:\08_Dataset\Internal\mar2020\pickle_files\799850c42be31cb803fd3d8b0f3708d20ed5ee42.pkl,1
D:\08_Dataset\Internal\mar2020\pickle_files\a6cbe48ec24f1ad2a8765995835e7d4b395e86fd.pkl,1
D:\08_Dataset\Internal\mar2020\pickle_files\0d5938de392ab291524d8f4bc1da65deb179e0c8.pkl,1
D:\08_Dataset\Internal\mar2020\pickle_files\58a675478927d615063f2459369c08401318ea9f.pkl,1
D:\08_Dataset\Internal\mar2020\pickle_files\64f42c3f08d4076f2bb160b24a82847e54202851.pkl,1
D:\08_Dataset\Internal\mar2020\pickle_files\8d7c4395fabff0598c57b85c5e77d98e470624e5.pkl,1
D:\08_Dataset\Internal\mar2020\pickle_files\4a1cc2e91c056245148c8c80c4cbb501fcaf430a.pkl,1
D:\08_Dataset\Internal\mar2020\pickle_files\6b14de1b190c5016684c2fe17af8de39bfab8758.pkl,1
D:\08_Dataset\Internal\mar2020\pickle_files\2a1060947aa1d491bc19eed00222cd4fcb47140b.pkl,1
D:\08_Dataset\Internal\mar2020\pickle_files\e84d8222442412cca88fc54e913c92358b4745c4.pkl,1
D:\08_Dataset\Internal\mar2020\pickle_files\d7bcf67bec5b49e816ad1445819d07e8d3410ba2.pkl,1
D:\08_Dataset\Internal\mar2020\pickle_files\5fd7e5337286bfd7a6e97139ecb8654df9dca9ac.pkl,1
D:\08_Dataset\Internal\mar2020\pickle_files\c035c6b4959051fab80a7a471c17f78c480fc62a.pkl,1
D:\08_Dataset\Internal\mar2020\pickle_files\606167cc4068ca561be3ec908d8b5a03238b7407.pkl,1
D:\08_Dataset\Internal\mar2020\pickle_files\ce2ad3a64a9308ee9253ad44a59ae0f750103f9e.pkl,1
D:\08_Dataset\Internal\mar2020\pickle_files\2b305e5780554af77559086b1a281df918963678.pkl,1
D:\08_Dataset\Internal\mar2020\pickle_files\7145b570b721e2f3ad43597ca183169f45c27d98.pkl,1
D:\08_Dataset\Internal\mar2020\pickle_files\0a199134f3beccd0d3c038738f8763f98b90e137.pkl,1
D:\08_Dataset\Internal\mar2020\pickle_files\b7a7cf7027452fa9a4ec11975ba91dd851e6a4f9.pkl,1
D:\08_Dataset\Internal\mar2020\pickle_files\be2e81773d2ff4a125d65ccf573dbec3de832e83.pkl,1
D:\08_Dataset\Internal\mar2020\pickle_files\ba4992c6d43bd7ffac3c8279b6d0d395c25d0bf0.pkl,1
D:\08_Dataset\Internal\mar2020\pickle_files\ac789a0efcd2ef957bcce725c92e308e8787f82a.pkl,1
D:\08_Dataset\Internal\mar2020\pickle_files\b3cc4ada21c984a6f5b47e4be956345937010538.pkl,1
D:\08_Dataset\Internal\mar2020\pickle_files\2db7389d581ab1c3c442c449bc75e37e26bc777f.pkl,1
D:\08_Dataset\Internal\mar2020\pickle_files\71d5443852beb08f953920ef77a1875ed70ceca7.pkl,1
D:\08_Dataset\Internal\mar2020\pickle_files\f73160eb88f86bc5dda2b372e2c22c28a9b45ff1.pkl,1
D:\08_Dataset\Internal\mar2020\pickle_files\cc445d58d34b64651a96d605e5b40a82d5b17382.pkl,1
D:\08_Dataset\Internal\mar2020\pickle_files\29db8135021c3378a878fd975ccafce0798eea4b.pkl,1
D:\08_Dataset\Internal\mar2020\pickle_files\27da774d68c55be737154f38fcb3191f71e63ee8.pkl,1
D:\08_Dataset\Internal\mar2020\pickle_files\2e1a8272c34b71315c0d00c8a160d8df246b7318.pkl,1
D:\08_Dataset\Internal\mar2020\pickle_files\d7f2b69b0904701b70c6c88ec5e1ed11cbe6637d.pkl,1
D:\08_Dataset\Internal\mar2020\pickle_files\90ff42068316da62f0a885733623dc76cbdf8730.pkl,1
D:\08_Dataset\Internal\mar2020\pickle_files\0e630ad38a837fc819c50b2a7ce7be3ffccad675.pkl,1
D:\08_Dataset\Internal\mar2020\pickle_files\79ec692e11d96d6d7a867600002c09f6aa8620c3.pkl,1
D:\08_Dataset\Internal\mar2020\pickle_files\196c05a4e949d00e7fd930e38553b3b8a5bd9212.pkl,1
D:\08_Dataset\Internal\mar2020\pickle_files\b59379894f547d8c5a53a6da98ef0de95273fb97.pkl,1
D:\08_Dataset\Internal\mar2020\pickle_files\dbde7b49103f5abfe50320e150187fb242cdae85.pkl,1
D:\08_Dataset\Internal\mar2020\pickle_files\d99918b4e8194cb15fe547289116504642e14f53.pkl,1
D:\08_Dataset\Internal\mar2020\pickle_files\41794a305874943fc25d9f7215dfd76bd548fd26.pkl,1
D:\08_Dataset\Internal\mar2020\pickle_files\1bfd9f0c6445453f797dea920408e931fde514d9.pkl,1
D:\08_Dataset\Internal\mar2020\pickle_files\03bfde920195d647d116a535aef39e879f0fe946.pkl,1
D:\08_Dataset\Internal\mar2020\pickle_files\84c9027f68e0c2bffef684ddd5c5b84d73035b99.pkl,1
D:\08_Dataset\Internal\mar2020\pickle_files\6fe093deed8fddc158c4a2c51ce13d77a0bcce03.pkl,1
D:\08_Dataset\Internal\mar2020\pickle_files\5eab470a375cf58dde1669f31e0339bf626a25cd.pkl,1
D:\08_Dataset\Internal\mar2020\pickle_files\844042e3ed2aaba71df95dbd2d1176aeac6a3570.pkl,1
D:\08_Dataset\Internal\mar2020\pickle_files\39fe9dd4b4e654200849f50c27f5a1b532251f14.pkl,1
D:\08_Dataset\Internal\mar2020\pickle_files\42362257539d24d3aa50a3e3c063bf7bc21653d0.pkl,1
D:\08_Dataset\Internal\mar2020\pickle_files\31c759b929487cab6e016b15ecfa9bd070a53927.pkl,1
D:\08_Dataset\Internal\mar2020\pickle_files\417d3f0ce8711a21b3b531947c7f37652f7eea81.pkl,1
D:\08_Dataset\Internal\mar2020\pickle_files\4d9cce8b6a3eee215bf4154a0f7cfe2f6774efaf.pkl,1
D:\08_Dataset\Internal\mar2020\pickle_files\ad2b8d587be7c3b31bb10cde12441e893432fb85.pkl,1
D:\08_Dataset\Internal\mar2020\pickle_files\7dfed6ba3c1b48bced62fcf4b813365e32113b03.pkl,1
D:\08_Dataset\Internal\mar2020\pickle_files\cf142ddad581c58f6a2cb03e89735925b4efe2ca.pkl,1
D:\08_Dataset\Internal\mar2020\pickle_files\0ddc88f8595541a678d12d1764c577e2c6fefb56.pkl,1
D:\08_Dataset\Internal\mar2020\pickle_files\234aaa6b78cc61ca30d6a9e79e5790f83bfacf06.pkl,1
D:\08_Dataset\Internal\mar2020\pickle_files\6e7ba51203f6f2d2b67262e6beaafdf457f7458c.pkl,1
D:\08_Dataset\Internal\mar2020\pickle_files\1f25b4c26b63cb626f9a71fbaf791ac1d95010e0.pkl,1
D:\08_Dataset\Internal\mar2020\pickle_files\817371dcad3951d6b8369ad63e67c7f329fef7e6.pkl,1
D:\08_Dataset\Internal\mar2020\pickle_files\a07cc08cb432156e997621d79590dfb8f57e9eea.pkl,1
D:\08_Dataset\Internal\mar2020\pickle_files\24212c3234135914bbce513321320fb08d841022.pkl,1
D:\08_Dataset\Internal\mar2020\pickle_files\30bdcf15161584b8b4b6d89f5310d70ffa2fd118.pkl,1
D:\08_Dataset\Internal\mar2020\pickle_files\d34086fb00fef6f5df483a6675e32bee8610412d.pkl,1
D:\08_Dataset\Internal\mar2020\pickle_files\95abf1a7169e0a9ebccae1c14ded13639cd57d13.pkl,1
D:\08_Dataset\Internal\mar2020\pickle_files\a13d575bf5b1887124845d6884f50461d12ae3f7.pkl,1
D:\08_Dataset\Internal\mar2020\pickle_files\1a1e6b985a90b0f7fb33eb78b164da27a169c395.pkl,1
D:\08_Dataset\Internal\mar2020\pickle_files\323341d46f2c615ac0c3b721d856c878992c27ff.pkl,1
D:\08_Dataset\Internal\mar2020\pickle_files\09a36c3295493dad558dfab0f7b09c4362353c0d.pkl,1
D:\08_Dataset\Internal\mar2020\pickle_files\bb90d63e1c7da0eb892cde32f638ac60ffc5d317.pkl,1
D:\08_Dataset\Internal\mar2020\pickle_files\bdf99c49b839be7fc9aac1499fbaa10a920a125e.pkl,1
D:\08_Dataset\Internal\mar2020\pickle_files\a70e6642ce45422da39a9921e82d909bd180dd23.pkl,1
D:\08_Dataset\Internal\mar2020\pickle_files\958e50ee8fab7c138530d7a77bb82a99cf711ef3.pkl,1
D:\08_Dataset\Internal\mar2020\pickle_files\4fc5aad0c8f8b0cfeadab98d030e07dcf588a486.pkl,1
D:\08_Dataset\Internal\mar2020\pickle_files\1fe2588677870cc5f038a3d0e690c328c50306e4.pkl,1
D:\08_Dataset\Internal\mar2020\pickle_files\fdd171e18468d6ebae5ec8dee97d9610b50e545b.pkl,1
D:\08_Dataset\Internal\mar2020\pickle_files\c259dd548d2f875065b8240031c03dedafdf1788.pkl,1
D:\08_Dataset\Internal\mar2020\pickle_files\67e2931f0606a0b62dfffeb01b549078d4bf3c3b.pkl,1
D:\08_Dataset\Internal\mar2020\pickle_files\ea5d26dbb6cda35362543a3bcc93e59af096e6e2.pkl,1
D:\08_Dataset\Internal\mar2020\pickle_files\71bc46791f0bd71a5f80370cf0f2ea5d2de50f22.pkl,1
D:\08_Dataset\Internal\mar2020\pickle_files\d08cd4d41f44920d1cc886965ca418aa34329925.pkl,1
D:\08_Dataset\Internal\mar2020\pickle_files\859915790a6a1c208f9076720b99f0e6110a9227.pkl,1
D:\08_Dataset\Internal\mar2020\pickle_files\3324db9842da0675b212981066406aa3659e270f.pkl,1
D:\08_Dataset\Internal\mar2020\pickle_files\f8bfc0fb8bfd7f655aa18ec7d82f276f87b28cf9.pkl,1
D:\08_Dataset\Internal\mar2020\pickle_files\4b9ed2a0a054ca4d4867236c7403e07d89d1261a.pkl,1
D:\08_Dataset\Internal\mar2020\pickle_files\218a3f869a2c0cc18b9bd181b78cafec66d80339.pkl,1
D:\08_Dataset\Internal\mar2020\pickle_files\55938682b7cafdfe0b0aa641d840bf648bd9b49e.pkl,1
D:\08_Dataset\Internal\mar2020\pickle_files\75d2c922a2baeeda0c8b5512e44c367145b6fd6e.pkl,1
D:\08_Dataset\Internal\mar2020\pickle_files\e7ebcc2d4de2a837d91ea9907e9a11c312e31769.pkl,1
D:\08_Dataset\Internal\mar2020\pickle_files\d7e70ba4cbecd420eeaac3a71dbfe67268d20260.pkl,1
D:\08_Dataset\Internal\mar2020\pickle_files\8afe3ed0e5516d33a92eaef78fc27074e2d36ce9.pkl,1
D:\08_Dataset\Internal\mar2020\pickle_files\9099ce458ee905278895ebdf7a2ec0d4b18021be.pkl,1
D:\08_Dataset\Internal\mar2020\pickle_files\782797e2fc2a21b90c3fb42e48a3e693c7b22081.pkl,1
D:\08_Dataset\Internal\mar2020\pickle_files\92f88e7850b9e6d618d821a11bd0348bc2611028.pkl,1
D:\08_Dataset\Internal\mar2020\pickle_files\d2031abb5d325ebe719900b0b57f4d1109d65857.pkl,1
D:\08_Dataset\Internal\mar2020\pickle_files\df401bcae73c528251176150b6f9788cca8c506b.pkl,1
D:\08_Dataset\Internal\mar2020\pickle_files\b9f28325da3e1b92f20b68087828f6f83441eedb.pkl,1
D:\08_Dataset\Internal\mar2020\pickle_files\686b45808fe689ea903b68fb8988ce66718b5f30.pkl,1
D:\08_Dataset\Internal\mar2020\pickle_files\6965c51d11b9db3e6f155f2e594f137ab2debf69.pkl,1
D:\08_Dataset\Internal\mar2020\pickle_files\23f8ce6166a0adab96eda95762294e047d7ec19b.pkl,1
D:\08_Dataset\Internal\mar2020\pickle_files\31f878a3e968d4b1966823a5a9f21ed82b870910.pkl,1
D:\08_Dataset\Internal\mar2020\pickle_files\085609caca0a7e5c66ad4c8330970dba67843d4b.pkl,1
D:\08_Dataset\Internal\mar2020\pickle_files\cfc5a9ac732bc85b15ab506e9f9c6c82f187139d.pkl,1
D:\08_Dataset\Internal\mar2020\pickle_files\ad0f31cc2d9a2a094bf7ea144d98c4f2a7b48292.pkl,1
D:\08_Dataset\Internal\mar2020\pickle_files\2336b326780e1e3154c86ae9fabaaeffbec21c2d.pkl,1
D:\08_Dataset\Internal\mar2020\pickle_files\03830a8a07251dbe1167c9d9a374bc5b1b57b6a5.pkl,1
D:\08_Dataset\Internal\mar2020\pickle_files\51bb00f75a6970d94b7aba79accbf05077a17b49.pkl,1
D:\08_Dataset\Internal\mar2020\pickle_files\14eed52e34b4439493353059e72398caa23f9e13.pkl,1
D:\08_Dataset\Internal\mar2020\pickle_files\b7bd8baa7470b37c55c069ffcf01a9ec1d38e3e8.pkl,1
D:\08_Dataset\Internal\mar2020\pickle_files\c3f4ba3c1b6259147a9cb49b5141f75f4c6dfb33.pkl,1
D:\08_Dataset\Internal\mar2020\pickle_files\6ac9fde3b7b4693ce562e300a8f2a661105a5611.pkl,1
D:\08_Dataset\Internal\mar2020\pickle_files\4f1c90d6a8b023e45020b076bc030af9ebc5245f.pkl,1
D:\08_Dataset\Internal\mar2020\pickle_files\a76c1578ef7e02ca83a6e98962895e2ff751ba89.pkl,1
D:\08_Dataset\Internal\mar2020\pickle_files\c58f067188532a06076d9a4671e03a6c4ac1d4a8.pkl,1
D:\08_Dataset\Internal\mar2020\pickle_files\8c720044b9d71d285b119f715bce6a054b2a06b2.pkl,1
D:\08_Dataset\Internal\mar2020\pickle_files\c5e2c0706e2ec478e45bb99207055085dcffe9f0.pkl,1
D:\08_Dataset\Internal\mar2020\pickle_files\25fae9361c23e7d0a18672403f3a6786870aa76d.pkl,1
D:\08_Dataset\Internal\mar2020\pickle_files\aa1830e2fdafcb9ed3dbc95a55c7fdb437c33dd9.pkl,1
D:\08_Dataset\Internal\mar2020\pickle_files\f8b4b23e3d6cc521804e1b152684450008ae4961.pkl,1
D:\08_Dataset\Internal\mar2020\pickle_files\1b130da5429e9e62316986760cde8094b930c6a5.pkl,1
D:\08_Dataset\Internal\mar2020\pickle_files\5192dcf8af13d903338707078b5b70971cb648cf.pkl,1
D:\08_Dataset\Internal\mar2020\pickle_files\eacccb53fc4e99ab906acfcdf7ea0e32cc0e475d.pkl,1
D:\08_Dataset\Internal\mar2020\pickle_files\6895ff4ef826618c245b2d5046acba8b3a706736.pkl,1
D:\08_Dataset\Internal\mar2020\pickle_files\3b51a464dd981879a0e6082d1b91f530c94ce197.pkl,1
D:\08_Dataset\Internal\mar2020\pickle_files\1e434321b5251bc6c5a480c4bf37016912d7053a.pkl,1
D:\08_Dataset\Internal\mar2020\pickle_files\2d7e34eb5231afcedfbe547d1b5272afb83bb93b.pkl,1
D:\08_Dataset\Internal\mar2020\pickle_files\b8171bc82a01910ea28309079a7ef279c30a2a53.pkl,1
D:\08_Dataset\Internal\mar2020\pickle_files\f7733c2e9dd271d457b5853d663a73b4b10c403e.pkl,1
D:\08_Dataset\Internal\mar2020\pickle_files\66c30faf1e5bac97b94d8787b3615708cd88e4aa.pkl,1
D:\08_Dataset\Internal\mar2020\pickle_files\8a5b96e84beba039e486d735d133b119eb969a22.pkl,1
D:\08_Dataset\Internal\mar2020\pickle_files\afc0b42699cb7f1dbb8a57cb285a8591b2b12b6b.pkl,1
D:\08_Dataset\Internal\mar2020\pickle_files\79bf92f089718af87416fc4882b8467dfd24b5e2.pkl,1
D:\08_Dataset\Internal\mar2020\pickle_files\4473b60be914284af29308f43953cca8c3a913a0.pkl,1
D:\08_Dataset\Internal\mar2020\pickle_files\52643b46e252d6cb9c8317b649b0b8b2aa2e197e.pkl,1
D:\08_Dataset\Internal\mar2020\pickle_files\95e670992a0f69f48e1f448dd734d6eccc0bc9ce.pkl,1
D:\08_Dataset\Internal\mar2020\pickle_files\f3cd7534f89da43cc2f42544c3a34b1e0b952f2f.pkl,1
D:\08_Dataset\Internal\mar2020\pickle_files\1302a6209115d3d6fb6e6c71a3f26e1ae010a510.pkl,1
D:\08_Dataset\Internal\mar2020\pickle_files\c61ac885dd47415bc7beb8c1d8920dcc524e7983.pkl,1
D:\08_Dataset\Internal\mar2020\pickle_files\134f31e03fe79a1b2b10cb584f2efb5378391285.pkl,1
D:\08_Dataset\Internal\mar2020\pickle_files\4e5e16a3f3ab59e47132c801afd977f6a4b1b86e.pkl,1
D:\08_Dataset\Internal\mar2020\pickle_files\cf026fbfffd9be24fbfd2f30caa7433a99b95453.pkl,1
D:\08_Dataset\Internal\mar2020\pickle_files\dd1692e2e5be0fefcca37564a95bae715cba9a0a.pkl,1
D:\08_Dataset\Internal\mar2020\pickle_files\69f7dd6c3c8297d78a42903ffe8d61b9245d9154.pkl,1
D:\08_Dataset\Internal\mar2020\pickle_files\ae7ab2de3033e9ca53eec3de8cb67ce50460646b.pkl,1
D:\08_Dataset\Internal\mar2020\pickle_files\7a161e94bbec2cc222047a10a04a9f5d07ae1c8a.pkl,1
D:\08_Dataset\Internal\mar2020\pickle_files\a6540976c70a593c21242ebe4f9bd6cad5dcfbfe.pkl,1
D:\08_Dataset\Internal\mar2020\pickle_files\411f4651a0435047b4f393b6f167c26f2be608a6.pkl,1
D:\08_Dataset\Internal\mar2020\pickle_files\95218d1dca74a980185579184a399296ab2548d1.pkl,1
D:\08_Dataset\Internal\mar2020\pickle_files\45071a5c85706de24ad99fb18d10e8d2ac4212e7.pkl,1
D:\08_Dataset\Internal\mar2020\pickle_files\93f35e5537544cf86a6a2634a3981d8ec95ada5e.pkl,1
D:\08_Dataset\Internal\mar2020\pickle_files\eb938812c9dd4de713a82bca3d677773333201d0.pkl,1
D:\08_Dataset\Internal\mar2020\pickle_files\64c7946bf0980a243b4b1ef3c6e4fee5ac454118.pkl,1
D:\08_Dataset\Internal\mar2020\pickle_files\368a617a64d93b301c80bc209da893ed977bbef4.pkl,1
D:\08_Dataset\Internal\mar2020\pickle_files\71f390751d5d4d866d12706c816ecf7c6a677c45.pkl,1
D:\08_Dataset\Internal\mar2020\pickle_files\c93a1544fae1da833e91c08110fe238a1d7e0db5.pkl,1
D:\08_Dataset\Internal\mar2020\pickle_files\4a2e6eef60a73d83b5f3b0b7df9ec95def266618.pkl,1
D:\08_Dataset\Internal\mar2020\pickle_files\79cf88e21478ff7f6f154e1a8faf03ab5a73136d.pkl,1
D:\08_Dataset\Internal\mar2020\pickle_files\b8a7185e349c38f1f6a6f04f95dd274a82b03d9b.pkl,1
D:\08_Dataset\Internal\mar2020\pickle_files\05dd985a01841b56ff850260899e23d0c4522a7f.pkl,1
D:\08_Dataset\Internal\mar2020\pickle_files\08207e257188be185c6672b37e0686f1bc08a762.pkl,1
D:\08_Dataset\Internal\mar2020\pickle_files\6a9780fe2ba7ff0ee1fcc6404031843be0064309.pkl,1
D:\08_Dataset\Internal\mar2020\pickle_files\123d2d8a9ecfd64a9584c8ebebaad0063a54126e.pkl,1
D:\08_Dataset\Internal\mar2020\pickle_files\f941d733c374a68dd723a70b82771db6f1dca05d.pkl,1
D:\08_Dataset\Internal\mar2020\pickle_files\8ef106026d981f3c8ef3ff6b044d7153c744fab3.pkl,1
D:\08_Dataset\Internal\mar2020\pickle_files\4d2afbe60e52b15ef41261c9514e05158810de84.pkl,1
D:\08_Dataset\Internal\mar2020\pickle_files\11af4283f100321f6045b5bff6edba532f35f9a8.pkl,1
D:\08_Dataset\Internal\mar2020\pickle_files\d857471562c1e99a92c5c8720dba3b38d13ae1da.pkl,1
D:\08_Dataset\Internal\mar2020\pickle_files\f606010ee21bb6cf5e60676a9d7c5d0b9856c7f0.pkl,1
D:\08_Dataset\Internal\mar2020\pickle_files\26964c6d8975bd42a53322cf89be9368fb5921e3.pkl,1
D:\08_Dataset\Internal\mar2020\pickle_files\c72c0a28eaa59cea264962b511437ffa1f1d13b4.pkl,1
D:\08_Dataset\Internal\mar2020\pickle_files\9af3c10ebd993781f30b649b31657336303953da.pkl,1
D:\08_Dataset\Internal\mar2020\pickle_files\a1426546c32950accd66047e36facfbf07d2fe02.pkl,1
D:\08_Dataset\Internal\mar2020\pickle_files\696ef60f976b703108e08b88cec3eacc25d9359d.pkl,1
D:\08_Dataset\Internal\mar2020\pickle_files\8e38b12b707e6a9e7155376f7a3f0d9d2cf2bb8d.pkl,1
D:\08_Dataset\Internal\mar2020\pickle_files\8f1bdcd4df436b09cb0416d9fd972df3565f1221.pkl,1
D:\08_Dataset\Internal\mar2020\pickle_files\38a65293cd496b1c6424a8117b85217de26518e4.pkl,1
D:\08_Dataset\Internal\mar2020\pickle_files\60d3d5551689c38307de9871863ab6b51f1fbdb0.pkl,1
D:\08_Dataset\Internal\mar2020\pickle_files\54cb8dcf89159ebff20d3ccc164424691a2a998f.pkl,1
D:\08_Dataset\Internal\mar2020\pickle_files\c03a53b7917ed006f0df937455b1bd84c47625d7.pkl,1
D:\08_Dataset\Internal\mar2020\pickle_files\485e7ada711622926e19b16e4b018967b9369d90.pkl,1
D:\08_Dataset\Internal\mar2020\pickle_files\d87581d8f1fadcd75c82592a004982705ef220e9.pkl,1
D:\08_Dataset\Internal\mar2020\pickle_files\4b371a0d5aea527153708434afd86134cbd0e8f3.pkl,1
D:\08_Dataset\Internal\mar2020\pickle_files\a7b11e8e60529c4d5871492fd26950acd5463488.pkl,1
D:\08_Dataset\Internal\mar2020\pickle_files\fde029b80fb8eec6a126792b0b67ce906a98de7e.pkl,1
D:\08_Dataset\Internal\mar2020\pickle_files\2b8ddb0f6d89abd39e5ecadc2c2ded9c46606ba6.pkl,1
D:\08_Dataset\Internal\mar2020\pickle_files\a45dc73a7fb1a67161bc16fb0b5216ac046caa78.pkl,1
D:\08_Dataset\Internal\mar2020\pickle_files\45526fe164701a1111bb92d2119a69966c81c3d7.pkl,1
D:\08_Dataset\Internal\mar2020\pickle_files\b3453f2975ef32c883260a9507e7d32b395892c3.pkl,1
D:\08_Dataset\Internal\mar2020\pickle_files\c7df7171cd891db28361cc47b4fa018c6b5b6706.pkl,1
D:\08_Dataset\Internal\mar2020\pickle_files\ef383ddc2a18c606c6d3e9531ebf3cd386682087.pkl,1
D:\08_Dataset\Internal\mar2020\pickle_files\2749aa80663e4c79249de7a0e08f60011a059db1.pkl,1
D:\08_Dataset\Internal\mar2020\pickle_files\f5645e842b5e6d65fecb2e09fb6a2789c2d90c9d.pkl,1
D:\08_Dataset\Internal\mar2020\pickle_files\9f7bd1b368106e5669dca45bfd99f9871e13fbfe.pkl,1
D:\08_Dataset\Internal\mar2020\pickle_files\c962001b8aa1eb18d0bd02c65d1bf187ac395390.pkl,1
D:\08_Dataset\Internal\mar2020\pickle_files\0707e6dceb00f517549037b0716ae26ef534baad.pkl,1
D:\08_Dataset\Internal\mar2020\pickle_files\d5ae472fd462b1f4c59a8653bbe83242a5ab539f.pkl,1
D:\08_Dataset\Internal\mar2020\pickle_files\4e0d8bf0040f529862c7b90a035f2b940aea406e.pkl,1
D:\08_Dataset\Internal\mar2020\pickle_files\0bd03c72bf78452c4af740370b4deb379048239e.pkl,1
D:\08_Dataset\Internal\mar2020\pickle_files\47403e1c4165212af9f4181926f31073d6b94ae6.pkl,1
D:\08_Dataset\Internal\mar2020\pickle_files\2b42eea177f849d8e91d3f702e1117c39a56657c.pkl,1
D:\08_Dataset\Internal\mar2020\pickle_files\e10bf6613597ef61d9f62337ad896ecf2523813f.pkl,1
D:\08_Dataset\Internal\mar2020\pickle_files\2ba893c7b8f351e33452c3a5fb1b026576746bcc.pkl,1
D:\08_Dataset\Internal\mar2020\pickle_files\cd168a3683ce966ff118c24fb2664fb411352fa1.pkl,1
D:\08_Dataset\Internal\mar2020\pickle_files\fe95af14bd751154d3c20825ae516f654ee9ac52.pkl,1
D:\08_Dataset\Internal\mar2020\pickle_files\6e2371fe5f37f269b1f5e9f905cad4b81159d03f.pkl,1
D:\08_Dataset\Internal\mar2020\pickle_files\f52fbb198819bb701a1993c2ba0ed042c398f33c.pkl,1
D:\08_Dataset\Internal\mar2020\pickle_files\350ef1fb13b69f3bd2fb9a76b4a14944f584902d.pkl,1
D:\08_Dataset\Internal\mar2020\pickle_files\e00a05a3e954530a2315f4f6b5ecc11f26620d95.pkl,1
D:\08_Dataset\Internal\mar2020\pickle_files\1f7d5fb5bbaa1ba74e1abdddf0760935f0115453.pkl,1
D:\08_Dataset\Internal\mar2020\pickle_files\9b09f1dc433654cc7df9bac3a3f1580b127edf2a.pkl,1
D:\08_Dataset\Internal\mar2020\pickle_files\fce2205993b6c3b902b825246becd9756f1b3c0e.pkl,1
D:\08_Dataset\Internal\mar2020\pickle_files\a5d640ed973e5c8a276b72ff466c77358df9f374.pkl,1
D:\08_Dataset\Internal\mar2020\pickle_files\25eb68d8c2253758d3164bc362f2baf48e0b0b1c.pkl,1
D:\08_Dataset\Internal\mar2020\pickle_files\b995756c02e6e84c5ddf976aa709c6688f45b8f9.pkl,1
D:\08_Dataset\Internal\mar2020\pickle_files\4cdafc8b8546d88ac59fbb6c3806160c234436be.pkl,1
D:\08_Dataset\Internal\mar2020\pickle_files\f57685bcc7a868bea728b8132b09ddd977b2b9db.pkl,1
D:\08_Dataset\Internal\mar2020\pickle_files\96e6fd7e5b3de564376eb0eeddac1e0968ed9c43.pkl,1
D:\08_Dataset\Internal\mar2020\pickle_files\55d7b70a7859af831ff4347f7ffefca5d328237e.pkl,1
D:\08_Dataset\Internal\mar2020\pickle_files\62590b5494a916573f08d3936da963444516cb4e.pkl,1
D:\08_Dataset\Internal\mar2020\pickle_files\5f8dcf7d098cb0bf83008aa81d3d62248e3e8d38.pkl,1
D:\08_Dataset\Internal\mar2020\pickle_files\84bfb059215a1a02da427463cb4f4e6257a88ecf.pkl,1
D:\08_Dataset\Internal\mar2020\pickle_files\6614e18c44afa7bf7f34188b4faafbc75567f244.pkl,1
D:\08_Dataset\Internal\mar2020\pickle_files\56309110379388d8850ea308325e1fe33a6672cc.pkl,1
D:\08_Dataset\Internal\mar2020\pickle_files\2ebf640eccbbd44539d108f30447b09eb439f8b1.pkl,1
D:\08_Dataset\Internal\mar2020\pickle_files\7d4bbf16eddecb49597f13ca98995aed0e99ecb3.pkl,1
D:\08_Dataset\Internal\mar2020\pickle_files\dd1a9282f889e5e80d5f42b5b8e10a45658c521f.pkl,1
D:\08_Dataset\Internal\mar2020\pickle_files\165a1328d6b6cc9c805c105f4da7cc5689240a4d.pkl,1
D:\08_Dataset\Internal\mar2020\pickle_files\77125ef742dff168d054ea8c15185e06070a55a3.pkl,1
D:\08_Dataset\Internal\mar2020\pickle_files\cf52251da3c32ffd928b601ebefcbe99faa50e8c.pkl,1
D:\08_Dataset\Internal\mar2020\pickle_files\854ff57bd07f8adc996c863be022da8097085829.pkl,1
D:\08_Dataset\Internal\mar2020\pickle_files\adad758124bfbdd2f244294927b1e83051b986a8.pkl,1
D:\08_Dataset\Internal\mar2020\pickle_files\49ed8ca27b51453363113084d94d98e77a656489.pkl,1
D:\08_Dataset\Internal\mar2020\pickle_files\6db6477f456c84f144014785d25d8a889a39aafc.pkl,1
D:\08_Dataset\Internal\mar2020\pickle_files\c9b36f33ac7691c6750b150b0052626a2bf0cd77.pkl,1
D:\08_Dataset\Internal\mar2020\pickle_files\17789c06f4e81e8fdac61709af19fbbfd90c584f.pkl,1
D:\08_Dataset\Internal\mar2020\pickle_files\5c90111efedf13ed774ea9eb3b23e60ed7342aec.pkl,1
D:\08_Dataset\Internal\mar2020\pickle_files\7cada5bb4490ad00274ce2f578a8347e902cc12a.pkl,1
D:\08_Dataset\Internal\mar2020\pickle_files\62b6c8c87787a62ee626a5eb8507867aa291c598.pkl,1
D:\08_Dataset\Internal\mar2020\pickle_files\dc27078f483734eeb144e616cebcf405c985601e.pkl,1
D:\08_Dataset\Internal\mar2020\pickle_files\0b12d08f9dd2dd3ce449e125d00c3ef809561002.pkl,1
D:\08_Dataset\Internal\mar2020\pickle_files\2451065003bbb5f7839f4c6e1a9f622caeb7f4d8.pkl,1
D:\08_Dataset\Internal\mar2020\pickle_files\3fedb0ce1f4bd807d20cac5664d10720412cd13d.pkl,1
D:\08_Dataset\Internal\mar2020\pickle_files\ab3930e8db61884c0d475ebd9a7b0a3d1d6b96ba.pkl,1
D:\08_Dataset\Internal\mar2020\pickle_files\63051637387ae1b4ee62015c520570d8fbd53f9b.pkl,1
D:\08_Dataset\Internal\mar2020\pickle_files\8bea7cff93f01aed553e3a7139d2f5912480d736.pkl,1
D:\08_Dataset\Internal\mar2020\pickle_files\2c990e15dd0e361510939ffce6430d138a0220d0.pkl,1
D:\08_Dataset\Internal\mar2020\pickle_files\cb17726aaaddd23780395387ebd18221ce852447.pkl,1
D:\08_Dataset\Internal\mar2020\pickle_files\76b8fa5bf5cfde8220ad98fbb388b08cc37a026f.pkl,1
D:\08_Dataset\Internal\mar2020\pickle_files\35cafe11ec5d9857ab1a8fe81d5483098d08a7ca.pkl,1
D:\08_Dataset\Internal\mar2020\pickle_files\9633e6e00b4dd3bbc9cd4f992ac4e1bb66f3960b.pkl,1
D:\08_Dataset\Internal\mar2020\pickle_files\ede6202b4a73173abd89586ef5c395129457b976.pkl,1
D:\08_Dataset\Internal\mar2020\pickle_files\3bb42f8d01db5d0ad739368e55970b4c6adc1711.pkl,1
D:\08_Dataset\Internal\mar2020\pickle_files\acdc505e8ccbfb073b0962422c35694de8342091.pkl,1
D:\08_Dataset\Internal\mar2020\pickle_files\79b9431ba4b50d91e02e2ec71a749d10baed4814.pkl,1
D:\08_Dataset\Internal\mar2020\pickle_files\1dd373f5c6fd660b579dc1b4306c665c8a5659a7.pkl,1
D:\08_Dataset\Internal\mar2020\pickle_files\59e9667a183794a6ba7bb37ec722ae597e76f9b7.pkl,1
D:\08_Dataset\Internal\mar2020\pickle_files\bbeaf0af5c7c1c055a5c4531376676a7d8de46e4.pkl,1
D:\08_Dataset\Internal\mar2020\pickle_files\eb55e6d56e4a512bff48926f6ede4d6109b6164b.pkl,1
D:\08_Dataset\Internal\mar2020\pickle_files\8cb15fcca66126804ae70b21f88d92277533c015.pkl,1
D:\08_Dataset\Internal\mar2020\pickle_files\bc2870fa1d2f235ea3cf8d6310510feada9adddd.pkl,1
D:\08_Dataset\Internal\mar2020\pickle_files\93760368709fe54f6e0a450f67b2c62fc3cddd63.pkl,1
D:\08_Dataset\Internal\mar2020\pickle_files\e2e755c3ba85311e6e39332f6865d347f104515e.pkl,1
D:\08_Dataset\Internal\mar2020\pickle_files\3963741d4e44cc49193c7b49d1d5fc60093c8471.pkl,1
D:\08_Dataset\Internal\mar2020\pickle_files\f6850681d0d64146ecf382fdc31f1c30c2aabbbf.pkl,1
D:\08_Dataset\Internal\mar2020\pickle_files\dd5b0a29e8f2b65e3798a67bb2e4c488ef36bc08.pkl,1
D:\08_Dataset\Internal\mar2020\pickle_files\91ca5d544de270a2062a9a854397ea2d137082d5.pkl,1
D:\08_Dataset\Internal\mar2020\pickle_files\eabe9a97cac24892800efe6b365fb8a6b697e282.pkl,1
D:\08_Dataset\Internal\mar2020\pickle_files\0896c5d0f14d681bfe2361e42f72eac8393370fb.pkl,1
D:\08_Dataset\Internal\mar2020\pickle_files\2341e93cc7a199d3dd364e7b1a36925cdd43171d.pkl,1
D:\08_Dataset\Internal\mar2020\pickle_files\7df0d647a7c0c95f64dee7a3118c9bb401e40e92.pkl,1
D:\08_Dataset\Internal\mar2020\pickle_files\617f8d1d3c535f0a8fa670a84a0fa1111fa95dee.pkl,1
D:\08_Dataset\Internal\mar2020\pickle_files\3c676d043eec45fc2f6707b3c91643a0ad6a96a4.pkl,1
D:\08_Dataset\Internal\mar2020\pickle_files\540d4b2b63239496a95beb7a67ea9f1cc17709b1.pkl,1
D:\08_Dataset\Internal\mar2020\pickle_files\f3244ad63bd6d40fa518a64b649086b85ccbbdae.pkl,1
D:\08_Dataset\Internal\mar2020\pickle_files\0d3d1cf2c2152f3ac920e134523962744516287a.pkl,1
D:\08_Dataset\Internal\mar2020\pickle_files\7d584711386c7580952de1c0c07f5e28958b2865.pkl,1
D:\08_Dataset\Internal\mar2020\pickle_files\5495137210f129188b0a8ece78aaa2ba0ddff18a.pkl,1
D:\08_Dataset\Internal\mar2020\pickle_files\6e9bc886d4645ff73b55e04c5f3f1366103f9cd4.pkl,1
D:\08_Dataset\Internal\mar2020\pickle_files\38d308f1f287962484c3624267ae7784bd644d10.pkl,1
D:\08_Dataset\Internal\mar2020\pickle_files\945120656f08e9dc049d306c7740340889b7358c.pkl,1
D:\08_Dataset\Internal\mar2020\pickle_files\fe1c49e7cb4e06527b03fbec881f5f927c1c9169.pkl,1
D:\08_Dataset\Internal\mar2020\pickle_files\a23e4dd3599244c3ea4adde6c72e434f38ac349c.pkl,1
D:\08_Dataset\Internal\mar2020\pickle_files\b2a4621e70fc46198d82734fa320371d8d386c5c.pkl,1
D:\08_Dataset\Internal\mar2020\pickle_files\1b9675099a3292860408aa26acedc35623a83ead.pkl,1
D:\08_Dataset\Internal\mar2020\pickle_files\cf33f021548235429a00b0b0767f072c7b74df5e.pkl,1
D:\08_Dataset\Internal\mar2020\pickle_files\0b86bcefebe461529dffdef7bac862376a2ef06c.pkl,1
D:\08_Dataset\Internal\mar2020\pickle_files\25aa2d127175484bcc1de587531391cd63d43a91.pkl,1
D:\08_Dataset\Internal\mar2020\pickle_files\fdc42ac5153da12e719ae6e3fe6903f2633ac590.pkl,1
D:\08_Dataset\Internal\mar2020\pickle_files\ac1e44d3950caac8cbbfc8874a1c3fd26dbcd5b1.pkl,1
D:\08_Dataset\Internal\mar2020\pickle_files\73eebbb57bc4c3fd6f069204717d9879e62a979b.pkl,1
D:\08_Dataset\Internal\mar2020\pickle_files\9eeb6bbab02f38bcff69ed4e29bfbb20f91fc897.pkl,1
D:\08_Dataset\Internal\mar2020\pickle_files\47245f13bd395bbd8388315e9a8cfa9cfef75dc9.pkl,1
D:\08_Dataset\Internal\mar2020\pickle_files\08cc6fc5a3c6ff69cedf1037c0a045160fb0227b.pkl,1
D:\08_Dataset\Internal\mar2020\pickle_files\aa8a15da372039e8bcf21e0e8d5263dda609f009.pkl,1
D:\08_Dataset\Internal\mar2020\pickle_files\4f1765e33284374d0fe34fd5d2ef28b4a3000955.pkl,1
D:\08_Dataset\Internal\mar2020\pickle_files\24636b7215f4d866f626e35e94436f357ce24a58.pkl,1
D:\08_Dataset\Internal\mar2020\pickle_files\db4396e34a1284b19e29c97bdc1de06ce02013b8.pkl,1
D:\08_Dataset\Internal\mar2020\pickle_files\06f313b96b98b4b6e14d63c3322376953a05e8fa.pkl,1
D:\08_Dataset\Internal\mar2020\pickle_files\557a7f5798ddee2d63af7c1c237d4b983e2969b8.pkl,1
D:\08_Dataset\Internal\mar2020\pickle_files\70642409a14d06c5db5de926669cb4595498aa98.pkl,1
D:\08_Dataset\Internal\mar2020\pickle_files\b97caaf0e950947848e8232d0df780bfabad6ef6.pkl,1
D:\08_Dataset\Internal\mar2020\pickle_files\1cb1c74980ff3716ef6e68ebf20f643e4fc15f0f.pkl,1
D:\08_Dataset\Internal\mar2020\pickle_files\6902c873f6506d8263390cd46284a201e6ebda3c.pkl,1
D:\08_Dataset\Internal\mar2020\pickle_files\cd7c4c37fe90d169a75c1b959779c351eb39a7a7.pkl,1
D:\08_Dataset\Internal\mar2020\pickle_files\0aa286797df787d6334d426b2d8693452a5a630d.pkl,1
D:\08_Dataset\Internal\mar2020\pickle_files\41a04da62649635d3f393b0c5510574164689826.pkl,1
D:\08_Dataset\Internal\mar2020\pickle_files\0151f7e2a939f441096193ef82ddf0eea804f5a3.pkl,1
D:\08_Dataset\Internal\mar2020\pickle_files\0f6c479493376a683f88cbd62aed241ef4d1756f.pkl,1
D:\08_Dataset\Internal\mar2020\pickle_files\f6210436b90aa553fdb8fecfda6aebd1e9374ed9.pkl,1
D:\08_Dataset\Internal\mar2020\pickle_files\61a3cdbb14d6956143ab42ef4820504fdc0894bf.pkl,1
D:\08_Dataset\Internal\mar2020\pickle_files\9f8d063e2eacbd58ac370286f971e2f0ebf267ee.pkl,1
D:\08_Dataset\Internal\mar2020\pickle_files\f5fc25d51f90143d7bc59e2abb745dcdf20dca69.pkl,1
D:\08_Dataset\Internal\mar2020\pickle_files\65cc7353f12041461d1e1b3444f3d1690e434063.pkl,1
D:\08_Dataset\Internal\mar2020\pickle_files\7db189d783d2881c5920b30b259b8b75780fd6ae.pkl,1
D:\08_Dataset\Internal\mar2020\pickle_files\965f090e6195d13ffc868c45ffe65a9685369725.pkl,1
D:\08_Dataset\Internal\mar2020\pickle_files\2749d67ec174d92515e998e0ab99bc90c39884fc.pkl,1
D:\08_Dataset\Internal\mar2020\pickle_files\1c2971fd0103bb330c200126129acd149e456472.pkl,1
D:\08_Dataset\Internal\mar2020\pickle_files\0f0ad060ebc541f797ec1bcd8d7512e620202d4d.pkl,1
D:\08_Dataset\Internal\mar2020\pickle_files\70c0b7823a6fe389d00062b658ecaed732bb84c5.pkl,1
D:\08_Dataset\Internal\mar2020\pickle_files\470c476aa7f1df0e6f9d1ace044c3ee3cd0ffbc7.pkl,1
D:\08_Dataset\Internal\mar2020\pickle_files\fc8ba6c8becef3e79a68bdd4ed2b0c588558c2e8.pkl,1
D:\08_Dataset\Internal\mar2020\pickle_files\3d09f1a09bbb3546f7b5919884cbae5b2e1e67d6.pkl,1
D:\08_Dataset\Internal\mar2020\pickle_files\9f9e378aa66d10dc699ddaf56d613ec726d142fb.pkl,1
D:\08_Dataset\Internal\mar2020\pickle_files\a9ac592590c5dc17730f7e43f90afa9068ac47b8.pkl,1
D:\08_Dataset\Internal\mar2020\pickle_files\edfc887e646fa76b3dddad031467f92e0865f736.pkl,1
D:\08_Dataset\Internal\mar2020\pickle_files\28ef0a52b67c4e28339823068dcdef7ff18c8c8d.pkl,1
D:\08_Dataset\Internal\mar2020\pickle_files\d5cd1eed6c56af66efa446239d75c9423460142a.pkl,1
D:\08_Dataset\Internal\mar2020\pickle_files\c411b7f13771e4742bac6b42d9b992ee770c923a.pkl,1
D:\08_Dataset\Internal\mar2020\pickle_files\a0fa1c6fca9a94169a2e44c38b5ec4545c5aba4d.pkl,1
D:\08_Dataset\Internal\mar2020\pickle_files\eb9c98aca4e55fc129374afbe5a8ed3fa57dcc02.pkl,1
D:\08_Dataset\Internal\mar2020\pickle_files\e2123e1e04d38c370c88807a457a414db996c3a3.pkl,1
D:\08_Dataset\Internal\mar2020\pickle_files\3bbebdf5f6dfb247f401bb753e5f5c86159613a9.pkl,1
D:\08_Dataset\Internal\mar2020\pickle_files\ae4811f1d737d6af78604de7c3548470eb363987.pkl,1
D:\08_Dataset\Internal\mar2020\pickle_files\164138e153907a6b9c2819d59f592294a8f4d6ed.pkl,1
D:\08_Dataset\Internal\mar2020\pickle_files\34a0be8d203b5b9293168d4262ab23102262c679.pkl,1
D:\08_Dataset\Internal\mar2020\pickle_files\33332ad49387c0afa3d5613d4e26e9d884fa4ee2.pkl,1
D:\08_Dataset\Internal\mar2020\pickle_files\9d47812db83b0e545d15f26ffc185eb281ad800f.pkl,1
D:\08_Dataset\Internal\mar2020\pickle_files\fc2a3d1a85ac3ddb30c6a9ddff0b4628b133073a.pkl,1
D:\08_Dataset\Internal\mar2020\pickle_files\7132642b9c531463b36dbd34a9f8dbc8f2769443.pkl,1
D:\08_Dataset\Internal\mar2020\pickle_files\b58e57460bcfad9bd3f11115859e71e1650b30f3.pkl,1
D:\08_Dataset\Internal\mar2020\pickle_files\b61dfeb5037223e85d215f3d3c7036b4ce745590.pkl,1
D:\08_Dataset\Internal\mar2020\pickle_files\ebc0b84b8a5a4a037415250aea5632bb1e6178f0.pkl,1
D:\08_Dataset\Internal\mar2020\pickle_files\ecb52fb65472a0ccd03b36744d4f0e003ae0dbad.pkl,1
D:\08_Dataset\Internal\mar2020\pickle_files\5396e59b5ac8be9f0d3104189e357f29bc298748.pkl,1
D:\08_Dataset\Internal\mar2020\pickle_files\6c2881cc1144527f1feed9ccd072b0e742c872ee.pkl,1
D:\08_Dataset\Internal\mar2020\pickle_files\4ebac7276988264079fc373c09db032126958576.pkl,1
D:\08_Dataset\Internal\mar2020\pickle_files\5e37bb77c616821416789f81ece93a336dcf70ab.pkl,1
D:\08_Dataset\Internal\mar2020\pickle_files\a90f5de0cf127c146f744360efeb3a8b76363ea8.pkl,1
D:\08_Dataset\Internal\mar2020\pickle_files\3198ebc030085dc146a79d2a3b001b24095c7e40.pkl,1
D:\08_Dataset\Internal\mar2020\pickle_files\19132b04e7103567da4280a19979cac335a9285b.pkl,1
D:\08_Dataset\Internal\mar2020\pickle_files\9b3f5b9452c23e7642275a32e547fcc3f2aededf.pkl,1
D:\08_Dataset\Internal\mar2020\pickle_files\39de9ea02222a3ce4c7ac3d2ec16c5e4cbf424aa.pkl,1
D:\08_Dataset\Internal\mar2020\pickle_files\35e3f619fd33e0269196099198b0455dd9ea1ee7.pkl,1
D:\08_Dataset\Internal\mar2020\pickle_files\b9a42492ab8346a9a8fc6967dd8e09e6aff53936.pkl,1
D:\08_Dataset\Internal\mar2020\pickle_files\9080a8668251607eac43d98b996745f9c7b00f60.pkl,1
D:\08_Dataset\Internal\mar2020\pickle_files\78937ea35141a91a9c67a50898f0ab74ca551822.pkl,1
D:\08_Dataset\Internal\mar2020\pickle_files\793d8fa6ebbf4c1fd0ba583f23e6024e852e3ed5.pkl,1
D:\08_Dataset\Internal\mar2020\pickle_files\6a756210f88049b24c6abeb18617a73d878ca1be.pkl,1
D:\08_Dataset\Internal\mar2020\pickle_files\1742f357310048ac988cdd7a469330c581250508.pkl,1
D:\08_Dataset\Internal\mar2020\pickle_files\6f6961cda7e7e59edec9f37b5a3eaa0c3192d605.pkl,1
D:\08_Dataset\Internal\mar2020\pickle_files\2152db909f53db6bd0227e20acd1dc029b7a2b44.pkl,1
D:\08_Dataset\Internal\mar2020\pickle_files\b942d406506e5d066508925c086b8716809d041d.pkl,1
D:\08_Dataset\Internal\mar2020\pickle_files\f882d7422f3f59aad6ef7784c69ea053be80d816.pkl,1
D:\08_Dataset\Internal\mar2020\pickle_files\536156071ade079554d778442996477999f4eaa9.pkl,1
D:\08_Dataset\Internal\mar2020\pickle_files\aa21b1d6e71383258c1bc7c306bf50bb58613584.pkl,1
D:\08_Dataset\Internal\mar2020\pickle_files\6f7531892b773025c9df81441ef6aac5144601dd.pkl,1
D:\08_Dataset\Internal\mar2020\pickle_files\5c50ed57a9c2ebc4d600637f70a0bd05b7c9f741.pkl,1
D:\08_Dataset\Internal\mar2020\pickle_files\ecb67433634b0a24dd5745682d759f3282e90259.pkl,1
D:\08_Dataset\Internal\mar2020\pickle_files\6ee8e26249fb1704500c8a53faa0ea7752c7228a.pkl,1
D:\08_Dataset\Internal\mar2020\pickle_files\1f79b2718887fb719c12fbc374adc52d9bc790fa.pkl,1
D:\08_Dataset\Internal\mar2020\pickle_files\3b398b08b22c40d22b08f3779a966fb50a377e75.pkl,1
D:\08_Dataset\Internal\mar2020\pickle_files\397e65576cfe1e0f159fd10217a0f3668fc9b27b.pkl,1
D:\08_Dataset\Internal\mar2020\pickle_files\5bf7d76c4c563c2a10dc2f64c0265d9bbc167f0a.pkl,1
D:\08_Dataset\Internal\mar2020\pickle_files\a93664b89b652c7d6a32d03d73073366e7b9b186.pkl,1
D:\08_Dataset\Internal\mar2020\pickle_files\1a9e78d59c9b3e7932b80066fcfc46d5d819ee2b.pkl,1
D:\08_Dataset\Internal\mar2020\pickle_files\b39ce2a7999008ece603e5173a1c29c3685af319.pkl,1
D:\08_Dataset\Internal\mar2020\pickle_files\93d23610b6f91940d4c97a3c2f694595b49b0a8c.pkl,1
D:\08_Dataset\Internal\mar2020\pickle_files\02bd3a7840400f701f7701fef93976a0ce8fc895.pkl,1
D:\08_Dataset\Internal\mar2020\pickle_files\5055412190e12ea1192f54e6a3500b104d823bc5.pkl,1
D:\08_Dataset\Internal\mar2020\pickle_files\a8920c70932f622c2b59ca49455c87453ca3a932.pkl,1
D:\08_Dataset\Internal\mar2020\pickle_files\051307ed69be47b74c40d9eb9b4005567ba95422.pkl,1
D:\08_Dataset\Internal\mar2020\pickle_files\9559d77d9f10c197504960af49fba218f00a9cef.pkl,1
D:\08_Dataset\Internal\mar2020\pickle_files\16ec18d87c8cbb5686f074a628308a1e2e436bb9.pkl,1
D:\08_Dataset\Internal\mar2020\pickle_files\7f0f330985220fa89dfa49d16fe98ca058b08094.pkl,1
D:\08_Dataset\Internal\mar2020\pickle_files\3a0504bb615415f71c96017a62d0129a975ca366.pkl,1
D:\08_Dataset\Internal\mar2020\pickle_files\eb9c9807a883a428798e9704389ca01a43e09589.pkl,1
D:\08_Dataset\Internal\mar2020\pickle_files\e1541f84af205fa7392535cc10a35bfe48c3e8ce.pkl,1
D:\08_Dataset\Internal\mar2020\pickle_files\ee49360a2e19f60d60c4548076b595ff7197c254.pkl,1
D:\08_Dataset\Internal\mar2020\pickle_files\a62725c0c2776526776bbb49e92957e3486a65e7.pkl,1
D:\08_Dataset\Internal\mar2020\pickle_files\bf99ff8a600fc6e8df18a05bee5e6a7e057a4e68.pkl,1
D:\08_Dataset\Internal\mar2020\pickle_files\93ccf26aea764af55c8cc77b9028050acc3ae844.pkl,1
D:\08_Dataset\Internal\mar2020\pickle_files\f39a5146945df6fcb67ad925c213865a245e60b2.pkl,1
D:\08_Dataset\Internal\mar2020\pickle_files\b991baeee01ddca8b790f76f1b15fa62111fd581.pkl,1
D:\08_Dataset\Internal\mar2020\pickle_files\28379f8b51407be606bf452f85261e095f9b9732.pkl,1
D:\08_Dataset\Internal\mar2020\pickle_files\3bf9f7dce3d840d11e6f6bd838fbbc2b19f91f53.pkl,1
D:\08_Dataset\Internal\mar2020\pickle_files\3137ea84bdf02f4904daaaee71e41fcc51824f9a.pkl,1
D:\08_Dataset\Internal\mar2020\pickle_files\a2123c9b114c0a51e513f518a439ee1f00ae96e2.pkl,1
D:\08_Dataset\Internal\mar2020\pickle_files\db97933884cd101291086627058a7a6b3def9cc5.pkl,1
D:\08_Dataset\Internal\mar2020\pickle_files\fa557f2b7709fee94ad0bd21b32017ba33f24464.pkl,1
D:\08_Dataset\Internal\mar2020\pickle_files\2c3b812bebec6f9d1d708eec0dc1979cbe53344e.pkl,1
D:\08_Dataset\Internal\mar2020\pickle_files\352dc99c4749bc9e4afafd5ce6cbbb271325e48d.pkl,1
D:\08_Dataset\Internal\mar2020\pickle_files\8d526e1c6797d4ff0d0108aec44bbd94aa177bd8.pkl,1
D:\08_Dataset\Internal\mar2020\pickle_files\39cfffbe9c73094a804efe8696a0d81dbc3ed17d.pkl,1
D:\08_Dataset\Internal\mar2020\pickle_files\57217fef9cad9dd8d9f01d6df7b0857a3179a06b.pkl,1
D:\08_Dataset\Internal\mar2020\pickle_files\0dc8632b3f3eb6f08e9902b291f4210fdfe2367c.pkl,1
D:\08_Dataset\Internal\mar2020\pickle_files\3fa207f2cd78bee204a826031159b9a69b5876e3.pkl,1
D:\08_Dataset\Internal\mar2020\pickle_files\cf056e5f0982f0c0dcb7497ef0821f2b7320abab.pkl,1
D:\08_Dataset\Internal\mar2020\pickle_files\471a6088fa9800de611d78999e849ef157d04f3c.pkl,1
D:\08_Dataset\Internal\mar2020\pickle_files\43eafada62faab18bf973818ccdf2d372463c373.pkl,1
D:\08_Dataset\Internal\mar2020\pickle_files\1f39b9790ba00d9b9177bb0d159887569e83e6d3.pkl,1
D:\08_Dataset\Internal\mar2020\pickle_files\10b7bff3396b6b8eb51c884c0efdae5b9dbeec5c.pkl,1
D:\08_Dataset\Internal\mar2020\pickle_files\4df5bdadecdc066d72a0a8e83453496cfce15b7a.pkl,1
D:\08_Dataset\Internal\mar2020\pickle_files\6b5a5325e343c62865a900e4c2a569773f1e43c0.pkl,1
D:\08_Dataset\Internal\mar2020\pickle_files\502ff391cba1a8a262f749c362db6edc9a26e608.pkl,1
D:\08_Dataset\Internal\mar2020\pickle_files\1af5c7efcea075d1fb3fc224c739fde358f35b1e.pkl,1
D:\08_Dataset\Internal\mar2020\pickle_files\f8b2f24318af956cb91591925ec63755e391a306.pkl,1
D:\08_Dataset\Internal\mar2020\pickle_files\14fee8876f4e0a73918346e6ded7d2e214d066e1.pkl,1
D:\08_Dataset\Internal\mar2020\pickle_files\1d6f2e48cd3ceb6d11895dd5453e847b2c8c82bc.pkl,1
D:\08_Dataset\Internal\mar2020\pickle_files\be2d7554e247e144fa74ea144257fcaa194983f9.pkl,1
D:\08_Dataset\Internal\mar2020\pickle_files\c7d9952347429a101c621e130498dbf8584c4a20.pkl,1
D:\08_Dataset\Internal\mar2020\pickle_files\4631dac31ffdb190b8609609bdf2fdd0630fd5db.pkl,1
D:\08_Dataset\Internal\mar2020\pickle_files\075eb99a8017bfe73d62349f4e6441b0962eb6f7.pkl,1
D:\08_Dataset\Internal\mar2020\pickle_files\d5fc8c177659d2bf79691e814104b38d7ba910e5.pkl,1
D:\08_Dataset\Internal\mar2020\pickle_files\0e2d9c642ba2f8965391ed076f4906c7c945893b.pkl,1
D:\08_Dataset\Internal\mar2020\pickle_files\81df8da4703d3a653a69c2c4756b88c5972b540e.pkl,1
D:\08_Dataset\Internal\mar2020\pickle_files\ff3478c36d885174601dcfc6c71e297a295af97a.pkl,1
D:\08_Dataset\Internal\mar2020\pickle_files\bda71116549d23f621a21bae6c8556aaded22b97.pkl,1
D:\08_Dataset\Internal\mar2020\pickle_files\11deea7ade67d435781e7ca451f7bf0071b922d1.pkl,1
D:\08_Dataset\Internal\mar2020\pickle_files\9aa1619ef07acfde7035c81ec653cdfabe402d32.pkl,1
D:\08_Dataset\Internal\mar2020\pickle_files\4d88de4516dc224cc4edc94b28fd64c1ea432357.pkl,1
D:\08_Dataset\Internal\mar2020\pickle_files\52716eab5e3b70cebf0356c76cd9261e369a02c8.pkl,1
D:\08_Dataset\Internal\mar2020\pickle_files\6703dd4006a47fe78f77baf5608864059809c36c.pkl,1
D:\08_Dataset\Internal\mar2020\pickle_files\55b895071c2d1e33a1a35af8cacac0fe3f42a76c.pkl,1
D:\08_Dataset\Internal\mar2020\pickle_files\5acb8cfcad2bb97269878c97f1728b99604b56c7.pkl,1
D:\08_Dataset\Internal\mar2020\pickle_files\2c297e5fb394386f9387ad14aa443d49be01a01c.pkl,1
D:\08_Dataset\Internal\mar2020\pickle_files\6f9855d7d609c4e36bda2e7071fae5f3bf1e1ac3.pkl,1
D:\08_Dataset\Internal\mar2020\pickle_files\a1e98f81af5b5a11832f20a56559fcfcbc064349.pkl,1
D:\08_Dataset\Internal\mar2020\pickle_files\3d04faa1ddd9232bdf05880150680f3cdd082011.pkl,1
D:\08_Dataset\Internal\mar2020\pickle_files\13bfe06a0ec66b24f9f2dd119114b4d94f2489a0.pkl,1
D:\08_Dataset\Internal\mar2020\pickle_files\a035de9b2cf06d3ab903c27aec1f16389cda4685.pkl,1
D:\08_Dataset\Internal\mar2020\pickle_files\7cd857627a1f183ed9b5703e4da77e304528203d.pkl,1
D:\08_Dataset\Internal\mar2020\pickle_files\e2e0e1831df412980af5c6d1ce3557326c0e028b.pkl,1
D:\08_Dataset\Internal\mar2020\pickle_files\9e1308e992c5ae5dca0b1befbc97c596e6484a99.pkl,1
D:\08_Dataset\Internal\mar2020\pickle_files\c9be34e4ef0dc2429bd86f60d5ff72395cfc1807.pkl,1
D:\08_Dataset\Internal\mar2020\pickle_files\ac140d34fdcaa1acf42aa88298cdb671c0bf3e66.pkl,1
D:\08_Dataset\Internal\mar2020\pickle_files\1e8731c688a9a4e9cf3e330bf2807cf25083b7d8.pkl,1
D:\08_Dataset\Internal\mar2020\pickle_files\d4608a8d7badffcc8ddf7aa809f38ebce769d543.pkl,1
D:\08_Dataset\Internal\mar2020\pickle_files\4340daa99db35d90754ee5bcabdb422799e24161.pkl,1
D:\08_Dataset\Internal\mar2020\pickle_files\193f3c976ea54189ca94b1d8c997bc4cc5fe57b3.pkl,1
D:\08_Dataset\Internal\mar2020\pickle_files\7c80d8dd69adae1ea3f8e13225b89dbc9654354d.pkl,1
D:\08_Dataset\Internal\mar2020\pickle_files\ccb9e47ea651d03cde3287eb46ba5f5581060ebf.pkl,1
D:\08_Dataset\Internal\mar2020\pickle_files\450582b84cb3f448715907c0c0f134ce442e46db.pkl,1
D:\08_Dataset\Internal\mar2020\pickle_files\24b7d75403c0e50745793c9042d9c8e6805e06ce.pkl,1
D:\08_Dataset\Internal\mar2020\pickle_files\7b065464edb3b8237ef18c1502fb1e1a190dbce5.pkl,1
D:\08_Dataset\Internal\mar2020\pickle_files\ac6873d4f279ac9efe7e8ac81d1ca2f05a0c7011.pkl,1
D:\08_Dataset\Internal\mar2020\pickle_files\18754ddd2e896d558e87d59504a945c90fb65f9b.pkl,1
D:\08_Dataset\Internal\mar2020\pickle_files\ced7dbadb9b1bba5dc803d0e00d69952b322631f.pkl,1
D:\08_Dataset\Internal\mar2020\pickle_files\e55ecd473df62f694a5c3bfc72512e8ad41bac87.pkl,1
D:\08_Dataset\Internal\mar2020\pickle_files\f517aaddb37a1ea440eb5aa2a1498ece99210807.pkl,1
D:\08_Dataset\Internal\mar2020\pickle_files\33f674a69c99acde88e8e2d9cb750c8d38811078.pkl,1
D:\08_Dataset\Internal\mar2020\pickle_files\b30de145cf795e81da44524fab3ebd7107602202.pkl,1
D:\08_Dataset\Internal\mar2020\pickle_files\f409e578f55138906558d9da595d318b74feaae1.pkl,1
D:\08_Dataset\Internal\mar2020\pickle_files\9a76363e1bf614799105fff9f3444f4b06086ac0.pkl,1
D:\08_Dataset\Internal\mar2020\pickle_files\dfc0af30dc843a55e5e32298865cd1a7bb7493cf.pkl,1
D:\08_Dataset\Internal\mar2020\pickle_files\71262f4047cddab4db6d999eec0f2321b2613ef7.pkl,1
D:\08_Dataset\Internal\mar2020\pickle_files\9f7a685cda10e3af7700213051be77a13f0ad06a.pkl,1
D:\08_Dataset\Internal\mar2020\pickle_files\1cf35a77bbfc55842236f6690ccd403e734775dd.pkl,1
D:\08_Dataset\Internal\mar2020\pickle_files\2cede4dbba41c51440f9d10c33b61555eab88329.pkl,1
D:\08_Dataset\Internal\mar2020\pickle_files\f9edc491cd0560a0c0a0bd67f5d8434dcdc1d105.pkl,1
D:\08_Dataset\Internal\mar2020\pickle_files\e80f58ad964b1067bbda94969209ad7f0fab5ab3.pkl,1
D:\08_Dataset\Internal\mar2020\pickle_files\99247c760a0331f539bdc6d695316af0f16ac5e2.pkl,1
D:\08_Dataset\Internal\mar2020\pickle_files\c0417ae635736cbefb81724d3d2a1ef12937aad7.pkl,1
D:\08_Dataset\Internal\mar2020\pickle_files\7de79a45490f9187b44bd677e6e2a6507f4c98ed.pkl,1
D:\08_Dataset\Internal\mar2020\pickle_files\e7d678d581efd815a0b885e6984ed9f3bcdce960.pkl,1
D:\08_Dataset\Internal\mar2020\pickle_files\431e3bea8a99f2c08f43290f9bae7e1d639593d1.pkl,1
D:\08_Dataset\Internal\mar2020\pickle_files\afc14c8487157c1f1e2a204171b9b0f0a72ba7c1.pkl,1
D:\08_Dataset\Internal\mar2020\pickle_files\14234f8b4f8a0bdf9a896215e98aad7017cb72f7.pkl,1
D:\08_Dataset\Internal\mar2020\pickle_files\e15237e5322cf32ad4696903d8a9a4f4f92a7432.pkl,1
D:\08_Dataset\Internal\mar2020\pickle_files\24e0bc75ddb6af131447243d60f6388688e05f39.pkl,1
D:\08_Dataset\Internal\mar2020\pickle_files\0fd1e75d7b40fdc666b3e8a2030803d6a44c73dd.pkl,1
D:\08_Dataset\Internal\mar2020\pickle_files\2fe709633a175f023840ad127854f2d134c826a5.pkl,1
D:\08_Dataset\Internal\mar2020\pickle_files\57659da72bca98004ac63becc6a9778d4e0cfd4a.pkl,1
D:\08_Dataset\Internal\mar2020\pickle_files\a420814a6f404a6c014a8d9082f7a7aadb8de1f3.pkl,1
D:\08_Dataset\Internal\mar2020\pickle_files\12cfab65677af80054731d59e43b4005011ca47d.pkl,1
D:\08_Dataset\Internal\mar2020\pickle_files\b576d742f8918376bc176306f899377b25b66648.pkl,1
D:\08_Dataset\Internal\mar2020\pickle_files\751810e6ef868e0c6d444610a6d8f55024dcd745.pkl,1
D:\08_Dataset\Internal\mar2020\pickle_files\b6ba4199dfb65752d589fe98925add2937c3a012.pkl,1
D:\08_Dataset\Internal\mar2020\pickle_files\9a65165a3416f1e9f69e05d6a737ffbc54675200.pkl,1
D:\08_Dataset\Internal\mar2020\pickle_files\158a08288c3e9d1e2fb902a0e11fdb6bfea3cad4.pkl,1
D:\08_Dataset\Internal\mar2020\pickle_files\b19fc59d737c8266209037ac9d8ba093d5759cff.pkl,1
D:\08_Dataset\Internal\mar2020\pickle_files\5955fa09cc7711da0ce71985c99d84ee5e23409c.pkl,1
D:\08_Dataset\Internal\mar2020\pickle_files\9bbd2be5c7801071e4280977d94de7ddc74e6b14.pkl,1
D:\08_Dataset\Internal\mar2020\pickle_files\b9b66a7c4c49b6c2df92bd44f97deeda78941cad.pkl,1
D:\08_Dataset\Internal\mar2020\pickle_files\cff6784197f5a4bb9b5a9d47ae39d04097f180a6.pkl,1
D:\08_Dataset\Internal\mar2020\pickle_files\bfb68cc3a8c3d9be34241d43ec683ab4bd00e2d5.pkl,1
D:\08_Dataset\Internal\mar2020\pickle_files\fb4fb2d36598bdeba1a09633d38d60918fe25693.pkl,1
D:\08_Dataset\Internal\mar2020\pickle_files\cd21411e779dcd4ed39278f18793754afcb07701.pkl,1
D:\08_Dataset\Internal\mar2020\pickle_files\9adfeb134ea9d4b4a06c6b2624a7a9cdcf413284.pkl,1
D:\08_Dataset\Internal\mar2020\pickle_files\50922bedc4777fb7330ad042eff29fdb4586b1e6.pkl,1
D:\08_Dataset\Internal\mar2020\pickle_files\ebc47bf07e364a5bcaf1216f6df0517aab1474aa.pkl,1
D:\08_Dataset\Internal\mar2020\pickle_files\9b251d2c7e2d6e5c1f0774766f8d101141e80d95.pkl,1
D:\08_Dataset\Internal\mar2020\pickle_files\e5c7f4afa89d691dac3b22cda3010e67f52b62b1.pkl,1
D:\08_Dataset\Internal\mar2020\pickle_files\cc8f0eadfdaec56ae5b630d3e149c3d6f105b736.pkl,1
D:\08_Dataset\Internal\mar2020\pickle_files\8bdfbedfe920a92faefc8173e737919e8d85dcae.pkl,1
D:\08_Dataset\Internal\mar2020\pickle_files\6dfc1e512ec5037bb9b961a7fb471aaf80ba1984.pkl,1
D:\08_Dataset\Internal\mar2020\pickle_files\7fb4a8c9fd66ec7c67d7a6897aea869ade186638.pkl,1
D:\08_Dataset\Internal\mar2020\pickle_files\c24aa42008723aae85128cd33c89965d56150f9d.pkl,1
D:\08_Dataset\Internal\mar2020\pickle_files\5556499d0b1af7f0c99cbea92479825318c65677.pkl,1
D:\08_Dataset\Internal\mar2020\pickle_files\4a2b425c78fa275aab7ac74a7f6f67f28c402c12.pkl,1
D:\08_Dataset\Internal\mar2020\pickle_files\f54ffea14711c33aa19ab952374de59dacd8e4dc.pkl,1
D:\08_Dataset\Internal\mar2020\pickle_files\edca0b0cca1974f4474a513c9f017b5e28b02ce2.pkl,1
D:\08_Dataset\Internal\mar2020\pickle_files\0264bc4915d996ccca3d8c78821d47e5597edb8f.pkl,1
D:\08_Dataset\Internal\mar2020\pickle_files\803752f55cbc4e5a7f7387c32e629e3782da6740.pkl,1
D:\08_Dataset\Internal\mar2020\pickle_files\70dbd79530affe54c72f927ebed4d64992926ea1.pkl,1
D:\08_Dataset\Internal\mar2020\pickle_files\90cdf16bcd74fb91a476e5bc19ee76c38de61614.pkl,1
D:\08_Dataset\Internal\mar2020\pickle_files\ef9335ed42de43cb9b3c1e8f8268cec5c2b3bcbb.pkl,1
D:\08_Dataset\Internal\mar2020\pickle_files\d880805def9371b7762392587145851015f7faee.pkl,1
D:\08_Dataset\Internal\mar2020\pickle_files\083d28f79d473764bc98702b03ed0dfd05e2452c.pkl,1
D:\08_Dataset\Internal\mar2020\pickle_files\d3dae90b141084891f6bc28de9f27aec96d3958e.pkl,1
D:\08_Dataset\Internal\mar2020\pickle_files\9ef71a411cc2c4ded2a9a6784b431c182a9fb3af.pkl,1
D:\08_Dataset\Internal\mar2020\pickle_files\8a504cab324b827fc75e030be472edd6fe9e6ce0.pkl,1
D:\08_Dataset\Internal\mar2020\pickle_files\299114b4d9c1479f96266d7adaba9813f3e0ea06.pkl,1
D:\08_Dataset\Internal\mar2020\pickle_files\49098526e936cb5b9ee7c00d9da4ca7e49abdc61.pkl,1
D:\08_Dataset\Internal\mar2020\pickle_files\b90bd39425cdef34d25ea8ec3db448259d224980.pkl,1
D:\08_Dataset\Internal\mar2020\pickle_files\73452f75df0c86bdad329a02c1784f0633ea6cfc.pkl,1
D:\08_Dataset\Internal\mar2020\pickle_files\e350a2871c7da8a692f16c0b39acb3d2e02d374f.pkl,1
D:\08_Dataset\Internal\mar2020\pickle_files\8f50692ebaa83aa7049dcc4261a005e8954004cf.pkl,1
D:\08_Dataset\Internal\mar2020\pickle_files\641b8c987a7a19ec039e73347647645eb7b524fb.pkl,1
D:\08_Dataset\Internal\mar2020\pickle_files\0ba3d1c78be9995de7149a1743d838ca20de8e6c.pkl,1
D:\08_Dataset\Internal\mar2020\pickle_files\8b726ecdd36d209e7ebe1deb7c265ad34e9ee8f3.pkl,1
D:\08_Dataset\Internal\mar2020\pickle_files\6308dddfe488b5278712ea997e48df2ce4f8f5db.pkl,1
D:\08_Dataset\Internal\mar2020\pickle_files\db984eda18990a49e519ef8c6dcdf91bdb1011a3.pkl,1
D:\08_Dataset\Internal\mar2020\pickle_files\54184fbde5bb9994a329f282b88860796cabbb9a.pkl,1
D:\08_Dataset\Internal\mar2020\pickle_files\41c9f0131d5bada80904f95a011567aa76504762.pkl,1
D:\08_Dataset\Internal\mar2020\pickle_files\064bb27f24997e44e348cba0ae1d19790a04d6a3.pkl,1
D:\08_Dataset\Internal\mar2020\pickle_files\2fdc74cf045599d5c1ee42f938f39aa440d4ef2b.pkl,1
D:\08_Dataset\Internal\mar2020\pickle_files\836437c1ff2bae3873f7c890f8ce37147b3f18f9.pkl,1
D:\08_Dataset\Internal\mar2020\pickle_files\14419fb2df2513170d3bf3bbee3bb8921ddc7535.pkl,1
D:\08_Dataset\Internal\mar2020\pickle_files\b5ed566febb4515d1f6cd8ac1b4948f2174a1a10.pkl,1
D:\08_Dataset\Internal\mar2020\pickle_files\6d07e2c21ad005583021aa14972bd0d0b0485c89.pkl,1
D:\08_Dataset\Internal\mar2020\pickle_files\c3d04d3f9cd1cf043d7b8504feef1e4eda3be069.pkl,1
D:\08_Dataset\Internal\mar2020\pickle_files\f8d430f941a5e27971ec318839daecf75098d794.pkl,1
D:\08_Dataset\Internal\mar2020\pickle_files\892cdf0f40f517918deb9aee954d4930cf9febe1.pkl,1
D:\08_Dataset\Internal\mar2020\pickle_files\716840f4cd2e557ccfa8cb27ea776e5cef91ae34.pkl,1
D:\08_Dataset\Internal\mar2020\pickle_files\ecbe9454279e5366488848b2f2604cff94001dfd.pkl,1
D:\08_Dataset\Internal\mar2020\pickle_files\bd43c89f35c1003de85f1df628ec0f308d55ce7d.pkl,1
D:\08_Dataset\Internal\mar2020\pickle_files\0e5f5b2f83a3404da6ad7ee07f8050069d8f9330.pkl,1
D:\08_Dataset\Internal\mar2020\pickle_files\36e73e28ef094e16672729c260d1e4ecbf83835c.pkl,1
D:\08_Dataset\Internal\mar2020\pickle_files\ca30ecaad0ba0cf855457d22ffb9f2a56e1bb9b4.pkl,1
D:\08_Dataset\Internal\mar2020\pickle_files\fac0f7d01b44c3d648dd15639c61a52b939c4d9e.pkl,1
D:\08_Dataset\Internal\mar2020\pickle_files\16912308e34c0563fabf62822c9c3b44b3b63b3d.pkl,1
D:\08_Dataset\Internal\mar2020\pickle_files\2f46e8bbe3a0621a084bad31cb27a911e9f567c1.pkl,1
D:\08_Dataset\Internal\mar2020\pickle_files\d8468a43ef44f18eb47272146b761cf4befa7e2b.pkl,1
D:\08_Dataset\Internal\mar2020\pickle_files\0621333ab0a175c1d07240db61be339922aa3d31.pkl,1
D:\08_Dataset\Internal\mar2020\pickle_files\4ddbe59325e61e7d966c9f5d210cf334d0fe7e5b.pkl,1
D:\08_Dataset\Internal\mar2020\pickle_files\e19d3a8e79dbeba89c21a2ab1b71f88ddaa03c85.pkl,1
D:\08_Dataset\Internal\mar2020\pickle_files\936029f420c448efb604695265dba9563b3d2a96.pkl,1
D:\08_Dataset\Internal\mar2020\pickle_files\55fbb25737e84ed03f92d0ef3edb7a2a8f56691d.pkl,1
D:\08_Dataset\Internal\mar2020\pickle_files\4549b47739a556d1644f7cc26a23188c1a77c847.pkl,1
D:\08_Dataset\Internal\mar2020\pickle_files\85c144e8737424435a3a971e11b9ccd2bdf90e1a.pkl,1
D:\08_Dataset\Internal\mar2020\pickle_files\f9eff01b51dfb21536b7a3f6d0369cbfbe6169b6.pkl,1
D:\08_Dataset\Internal\mar2020\pickle_files\04419624f37bd1a823610f2055f9e00d7dfe8151.pkl,1
D:\08_Dataset\Internal\mar2020\pickle_files\2431cdbfeff0641d33da452a4593ef89f6f14584.pkl,1
D:\08_Dataset\Internal\mar2020\pickle_files\ff76f74308c99a3076da156d37466f0ae4c70236.pkl,1
D:\08_Dataset\Internal\mar2020\pickle_files\5efcff4b3269d1bf52d90e977737ef3d145ab3c9.pkl,1
D:\08_Dataset\Internal\mar2020\pickle_files\d81cfc9f543d1b1f826d6990f857e61fb7506e8b.pkl,1
D:\08_Dataset\Internal\mar2020\pickle_files\f39e4fecf6ed2ace6f7eb98541f5a5e2b4103ff7.pkl,1
D:\08_Dataset\Internal\mar2020\pickle_files\23cfa126761fa7aef1df07cf42303f41ef895fcf.pkl,1
D:\08_Dataset\Internal\mar2020\pickle_files\795dbe31155f37cf59f3098620b7a04809977047.pkl,1
D:\08_Dataset\Internal\mar2020\pickle_files\aae944c8eddf62621d25e582ae162dc29d28693b.pkl,1
D:\08_Dataset\Internal\mar2020\pickle_files\62b64c1d455dc58a9642a607ef379e2bc14ab006.pkl,1
D:\08_Dataset\Internal\mar2020\pickle_files\e3fda9b821ff3fb359cc988fb4b58c84fbb011ae.pkl,1
D:\08_Dataset\Internal\mar2020\pickle_files\a8dd14d341562ef3f219dec66c2883e9cae62928.pkl,1
D:\08_Dataset\Internal\mar2020\pickle_files\9649c25e7846f421c84d3951f7ecea7da64bfbe8.pkl,1
D:\08_Dataset\Internal\mar2020\pickle_files\2fd46c519d91835297fbf9406123f3a1ece69805.pkl,1
D:\08_Dataset\Internal\mar2020\pickle_files\5628c180aecb73676f3bc464696329bc82aea039.pkl,1
D:\08_Dataset\Internal\mar2020\pickle_files\d9900fd582712d560f72841aac7554097820974c.pkl,1
D:\08_Dataset\Internal\mar2020\pickle_files\b584ad3e53fe1c53d74305e35480e3a5cb20de2d.pkl,1
D:\08_Dataset\Internal\mar2020\pickle_files\8362080b8ae956ed4a6a7f7b77a9b30e4dafbe4c.pkl,1
D:\08_Dataset\Internal\mar2020\pickle_files\6c8a59782ba2386d9db4f3db32c1dd28a6fad893.pkl,1
D:\08_Dataset\Internal\mar2020\pickle_files\3e092b81f196c9342824839087b66af39cb539c1.pkl,1
D:\08_Dataset\Internal\mar2020\pickle_files\d240f9518dcb15c513c5e7212672370aac6c6f2b.pkl,1
D:\08_Dataset\Internal\mar2020\pickle_files\77e40d260ab7e2f5d72dafc26be76a8f2d9b0492.pkl,1
D:\08_Dataset\Internal\mar2020\pickle_files\33584c720da17892d57e4c9354ad51485cc2dc96.pkl,1
D:\08_Dataset\Internal\mar2020\pickle_files\ed7a6dfc4c798f42ab87b121b8e38bd60f33a335.pkl,1
D:\08_Dataset\Internal\mar2020\pickle_files\11ba2ab763392f94d0c2edcad7456df14c6ba35e.pkl,1
D:\08_Dataset\Internal\mar2020\pickle_files\63d27e3d1c2535a503f8c4493ca1cd3ead5c2ebd.pkl,1
D:\08_Dataset\Internal\mar2020\pickle_files\7a5014f15547d6435bbb65e723e19a273f4833e6.pkl,1
D:\08_Dataset\Internal\mar2020\pickle_files\b1aa1b71ec09b3caaff1043ec1a32019e296dca3.pkl,1
D:\08_Dataset\Internal\mar2020\pickle_files\c6a338318c9ff836ad56d5a8de52648956cd130d.pkl,1
D:\08_Dataset\Internal\mar2020\pickle_files\ce5d3ea03b655fe467a74148bb396402eb4e9108.pkl,1
D:\08_Dataset\Internal\mar2020\pickle_files\13913de13d4f6df47cefc5e98a249ce37af369f1.pkl,1
D:\08_Dataset\Internal\mar2020\pickle_files\2f3691f80b98c9ea76f9a9e4bc59503bed82ef82.pkl,1
D:\08_Dataset\Internal\mar2020\pickle_files\fdb1fa486d24befb3e7d26cc9eb9ade3b9bee66a.pkl,1
D:\08_Dataset\Internal\mar2020\pickle_files\5ed3629c1fb101896698e3cfdc1206366bfaac66.pkl,1
D:\08_Dataset\Internal\mar2020\pickle_files\5cbe4ef034a053dddc30505de8b25df6ed3f4182.pkl,1
D:\08_Dataset\Internal\mar2020\pickle_files\8fb02e7fa43e5ad8c8f21ef043eafa454c7685f1.pkl,1
D:\08_Dataset\Internal\mar2020\pickle_files\906e019015480038bedc5809f99f13b16bc73e65.pkl,1
D:\08_Dataset\Internal\mar2020\pickle_files\c484b0d9a86ab5b9adeefd9e1f96b6efad36914c.pkl,1
D:\08_Dataset\Internal\mar2020\pickle_files\ad960db8a5be9d1fa7c394ca46a97e70764e825a.pkl,1
D:\08_Dataset\Internal\mar2020\pickle_files\0a310da500929c01568cc40cc6d1642ebb4c4caa.pkl,1
D:\08_Dataset\Internal\mar2020\pickle_files\78c2536e3b675e7e06be1bfe70eec4271066cd5a.pkl,1
D:\08_Dataset\Internal\mar2020\pickle_files\bb7209baf05d0ad903033ad2ad626b628ebed3b4.pkl,1
D:\08_Dataset\Internal\mar2020\pickle_files\f9715321f6eb750da2138348ab71535b39485817.pkl,1
D:\08_Dataset\Internal\mar2020\pickle_files\76c7c3c5cdba1983df33978c2c03949b7e1fad44.pkl,1
D:\08_Dataset\Internal\mar2020\pickle_files\9a5bf31852f59589168dabc09a0e6354a10de15a.pkl,1
D:\08_Dataset\Internal\mar2020\pickle_files\bfef6f5b1708f72bbbbb7faf1edefc0d39731108.pkl,1
D:\08_Dataset\Internal\mar2020\pickle_files\e4848eea65cb4bc3dcef8988e067e10e8b051f59.pkl,1
D:\08_Dataset\Internal\mar2020\pickle_files\fe018c22062dcab9c61584c441211722f1e9a2ec.pkl,1
D:\08_Dataset\Internal\mar2020\pickle_files\259d6e1f2704b0a4ff9256da645f95c20c24c300.pkl,1
D:\08_Dataset\Internal\mar2020\pickle_files\1ce2ca050fe405e4e0e320e1eb3dc9b8efb983d0.pkl,1
D:\08_Dataset\Internal\mar2020\pickle_files\4f5346eb162fb7331b49256d0a812e6aadcdd6b2.pkl,1
D:\08_Dataset\Internal\mar2020\pickle_files\53aefec1697f6df3236164d317ea88f659da228f.pkl,1
D:\08_Dataset\Internal\mar2020\pickle_files\21aeac286907e2e928fda15021a7086fe557e3aa.pkl,1
D:\08_Dataset\Internal\mar2020\pickle_files\2db7c4d924326156144d651170bcf1250ca487f9.pkl,1
D:\08_Dataset\Internal\mar2020\pickle_files\2baf56504b36a3860ca5fae86b64f1c90b9bc049.pkl,1
D:\08_Dataset\Internal\mar2020\pickle_files\75eee5bcb1df6841dc7d66b686b732f493746bb6.pkl,1
D:\08_Dataset\Internal\mar2020\pickle_files\09228e3be773530dc621897208ed5699fff057c3.pkl,1
D:\08_Dataset\Internal\mar2020\pickle_files\da7b556f2f8c9750317667484471b5a09eb157ae.pkl,1
D:\08_Dataset\Internal\mar2020\pickle_files\2448674b23f5cfa320cf57c1f3cd387b869fece9.pkl,1
D:\08_Dataset\Internal\mar2020\pickle_files\90e9c455655a9db86f25914ca8765d40e2229d8c.pkl,1
D:\08_Dataset\Internal\mar2020\pickle_files\5a9465e4c6256e7b98067bcf56b485184787d305.pkl,1
D:\08_Dataset\Internal\mar2020\pickle_files\1cf9a7b5d5cce334986d7ca8cfed337550b37404.pkl,1
D:\08_Dataset\Internal\mar2020\pickle_files\def895a73d7307dee0df4252305fdbac5f716e2c.pkl,1
D:\08_Dataset\Internal\mar2020\pickle_files\a7c5a872b764dcbe018cf0915ca55c7e4a650025.pkl,1
D:\08_Dataset\Internal\mar2020\pickle_files\bbd911b880e0a3292c1aa5ca8df51e61586a8501.pkl,1
D:\08_Dataset\Internal\mar2020\pickle_files\b3300f74a7bbb097675a4f330ed73fa87686f7ed.pkl,1
D:\08_Dataset\Internal\mar2020\pickle_files\b4b53f348adeb1348fd387451d9285edca6f5ae1.pkl,1
D:\08_Dataset\Internal\mar2020\pickle_files\02ddf06c62510b37ef4ca32dcdd8b446967a1977.pkl,1
D:\08_Dataset\Internal\mar2020\pickle_files\ddf2b2755715e2cbbbbfe0ff20e95e08e2f6a289.pkl,1
D:\08_Dataset\Internal\mar2020\pickle_files\5d8ab3a1e54b7d33b9da27f9c2c3aeb27699093c.pkl,1
D:\08_Dataset\Internal\mar2020\pickle_files\958b25f5b5b2a0ffaecfd08cd3477b780db10b3f.pkl,1
D:\08_Dataset\Internal\mar2020\pickle_files\ea584718b5cbe5fd7933889eef761e1917b4d228.pkl,1
D:\08_Dataset\Internal\mar2020\pickle_files\77509c6f8d3a78d7639edbbc70b5533c256b3857.pkl,1
D:\08_Dataset\Internal\mar2020\pickle_files\be4fb2dd53a4ea267a5c218644756063e060d92d.pkl,1
D:\08_Dataset\Internal\mar2020\pickle_files\c7f0fad80e0251d49b10cb5dd5ab96f81f5c703b.pkl,1
D:\08_Dataset\Internal\mar2020\pickle_files\3c8dcafaf20e1c2d59fd74ff752fcebeb70378f2.pkl,1
D:\08_Dataset\Internal\mar2020\pickle_files\1669c7e9f241e912c5c8e1398cade3feed6098ef.pkl,1
D:\08_Dataset\Internal\mar2020\pickle_files\31ac15dfa5e6e0a8fef040179a730e174d677e7f.pkl,1
D:\08_Dataset\Internal\mar2020\pickle_files\d608b0f69f1980d5ca0e52a072b127f745f58147.pkl,1
D:\08_Dataset\Internal\mar2020\pickle_files\8b0b2183e4c3e3b2e6b221ff0444790ba4d65a89.pkl,1
D:\08_Dataset\Internal\mar2020\pickle_files\9d8ef60fd5283156f8694f76a80109c4ae2d099d.pkl,1
D:\08_Dataset\Internal\mar2020\pickle_files\50b3c9e32901a9f9aadcd2f2ac4690cbcb695b3a.pkl,1
D:\08_Dataset\Internal\mar2020\pickle_files\fcf6b85fcba1c022b1671633f80dcae03d7bf18c.pkl,1
D:\08_Dataset\Internal\mar2020\pickle_files\8616bd552778cc75d43625ed1e08dff1d409d582.pkl,1
D:\08_Dataset\Internal\mar2020\pickle_files\1f9053810283e75d406d46d8e88c1d30685562c7.pkl,1
D:\08_Dataset\Internal\mar2020\pickle_files\d40265e521918449c25e17df23174d7d46a882fb.pkl,1
D:\08_Dataset\Internal\mar2020\pickle_files\7d487b3f88825da40fdaa0cc216e5074e99617bf.pkl,1
D:\08_Dataset\Internal\mar2020\pickle_files\a62d24c1ee1efa8e2fd8443875e9341ace9e35e0.pkl,1
D:\08_Dataset\Internal\mar2020\pickle_files\0741d59482763f542870dbb8dcc90b319b19d308.pkl,1
D:\08_Dataset\Internal\mar2020\pickle_files\d4d34d69913f45bae2e7cef273a8c45ec513f7f8.pkl,1
D:\08_Dataset\Internal\mar2020\pickle_files\a79d9e5936971ae6b2d6d7c3fa75ca7749a8b589.pkl,1
D:\08_Dataset\Internal\mar2020\pickle_files\6eeb122816c007b40a0c757fb3d94d37405854b6.pkl,1
D:\08_Dataset\Internal\mar2020\pickle_files\f3a35e4f496b94ef4c514f2b77845d885d29bfd2.pkl,1
D:\08_Dataset\Internal\mar2020\pickle_files\be63d559e35d23c9ef2a0cbb8a1a1047eee68283.pkl,1
D:\08_Dataset\Internal\mar2020\pickle_files\2c8acead64eb8c3155801cb68073d25715705eab.pkl,1
D:\08_Dataset\Internal\mar2020\pickle_files\9d7245703bae26a5e375939d79b287e040d04461.pkl,1
D:\08_Dataset\Internal\mar2020\pickle_files\c1a272170ae3e59348eb0fe81df1f2ac15194f08.pkl,1
D:\08_Dataset\Internal\mar2020\pickle_files\c44dff4865d48f860b90d0e0b6de9174e65d8c33.pkl,1
D:\08_Dataset\Internal\mar2020\pickle_files\af36b0552e9ebebc6c002c99beda5babc142e4d9.pkl,1
D:\08_Dataset\Internal\mar2020\pickle_files\dd13f3613f8d68a36747bd6eef6fa30e145f1459.pkl,1
D:\08_Dataset\Internal\mar2020\pickle_files\1b876ea998f2eaef6d394b0fd8387862d0a7d613.pkl,1
D:\08_Dataset\Internal\mar2020\pickle_files\609fa5fdbf082ef419fd276a50c61c4f20e733c5.pkl,1
D:\08_Dataset\Internal\mar2020\pickle_files\f801168751ba82e3a66a38c1ce53b8af5bb0ad0d.pkl,1
D:\08_Dataset\Internal\mar2020\pickle_files\a2298299c05effeb9eb0009d1adbec8983ca05f0.pkl,1
D:\08_Dataset\Internal\mar2020\pickle_files\5e68a67351417eb52f6dfb548e03086f7d2a4e51.pkl,1
D:\08_Dataset\Internal\mar2020\pickle_files\afc46efaea729c6a92621d13158132e62e07d25d.pkl,1
D:\08_Dataset\Internal\mar2020\pickle_files\3cb7a041deab5b741384be53e0bf51b950369896.pkl,1
D:\08_Dataset\Internal\mar2020\pickle_files\8f851a714bc83abb4b143fb2707f2eb87eb877fe.pkl,1
D:\08_Dataset\Internal\mar2020\pickle_files\b88e90d8353551d69ecf52ee22b9db7a6dfb2932.pkl,1
D:\08_Dataset\Internal\mar2020\pickle_files\f9d2694016f53d3c6e0a5dbc82246a08f49a7151.pkl,1
D:\08_Dataset\Internal\mar2020\pickle_files\5f9efe5f3f934578c56487aed7c7a94768330a42.pkl,1
D:\08_Dataset\Internal\mar2020\pickle_files\7d053117c43e7f04fd9051036d77f15de190540c.pkl,1
D:\08_Dataset\Internal\mar2020\pickle_files\a03878ac603df6e009006c8a03c5c6a2b0853601.pkl,1
D:\08_Dataset\Internal\mar2020\pickle_files\9da79828068d11f70d7686aab0c6b035ff47b717.pkl,1
D:\08_Dataset\Internal\mar2020\pickle_files\f2bce40e4e5e7e4bcd3429507f3aceadc37d8f7e.pkl,1
D:\08_Dataset\Internal\mar2020\pickle_files\8149b8e14dc8f7b3b1d866f9e941fb3b3da50e41.pkl,1
D:\08_Dataset\Internal\mar2020\pickle_files\f1da1ebfe3cb4635362dc7ed8d60f397b2b9aceb.pkl,1
D:\08_Dataset\Internal\mar2020\pickle_files\609fd7329491014e78a07afc6347a4e7492f7a5e.pkl,1
D:\08_Dataset\Internal\mar2020\pickle_files\29b53e0c7da8958601a7b17b40d72182398d9fd6.pkl,1
D:\08_Dataset\Internal\mar2020\pickle_files\656c4885b5a11aced3a747da547f5ce7bfc4b8a9.pkl,1
D:\08_Dataset\Internal\mar2020\pickle_files\339e0b3d70338a2455fe85240d6f9806e9a2d134.pkl,1
D:\08_Dataset\Internal\mar2020\pickle_files\0d11f866b5294d89dcc75d084f14a9a85ce8654b.pkl,1
D:\08_Dataset\Internal\mar2020\pickle_files\4bf278b5772bddc3bd6d68b5a1f8f865309f456c.pkl,1
D:\08_Dataset\Internal\mar2020\pickle_files\2b2fb07e125523d48be9ffa12673f6acddd3d9c4.pkl,1
D:\08_Dataset\Internal\mar2020\pickle_files\e6647c590685f5c45d709c349b90a6e7a47f187e.pkl,1
D:\08_Dataset\Internal\mar2020\pickle_files\175fe92d2d43754c9e2608d96ee3a81bda1b059b.pkl,1
D:\08_Dataset\Internal\mar2020\pickle_files\23dd6905ee70fcb5c6257abdcc44fa749577f92d.pkl,1
D:\08_Dataset\Internal\mar2020\pickle_files\7a3246c11b78e0144700cb40cb9588e15b8bcd7e.pkl,1
D:\08_Dataset\Internal\mar2020\pickle_files\0d1cb57debe604ad2be0c0a03fd25fc87be6c593.pkl,1
D:\08_Dataset\Internal\mar2020\pickle_files\1cd21bf50b7e454fce918483c4da5ae656457942.pkl,1
D:\08_Dataset\Internal\mar2020\pickle_files\0cf640667ca590bd634ef9bdd0b4b94a1e691446.pkl,1
D:\08_Dataset\Internal\mar2020\pickle_files\3bb5d72c0c24a6d0f6b4430513c311ebd10d18bf.pkl,1
D:\08_Dataset\Internal\mar2020\pickle_files\cf078fcad9a5ed26804e85516d75444316728fbe.pkl,1
D:\08_Dataset\Internal\mar2020\pickle_files\698768f748a3aa6b5bbf079a1203b01fccec9fbb.pkl,1
D:\08_Dataset\Internal\mar2020\pickle_files\12c282e0d076699101840491733f58deb66225a2.pkl,1
D:\08_Dataset\Internal\mar2020\pickle_files\9de95c882a13b4ce511bd16c21a6dd270a5a2244.pkl,1
D:\08_Dataset\Internal\mar2020\pickle_files\87779174943e0e2834798178d58ee4e9cf2a9c94.pkl,1
D:\08_Dataset\Internal\mar2020\pickle_files\47e55dde04ee166e30389f17409feb6601d900f8.pkl,1
D:\08_Dataset\Internal\mar2020\pickle_files\b44945f8fb38e5e69ae397754c7f83c68533a5c3.pkl,1
D:\08_Dataset\Internal\mar2020\pickle_files\2177473d42a7f8ec62f9f9151182fc26f43d0c2b.pkl,1
D:\08_Dataset\Internal\mar2020\pickle_files\7b7fe9687be154fe538fa5759c9c83208b9ac542.pkl,1
D:\08_Dataset\Internal\mar2020\pickle_files\aae5744a5c2b8cd1a7846eaef7cc2ab4fe205fd8.pkl,1
D:\08_Dataset\Internal\mar2020\pickle_files\70c5cd8e5d2d7191f98c3f08a1efaaf66372f646.pkl,1
D:\08_Dataset\Internal\mar2020\pickle_files\79677b48f4f9bf1cb56e0761275bac4457134e49.pkl,1
D:\08_Dataset\Internal\mar2020\pickle_files\7dc59a239bb2d7623e0a65675af3304b7a51a351.pkl,1
D:\08_Dataset\Internal\mar2020\pickle_files\affb238c296aa3c2acae545b1638b6127a004787.pkl,1
D:\08_Dataset\Internal\mar2020\pickle_files\5cf520bc746aaf090ef40aea6dee263b60fb788e.pkl,1
D:\08_Dataset\Internal\mar2020\pickle_files\dee4976bed4930eca30f0d4ab7e0612d4cbfa508.pkl,1
D:\08_Dataset\Internal\mar2020\pickle_files\aa83dbd727bd2ee90e36a88dce6c6705dba2bb30.pkl,1
D:\08_Dataset\Internal\mar2020\pickle_files\42a6adccfabd811bfd228845c448c52e7aec55c4.pkl,1
D:\08_Dataset\Internal\mar2020\pickle_files\91c5de563cdb58d099ee66762dfa2f304401e9f1.pkl,1
D:\08_Dataset\Internal\mar2020\pickle_files\7ffed68f295ee3c43b40739de17f9f5b44958cdd.pkl,1
D:\08_Dataset\Internal\mar2020\pickle_files\25ec2531eb00600539418be8c228e29a04ae310f.pkl,1
D:\08_Dataset\Internal\mar2020\pickle_files\26f723e4c16b56c32ff96527e4a66865397a488a.pkl,1
D:\08_Dataset\Internal\mar2020\pickle_files\9e4fac23f6debecd3729b755b3cedb34997580e2.pkl,1
D:\08_Dataset\Internal\mar2020\pickle_files\dd9d913963b90ea00cf19b9772b38a6aec27db33.pkl,1
D:\08_Dataset\Internal\mar2020\pickle_files\f4e159b6ff4c6ed2d1dfbe45082e038328abe3fa.pkl,1
D:\08_Dataset\Internal\mar2020\pickle_files\8da1c81f78efaef699911f64efea6209153e5ca3.pkl,1
D:\08_Dataset\Internal\mar2020\pickle_files\4128f0dacb7ec2eaefce157dddda5e1b74fde8e3.pkl,1
D:\08_Dataset\Internal\mar2020\pickle_files\1b3e82e9f6d479a8399d5cb2a23857e74ab6cf9c.pkl,1
D:\08_Dataset\Internal\mar2020\pickle_files\a2e60fe47eb506608d1652407a5f2af68f43571a.pkl,1
D:\08_Dataset\Internal\mar2020\pickle_files\85eb29003d1fcace2a9357ff0fc6140cb599dbf4.pkl,1
D:\08_Dataset\Internal\mar2020\pickle_files\fdf52e671189b97c8c92e8718cb8d3b0ea53e80f.pkl,1
D:\08_Dataset\Internal\mar2020\pickle_files\98b370e091167299425beaf2aed475387bad2c6c.pkl,1
D:\08_Dataset\Internal\mar2020\pickle_files\7c59d841436dac69f9542f9949b52a3ec0d24eab.pkl,1
D:\08_Dataset\Internal\mar2020\pickle_files\e7804ad6c422245f0c8166c95d11ce24cfb0976e.pkl,1
D:\08_Dataset\Internal\mar2020\pickle_files\57a19a3f0c6d9079c2ba05ec1f668f73124b9fe8.pkl,1
D:\08_Dataset\Internal\mar2020\pickle_files\f9bfd1dd8117385f22839fbfa7288c7143bd31d2.pkl,1
D:\08_Dataset\Internal\mar2020\pickle_files\ed98846f51c5dd0d8e0c6967639854b258347c2d.pkl,1
D:\08_Dataset\Internal\mar2020\pickle_files\dc2ba1653ffab427fff7af0e36a4bb912324211a.pkl,1
D:\08_Dataset\Internal\mar2020\pickle_files\778c26506c617cde1b2e50aa85b6e35048e635a4.pkl,1
D:\08_Dataset\Internal\mar2020\pickle_files\e870aba0fa0ac02418fb5a140dc3ce180c632817.pkl,1
D:\08_Dataset\Internal\mar2020\pickle_files\4f54009b24d480a14a8edbf0e6d3ee1cdfc86349.pkl,1
D:\08_Dataset\Internal\mar2020\pickle_files\c5d61f604b72743234034f312227dd72d841ed58.pkl,1
D:\08_Dataset\Internal\mar2020\pickle_files\10b076018cc98f8fd5e9d7dddd1ac094b69076c5.pkl,1
D:\08_Dataset\Internal\mar2020\pickle_files\8051e5b19a4e2a6aa298c2befdbf8cefdfe1ec46.pkl,1
D:\08_Dataset\Internal\mar2020\pickle_files\74b9ff9169ab4b5bf76e5b4dc854a805dd7f6edf.pkl,1
D:\08_Dataset\Internal\mar2020\pickle_files\4c27dbed00200d6a1c463c8615d3d23f17c9f6ba.pkl,1
D:\08_Dataset\Internal\mar2020\pickle_files\f5442a4f9027a8b90a9e206cbc87ccec7a7bc660.pkl,1
D:\08_Dataset\Internal\mar2020\pickle_files\b5694f58f3f422b8344ba823090654cdeb2ae44b.pkl,1
D:\08_Dataset\Internal\mar2020\pickle_files\a471ac43cf8a3e33f22c9f4d6aebc524a5c994cf.pkl,1
D:\08_Dataset\Internal\mar2020\pickle_files\14c17b31b733d5d8a206c3c043c309664daf52a1.pkl,1
D:\08_Dataset\Internal\mar2020\pickle_files\44927bb822efb281e71a4f86f2e13653df5ce836.pkl,1
D:\08_Dataset\Internal\mar2020\pickle_files\0fa5aa9259e5d51a935d3a2a0652fc2d6b7cdc34.pkl,1
D:\08_Dataset\Internal\mar2020\pickle_files\604242afa7b4769d2fb8a4afc149bdab2b6146a2.pkl,1
D:\08_Dataset\Internal\mar2020\pickle_files\3154e287aee5db357e9b9a553c602607bfe1ab0b.pkl,1
D:\08_Dataset\Internal\mar2020\pickle_files\886e18abd2c12f449dc4791ab03f4bed8f4245fc.pkl,1
D:\08_Dataset\Internal\mar2020\pickle_files\2f5d209673cab19763aa03fa4f3e570f9082cae2.pkl,1
D:\08_Dataset\Internal\mar2020\pickle_files\a17cb795247bbb040ce5f5de584f9217a2fcb1ff.pkl,1
D:\08_Dataset\Internal\mar2020\pickle_files\dbb54c863ea469731184ac2e4ff32e5e11b3e130.pkl,1
D:\08_Dataset\Internal\mar2020\pickle_files\3e3e9b7ba6dc6d47c912c1e50b36f20b959c4456.pkl,1
D:\08_Dataset\Internal\mar2020\pickle_files\bdcb0d2be68f534b88c881fffe28bea15d869b00.pkl,1
D:\08_Dataset\Internal\mar2020\pickle_files\f6a86f2eda801e2f37e4119c1df846af7c557c2f.pkl,1
D:\08_Dataset\Internal\mar2020\pickle_files\1a252e205e22c8b575be8294b08f66c241cd4a48.pkl,1
D:\08_Dataset\Internal\mar2020\pickle_files\fbbd7e2b650e6b2b99b0af6c301b5e187ad79c58.pkl,1
D:\08_Dataset\Internal\mar2020\pickle_files\26ed463f47fd8d21184e58833464016d36620bf7.pkl,1
D:\08_Dataset\Internal\mar2020\pickle_files\8e5324efbee1336ea60d280030e9f9450eaf806f.pkl,1
D:\08_Dataset\Internal\mar2020\pickle_files\596cbeb12153cead61a0e8f26d06ca346485815c.pkl,1
D:\08_Dataset\Internal\mar2020\pickle_files\f99bf671df32031ea841fe823cb999003a1753cb.pkl,1
D:\08_Dataset\Internal\mar2020\pickle_files\fdc261e5760310099523e3ef7198f7234df17d5f.pkl,1
D:\08_Dataset\Internal\mar2020\pickle_files\7c811e64a220521ef3f310a8f7361c8e5e51c787.pkl,1
D:\08_Dataset\Internal\mar2020\pickle_files\338cc49f040093ccaeb5e02874d07bb39cae3e3c.pkl,1
D:\08_Dataset\Internal\mar2020\pickle_files\b07d73b1647518863f196240f54a3badfd18a6d3.pkl,1
D:\08_Dataset\Internal\mar2020\pickle_files\527245a4df3ed5cbcb840e581e07e668ac479470.pkl,1
D:\08_Dataset\Internal\mar2020\pickle_files\4734b3aa50099d909674b8bfc87182f7da1f8240.pkl,1
D:\08_Dataset\Internal\mar2020\pickle_files\0f192f512c5c0d4935b6f967ff3ebc20852b8fe2.pkl,1
D:\08_Dataset\Internal\mar2020\pickle_files\a8f472b6a2fd67c3189232ac3262ea4e2ec3c5db.pkl,1
D:\08_Dataset\Internal\mar2020\pickle_files\1742311388ef776df638b9ef371ac8b05ffba928.pkl,1
D:\08_Dataset\Internal\mar2020\pickle_files\48739185fb8b42f1f43c1eebbf61b7da45a251a3.pkl,1
D:\08_Dataset\Internal\mar2020\pickle_files\a862af8d7d72deb1cde14a7b966229c235a263dc.pkl,1
D:\08_Dataset\Internal\mar2020\pickle_files\f6dd618b905ccc1b72d75ecddb1bb1c0c9136c3a.pkl,1
D:\08_Dataset\Internal\mar2020\pickle_files\7b75ca5e3348028c99db84553a4cee83b8cb1eaa.pkl,1
D:\08_Dataset\Internal\mar2020\pickle_files\8958515d3672d91f8e54da0a2b332571a6224060.pkl,1
D:\08_Dataset\Internal\mar2020\pickle_files\b4d07477b57871f9d65c280a0a4a93475613b9d7.pkl,1
D:\08_Dataset\Internal\mar2020\pickle_files\62c469c735854141be1cb93849e0858551144179.pkl,1
D:\08_Dataset\Internal\mar2020\pickle_files\52508913ac630c096cc645f933a7aff17d338976.pkl,1
D:\08_Dataset\Internal\mar2020\pickle_files\8452b57a4b94b5a55086435e2c7abd43c23a9408.pkl,1
D:\08_Dataset\Internal\mar2020\pickle_files\4919b06234517678473dd03f932b6a80da97f455.pkl,1
D:\08_Dataset\Internal\mar2020\pickle_files\81d487b5481fd0515c1c876a9ca2764f0b35c842.pkl,1
D:\08_Dataset\Internal\mar2020\pickle_files\3d17f1bd73d0ffa153b014fad820bbf6fbc9b4e5.pkl,1
D:\08_Dataset\Internal\mar2020\pickle_files\b83651201f3063e792167114339030810b942d67.pkl,1
D:\08_Dataset\Internal\mar2020\pickle_files\a351724f11dbc294cb774d21009e754ab446fbea.pkl,1
D:\08_Dataset\Internal\mar2020\pickle_files\482463ff76afd577d60ce6c3706d2c72996c3a5a.pkl,1
D:\08_Dataset\Internal\mar2020\pickle_files\58464bd88b5135a5727fafc1c74c257ced402846.pkl,1
D:\08_Dataset\Internal\mar2020\pickle_files\60a99f08fd1a14a87ec7f5dc8a1d4493c708a27d.pkl,1
D:\08_Dataset\Internal\mar2020\pickle_files\8b669cac34faeac46019a6471a73910103491d3d.pkl,1
D:\08_Dataset\Internal\mar2020\pickle_files\23029a88da7e6a3120e67d6290e8571c2665a261.pkl,1
D:\08_Dataset\Internal\mar2020\pickle_files\1d7c096f8a4466fd8ed91677d07b99254be1e8aa.pkl,1
D:\08_Dataset\Internal\mar2020\pickle_files\d739d4684eeb893ad324195d60071c6c8fc6e414.pkl,1
D:\08_Dataset\Internal\mar2020\pickle_files\6e8ce80cd09fe767b3c43057966bb101b309c70e.pkl,1
D:\08_Dataset\Internal\mar2020\pickle_files\2b4a2bb2f6d68af8fcb14d75e160f5e02977da4d.pkl,1
D:\08_Dataset\Internal\mar2020\pickle_files\ceca086bff2d8a67f654d733f2326946a31b0f06.pkl,1
D:\08_Dataset\Internal\mar2020\pickle_files\0e32c9a6ac87f2bfc323f8745cc0168559de1f55.pkl,1
D:\08_Dataset\Internal\mar2020\pickle_files\db26f9c39214b7507457e041c0c1264250c67626.pkl,1
D:\08_Dataset\Internal\mar2020\pickle_files\13ad464bec7bc88351526d32fe5f61f87869f763.pkl,1
D:\08_Dataset\Internal\mar2020\pickle_files\7b89e3754af4d953f97212672c7ff8c531b4bd3d.pkl,1
D:\08_Dataset\Internal\mar2020\pickle_files\47fc9aed356295c1f9a5741ac2258c4a7120cb12.pkl,1
D:\08_Dataset\Internal\mar2020\pickle_files\15aebbe2e18b42c998475df032a0bd208cf7dfdc.pkl,1
D:\08_Dataset\Internal\mar2020\pickle_files\a60c04905aad878b4da704fd74e55fd640790b97.pkl,1
D:\08_Dataset\Internal\mar2020\pickle_files\90780a86350ac07557c8cee695c4d2e6695706c4.pkl,1
D:\08_Dataset\Internal\mar2020\pickle_files\2afa56ebf57a2cd5e680c5fb1126bcc984a83ef7.pkl,1
D:\08_Dataset\Internal\mar2020\pickle_files\0c0852c1daa35bfbc7fe35d46d5f58c86335003b.pkl,1
D:\08_Dataset\Internal\mar2020\pickle_files\ea868305dd65d21654a0e03af38a089b4fe9c8ad.pkl,1
D:\08_Dataset\Internal\mar2020\pickle_files\6486b6498f86d57d3c29290465ca5db65273c0e9.pkl,1
D:\08_Dataset\Internal\mar2020\pickle_files\42ad26e508881e794e80a4e80c4f8d5baa3d70a5.pkl,1
D:\08_Dataset\Internal\mar2020\pickle_files\e2bc9fd633720776060c7a9a7751979a046b88ab.pkl,1
D:\08_Dataset\Internal\mar2020\pickle_files\f07175a020060a1101bb89eacd216dbea435a36f.pkl,1
D:\08_Dataset\Internal\mar2020\pickle_files\079fee796546505f1f6add844fc62897a4d458ce.pkl,1
D:\08_Dataset\Internal\mar2020\pickle_files\d7ff07d803b0a4e91987580879b29b37e89de1fc.pkl,1
D:\08_Dataset\Internal\mar2020\pickle_files\d2d51229a078fc35fc6147dde4572e47e2e0cd84.pkl,1
D:\08_Dataset\Internal\mar2020\pickle_files\c4796076340c61e2401d8d7f1c5e60fe9576f283.pkl,1
D:\08_Dataset\Internal\mar2020\pickle_files\3a4cf662f8035ce2bcf56c506e942dfa0e1bd5e2.pkl,1
D:\08_Dataset\Internal\mar2020\pickle_files\d34d754917ab69efaa5779b569bdfbf31da5b945.pkl,1
D:\08_Dataset\Internal\mar2020\pickle_files\126005a09e6930af78689c5bbfa95cfa4f102a65.pkl,1
D:\08_Dataset\Internal\mar2020\pickle_files\0e948b5cc6d538a010c37bdb3b320aedf18b50f9.pkl,1
D:\08_Dataset\Internal\mar2020\pickle_files\22084010fdea06f13a446ff3d7abe07f16f1de88.pkl,1
D:\08_Dataset\Internal\mar2020\pickle_files\1588d7985775136d51a427fdd36e7edd9a1e6fd9.pkl,1
D:\08_Dataset\Internal\mar2020\pickle_files\fb4c97ff6799628edb9eefc0645ac46d4a6d49bf.pkl,1
D:\08_Dataset\Internal\mar2020\pickle_files\2b2919c6b6a7164b8a0d36a5462e768599738b44.pkl,1
D:\08_Dataset\Internal\mar2020\pickle_files\4699e006a465a842d16d168357a909ebb5debbab.pkl,1
D:\08_Dataset\Internal\mar2020\pickle_files\5aea164bc2f0c3d39e9714b9a825a1acdf38d535.pkl,1
D:\08_Dataset\Internal\mar2020\pickle_files\0641c96b702600c10a987cc0939d319237a3423c.pkl,1
D:\08_Dataset\Internal\mar2020\pickle_files\460acd7e3d7f32709436cc95d902275888510cb1.pkl,1
D:\08_Dataset\Internal\mar2020\pickle_files\cfc51339e80ca6aed1ca6e2bbd8785736b4c2814.pkl,1
D:\08_Dataset\Internal\mar2020\pickle_files\d0f1864847c9495aea100c6e0fd6a9e4ce1e287f.pkl,1
D:\08_Dataset\Internal\mar2020\pickle_files\b833dd881118257764a58a424bfacefecc5d8cd1.pkl,1
D:\08_Dataset\Internal\mar2020\pickle_files\5cb8c672ce3ce0894959f763533411b7d914f6ce.pkl,1
D:\08_Dataset\Internal\mar2020\pickle_files\46916bb00ab33e58e8e1e941113f8545bc916af7.pkl,1
D:\08_Dataset\Internal\mar2020\pickle_files\4badb776fad9f133f6d4dd5701901f9a0d5738dd.pkl,1
D:\08_Dataset\Internal\mar2020\pickle_files\039f59cced3e10155cd65cbd268bb30fcb0d563e.pkl,1
D:\08_Dataset\Internal\mar2020\pickle_files\19da28abb0a580ec02ae7b9b5418306536fa687a.pkl,1
D:\08_Dataset\Internal\mar2020\pickle_files\1b3005f7f3bde1faf16e0878577727daf5169585.pkl,1
D:\08_Dataset\Internal\mar2020\pickle_files\f2517d941a4ae6b04d1e61c07673260f1d0181b0.pkl,1
D:\08_Dataset\Internal\mar2020\pickle_files\9c0ae3247a72f953b762d1025d119a155bd7b2ff.pkl,1
D:\08_Dataset\Internal\mar2020\pickle_files\63f18a62ac9e60b0c384c6ff9cce66d4f761b85c.pkl,1
D:\08_Dataset\Internal\mar2020\pickle_files\fffe711f08087bde8a9c05facaf2f27df05aca00.pkl,1
D:\08_Dataset\Internal\mar2020\pickle_files\23342cd84b31a3797f81fad3f7a8dcd62fea37c1.pkl,1
D:\08_Dataset\Internal\mar2020\pickle_files\3c76e55fe2f2399a0fd90bd6126cca56e7f3d709.pkl,1
D:\08_Dataset\Internal\mar2020\pickle_files\205763d9834341fd68f2ade40a960e4e4e6fcb5c.pkl,1
D:\08_Dataset\Internal\mar2020\pickle_files\9f23039e1df3a32b36b17326780c4d3c5f350b8d.pkl,1
D:\08_Dataset\Internal\mar2020\pickle_files\7e5e66d918f01c7216710b9f421c231df9ceae1b.pkl,1
D:\08_Dataset\Internal\mar2020\pickle_files\47f3cd83da6f26db3efba044febd5739031c4e8d.pkl,1
D:\08_Dataset\Internal\mar2020\pickle_files\c4265b71434a1ae1c46364c470b5fef647f9c5ba.pkl,1
D:\08_Dataset\Internal\mar2020\pickle_files\8a6cb18b24c42cfc7e0aaeb95e1a66a0e85fefc2.pkl,1
D:\08_Dataset\Internal\mar2020\pickle_files\c70cfed12ca19e48f75aae6c3131f203123cad4a.pkl,1
D:\08_Dataset\Internal\mar2020\pickle_files\b7a7c1a78f0663b59a31e930df491c1f0e4746c7.pkl,1
D:\08_Dataset\Internal\mar2020\pickle_files\72609fbe59f67d5c760d97326cd0a43cbfcd617f.pkl,1
D:\08_Dataset\Internal\mar2020\pickle_files\01502f349871edbdeb69edc1e1ab1e64b4a7f6e7.pkl,1
D:\08_Dataset\Internal\mar2020\pickle_files\8e186fadd75d4d87765958140b7c5f5ba12bfeee.pkl,1
D:\08_Dataset\Internal\mar2020\pickle_files\1fa68e00180e27091769ce63af89e88db2278f15.pkl,1
D:\08_Dataset\Internal\mar2020\pickle_files\b111588aa8fe772a45ae70bc4c801022c78ebd1f.pkl,1
D:\08_Dataset\Internal\mar2020\pickle_files\31582fa6de5713b457826fc221720858ca735a77.pkl,1
D:\08_Dataset\Internal\mar2020\pickle_files\43a0bd1d0e924929373f7fbae64e808b72ab13be.pkl,1
D:\08_Dataset\Internal\mar2020\pickle_files\0152eea32ca9e0110f095cd91e228030f51a82d6.pkl,1
D:\08_Dataset\Internal\mar2020\pickle_files\2523d256c666596eceef4fe21f01f040d9d10aba.pkl,1
D:\08_Dataset\Internal\mar2020\pickle_files\bdeb84c37d34a952130112a427b1e4747ea18114.pkl,1
D:\08_Dataset\Internal\mar2020\pickle_files\969e01524115f574b3be1fc18e7177e83d153697.pkl,1
D:\08_Dataset\Internal\mar2020\pickle_files\53548009c193a330bec317f30d32b8195f323ebb.pkl,1
D:\08_Dataset\Internal\mar2020\pickle_files\8de57ae40e9976b9ae16860b5d4bdcf74e96b538.pkl,1
D:\08_Dataset\Internal\mar2020\pickle_files\c8b3aa071a551e7f484db9f263530a7a91f4f1a7.pkl,1
D:\08_Dataset\Internal\mar2020\pickle_files\3a7eff4df693ba68dde09743e773606d83a9b126.pkl,1
D:\08_Dataset\Internal\mar2020\pickle_files\d93f8ed38cc7f5018f7e53ea6693c27d1dab9a64.pkl,1
D:\08_Dataset\Internal\mar2020\pickle_files\ec61e1602e55ea36ff01a73c279e574d25249b26.pkl,1
D:\08_Dataset\Internal\mar2020\pickle_files\e98dae59d97911af2de3c77da62ab4fd82cee10f.pkl,1
D:\08_Dataset\Internal\mar2020\pickle_files\0988e71ee710f8a087eda710c7f683924ecf832e.pkl,1
D:\08_Dataset\Internal\mar2020\pickle_files\eecb48f4fba4c7db4811b6ec98f5377258f523b7.pkl,1
D:\08_Dataset\Internal\mar2020\pickle_files\0689730f60643645d34d1cbd49701fdf3628a116.pkl,1
D:\08_Dataset\Internal\mar2020\pickle_files\43745259dd91ee1df8900a764f5b6012b8f012d2.pkl,1
D:\08_Dataset\Internal\mar2020\pickle_files\9804a9c2b45b273721b409226ee2a76c906c29c4.pkl,1
D:\08_Dataset\Internal\mar2020\pickle_files\caf8bf47aa7949080b40d569100a827b57d5de89.pkl,1
D:\08_Dataset\Internal\mar2020\pickle_files\eac8c82f9a6f42bffc43992a4c1cbdab37d8344a.pkl,1
D:\08_Dataset\Internal\mar2020\pickle_files\2cd1ee69386f571b10ad00b9b0bb39695012012e.pkl,1
D:\08_Dataset\Internal\mar2020\pickle_files\4b59fe741c1e8e68133572d6fe502498693c6e31.pkl,1
D:\08_Dataset\Internal\mar2020\pickle_files\dde053bbc76c641a7e77db0539cea5733e6bd892.pkl,1
D:\08_Dataset\Internal\mar2020\pickle_files\f5915faadc702d30fa127c04c7d15d503355fd4e.pkl,1
D:\08_Dataset\Internal\mar2020\pickle_files\ebdfa7d5dd8d06dba84b4edd5bb95f1777de4c9c.pkl,1
D:\08_Dataset\Internal\mar2020\pickle_files\cdc5ab87fcd1398df2114ea8771793b4d00f432e.pkl,1
D:\08_Dataset\Internal\mar2020\pickle_files\f6fc66887d624675b64299d98755c840f46c7c21.pkl,1
D:\08_Dataset\Internal\mar2020\pickle_files\53afaa5ce1ef773669cab00b81dbe39cbfda1955.pkl,1
D:\08_Dataset\Internal\mar2020\pickle_files\360a4507c71eed84ad8ba8ba2aa6710e9fa3a866.pkl,1
D:\08_Dataset\Internal\mar2020\pickle_files\e58a761bc4081bf9c3efb11fbcc523fd4b31780d.pkl,1
D:\08_Dataset\Internal\mar2020\pickle_files\e5953a1d27e1c647ba75d591f5b4907a7ad75a68.pkl,1
D:\08_Dataset\Internal\mar2020\pickle_files\6a5a63df6298f67524fbcc10d7396a04a7b9b73f.pkl,1
D:\08_Dataset\Internal\mar2020\pickle_files\28f62ff688f9e2d120076e56ac61255854cfb8eb.pkl,1
D:\08_Dataset\Internal\mar2020\pickle_files\f5ebb4df47e222a187b6405135a7cd7716067004.pkl,1
D:\08_Dataset\Internal\mar2020\pickle_files\3b40ef5e3c63c836537535ad1a473f7aac222761.pkl,1
D:\08_Dataset\Internal\mar2020\pickle_files\cfa8a6eb50cd5eb4c438e5100fcd1fc392865ae4.pkl,1
D:\08_Dataset\Internal\mar2020\pickle_files\e16635b25aecaf9bd78de96b62a60536cf8a577b.pkl,1
D:\08_Dataset\Internal\mar2020\pickle_files\21ac17eb06dd1d18116639b60e9bb5e47e05de18.pkl,1
D:\08_Dataset\Internal\mar2020\pickle_files\705abd9485713a08629f54b425c8cd0a4613358b.pkl,1
D:\08_Dataset\Internal\mar2020\pickle_files\0f9cc568bca86fb3cf2b8fb8bd8518318793c688.pkl,1
D:\08_Dataset\Internal\mar2020\pickle_files\82086dedbb9db4f1158c56a23cea6d6f17e888fe.pkl,1
D:\08_Dataset\Internal\mar2020\pickle_files\b4ee651146e69c537051b88999f5106377ef4e1a.pkl,1
D:\08_Dataset\Internal\mar2020\pickle_files\d34c41c90aff5b26561bb4d0c0c4babf871ac6a0.pkl,1
D:\08_Dataset\Internal\mar2020\pickle_files\e18bae56a130d0a5c383be7dedd31496cf3565a9.pkl,1
D:\08_Dataset\Internal\mar2020\pickle_files\fd91f1cf48043a75c62ded83a07f1d66b9c404c0.pkl,1
D:\08_Dataset\Internal\mar2020\pickle_files\8b344cee89d25bb000d0f6d2f396c0d6507467e4.pkl,1
D:\08_Dataset\Internal\mar2020\pickle_files\7bc7ed4bbe753614342cfad243261b31621f6327.pkl,1
D:\08_Dataset\Internal\mar2020\pickle_files\d143ff07c4131c79d0f8e85b387adc4f97f57051.pkl,1
D:\08_Dataset\Internal\mar2020\pickle_files\e513428e54057efc13d7ca741c4f705b7ca2a6c5.pkl,1
D:\08_Dataset\Internal\mar2020\pickle_files\11b33b7e74c36217c16953395e4c9701174895a7.pkl,1
D:\08_Dataset\Internal\mar2020\pickle_files\f39763a75bbebd191e40e996243f1e2842ef8e3f.pkl,1
D:\08_Dataset\Internal\mar2020\pickle_files\796f5c37e5ecf68381a6f4d24f43d4a21a919af6.pkl,1
D:\08_Dataset\Internal\mar2020\pickle_files\69caea189bce2b15740944f60a1532e6eac33955.pkl,1
D:\08_Dataset\Internal\mar2020\pickle_files\1825a63a0a3f439702401d808713704a6b70d984.pkl,1
D:\08_Dataset\Internal\mar2020\pickle_files\66bff595116ab3e0c9dec5d5b43e49231c0e28a9.pkl,1
D:\08_Dataset\Internal\mar2020\pickle_files\d2fd49de5673ade444aab03c76edbeab3dae4c16.pkl,1
D:\08_Dataset\Internal\mar2020\pickle_files\bb7c0f4e16bfc9ad3f79cc1048578766146b1ef9.pkl,1
D:\08_Dataset\Internal\mar2020\pickle_files\9a75d17b24f759569b092843fc949b89695b9c3a.pkl,1
D:\08_Dataset\Internal\mar2020\pickle_files\5e59243021606e36c91c27a7c352e7c438dbbba3.pkl,1
D:\08_Dataset\Internal\mar2020\pickle_files\4e8a720218e0c70112c54136d33d036b71500136.pkl,1
D:\08_Dataset\Internal\mar2020\pickle_files\4f02504129ad5578bef1a34b327ecaf75655c158.pkl,1
D:\08_Dataset\Internal\mar2020\pickle_files\de631c60d2c0268f8cae4d697bb848ce8565438e.pkl,1
D:\08_Dataset\Internal\mar2020\pickle_files\9c062d6c77fb4b7c2c9fbbc167fde782ba73e4f1.pkl,1
D:\08_Dataset\Internal\mar2020\pickle_files\e8e62be2706f5347534e80622d1175f8e71d2373.pkl,1
D:\08_Dataset\Internal\mar2020\pickle_files\bf3878c6f622f301a6205c4616ebca9a2a450dad.pkl,1
D:\08_Dataset\Internal\mar2020\pickle_files\9bc52bdfceb7b370467a1874a8d9ae78893df24c.pkl,1
D:\08_Dataset\Internal\mar2020\pickle_files\056b475f7e7a8a2ae2174164857cfe42ff2d8a2e.pkl,1
D:\08_Dataset\Internal\mar2020\pickle_files\695762d4d6b8c696cc1b27966611e08636cbd979.pkl,1
D:\08_Dataset\Internal\mar2020\pickle_files\f7a9263c896c65c4505f8ab78397a595bef721e3.pkl,1
D:\08_Dataset\Internal\mar2020\pickle_files\8ae0291441c0e0376329869af436fcab0569f784.pkl,1
D:\08_Dataset\Internal\mar2020\pickle_files\2acb4bd4f79f77a660a05fc9af0cb9d77fdfd7fd.pkl,1
D:\08_Dataset\Internal\mar2020\pickle_files\207802fe0f2d6057760dc76cc78b4e4356aef37d.pkl,1
D:\08_Dataset\Internal\mar2020\pickle_files\22d3a43e51ce0734a04d59b2e1f7689e164beac4.pkl,1
D:\08_Dataset\Internal\mar2020\pickle_files\eb48a679d6e9039b4cfbef0363b91afac2682f35.pkl,1
D:\08_Dataset\Internal\mar2020\pickle_files\385c99b64e255282e7a833f3cba1645f27f8444d.pkl,1
D:\08_Dataset\Internal\mar2020\pickle_files\9ac867e18c1c387f161008471d80b83487953330.pkl,1
D:\08_Dataset\Internal\mar2020\pickle_files\0f87ba7cd4b27e9c1042032c66e98fc673713a66.pkl,1
D:\08_Dataset\Internal\mar2020\pickle_files\6c45d9b79a11833259b30528a47ccad5d92ed58d.pkl,1
D:\08_Dataset\Internal\mar2020\pickle_files\a7e2f35305368ef023e64caded51aaa28dc16714.pkl,1
D:\08_Dataset\Internal\mar2020\pickle_files\1bf99c63443f7f6273f66ab32e86c880a9d22c9f.pkl,1
D:\08_Dataset\Internal\mar2020\pickle_files\458e3efbf9cd5e6908f1dcb4e9cb53cbd16d9b3c.pkl,1
D:\08_Dataset\Internal\mar2020\pickle_files\48f482c65554b6efb38fb007e8c6f0f26eb9cf96.pkl,1
D:\08_Dataset\Internal\mar2020\pickle_files\c5d82137176ce306d3d07d925fba32d6931b4288.pkl,1
D:\08_Dataset\Internal\mar2020\pickle_files\455274045fb61db36f5b678bff5e49b8451f8445.pkl,1
D:\08_Dataset\Internal\mar2020\pickle_files\4b4565b4951d24a2bdf2618f4301a7e51a304b59.pkl,1
D:\08_Dataset\Internal\mar2020\pickle_files\e4db3533715dffc9a8f2e2a169b8170f3c87a8c0.pkl,1
D:\08_Dataset\Internal\mar2020\pickle_files\6403f2396c20b3bf8cafeba712b1875ac20548a9.pkl,1
D:\08_Dataset\Internal\mar2020\pickle_files\371ddcbdf0cb3ac758fd91628457ebed9deb0574.pkl,1
D:\08_Dataset\Internal\mar2020\pickle_files\ddbb5c2994c45e3b59eae6079b702a3dc9fb955c.pkl,1
D:\08_Dataset\Internal\mar2020\pickle_files\aaed3a7d2844f0e25719b7836ac66dbe631b64e6.pkl,1
D:\08_Dataset\Internal\mar2020\pickle_files\207e0dd729c97c5558821a25096055d55bf97b2a.pkl,1
D:\08_Dataset\Internal\mar2020\pickle_files\321c193324069c1cc145b59db8d332a46efc6751.pkl,1
D:\08_Dataset\Internal\mar2020\pickle_files\751ba42d8569a608dbe804a63b1c6c6b307c8945.pkl,1
D:\08_Dataset\Internal\mar2020\pickle_files\c4920b8f7f245989995587575538a1d48edd7cd1.pkl,1
D:\08_Dataset\Internal\mar2020\pickle_files\41ec69915aabbf973b3ce77a908edebc02e24ea2.pkl,1
D:\08_Dataset\Internal\mar2020\pickle_files\d181db9f2a54b80b396ddec92f844cf74cc7b7ba.pkl,1
D:\08_Dataset\Internal\mar2020\pickle_files\ff637254f0681bfe39d968cea77a3d0b913be7dc.pkl,1
D:\08_Dataset\Internal\mar2020\pickle_files\1aeb071f129c04ccd8897a8dab87672144b71542.pkl,1
D:\08_Dataset\Internal\mar2020\pickle_files\cde95c41431d5bd5dc30af1887a4b2d6ae5eac73.pkl,1
D:\08_Dataset\Internal\mar2020\pickle_files\ea738d122fba88d53321c1d04ba98b26eca50109.pkl,1
D:\08_Dataset\Internal\mar2020\pickle_files\adc7156973666dd3af5276c36805b83a6f6c1be8.pkl,1
D:\08_Dataset\Internal\mar2020\pickle_files\a85dc4b65836604ca910e39d7af1c815257cc99c.pkl,1
D:\08_Dataset\Internal\mar2020\pickle_files\2ed2c964ad32118cc7bc5e0814a1117da50f32b4.pkl,1
D:\08_Dataset\Internal\mar2020\pickle_files\13baadb608b0c9c64dc2d3205c65c0f770e1742c.pkl,1
D:\08_Dataset\Internal\mar2020\pickle_files\e4d503dcf3e9c2535be3be4d6b4ecf1e9fab0ae1.pkl,1
D:\08_Dataset\Internal\mar2020\pickle_files\5088d93e284980ca31d8e5ded8b40239f9577375.pkl,1
D:\08_Dataset\Internal\mar2020\pickle_files\24d5d32bea793ce5fda3472e73c2e1f090ede1c7.pkl,1
D:\08_Dataset\Internal\mar2020\pickle_files\99f304845def41519385d1e8980f2fc8f19aadd1.pkl,1
D:\08_Dataset\Internal\mar2020\pickle_files\8c46e980fbd07c0cd3f04b32a4b21aa242e7aa23.pkl,1
D:\08_Dataset\Internal\mar2020\pickle_files\b68a78fbd7e19caaeb451063c53256c5804f9f39.pkl,1
D:\08_Dataset\Internal\mar2020\pickle_files\6e267dced500f102717c3081fe822d067adb838a.pkl,1
D:\08_Dataset\Internal\mar2020\pickle_files\0a56a244b9717eedfbf8a5906e94ccf68604014a.pkl,1
D:\08_Dataset\Internal\mar2020\pickle_files\80f206eb319bdb967ea38cefda87cf70e922f2c2.pkl,1
D:\08_Dataset\Internal\mar2020\pickle_files\860a7999ba4babd5311d5445b9db3fac54b3c7ed.pkl,1
D:\08_Dataset\Internal\mar2020\pickle_files\0de92555aa9c0cb40cc2a70115fda369d4650671.pkl,1
D:\08_Dataset\Internal\mar2020\pickle_files\0863b979aaf9863a6e39a3eddd23388c589fe5ec.pkl,1
D:\08_Dataset\Internal\mar2020\pickle_files\93439cca1359f535a2cac2f7e8768d0fa3d9faef.pkl,1
D:\08_Dataset\Internal\mar2020\pickle_files\a5a80215e6e189f9bd3d27954755e7749574b377.pkl,1
D:\08_Dataset\Internal\mar2020\pickle_files\6cd9fe9f028d0c215938f4cfe110aec5ed338ede.pkl,1
D:\08_Dataset\Internal\mar2020\pickle_files\4d3b1ab0de1465791771c14f012b27c3f78f187d.pkl,1
D:\08_Dataset\Internal\mar2020\pickle_files\d8d8f403fcc40fed143cc60ced0ecf226f408e15.pkl,1
D:\08_Dataset\Internal\mar2020\pickle_files\23d55f5881b5ec3d35d46f680a165ec530a4fa69.pkl,1
D:\08_Dataset\Internal\mar2020\pickle_files\906643af0a1098900c605f88ceadbb5a86d1a07e.pkl,1
D:\08_Dataset\Internal\mar2020\pickle_files\da4086ecbb36f58e079272abf7ff5715d11b7630.pkl,1
D:\08_Dataset\Internal\mar2020\pickle_files\d7929b7ce23f1a3b193aa1a8f250c706d91a9a32.pkl,1
D:\08_Dataset\Internal\mar2020\pickle_files\c88cb441aff1cbc05ca33462a4a0f9a8e9c3e870.pkl,1
D:\08_Dataset\Internal\mar2020\pickle_files\c3d26a9268b346fe6a932e8a0c3942c59dcc5bb5.pkl,1
D:\08_Dataset\Internal\mar2020\pickle_files\bc2216327a374b31194132e0774c6674e257c360.pkl,1
D:\08_Dataset\Internal\mar2020\pickle_files\0f01b7e5122c6246674ec80d8b1049c20982c81c.pkl,1
D:\08_Dataset\Internal\mar2020\pickle_files\b4043880754e727675726d09aa25f90ab70c85f7.pkl,1
D:\08_Dataset\Internal\mar2020\pickle_files\25fce5045b3be1049bf9e84293bba990e48b8ea8.pkl,1
D:\08_Dataset\Internal\mar2020\pickle_files\7fbad32b85cde92daf21b3e9e18eb6b88f46278e.pkl,1
D:\08_Dataset\Internal\mar2020\pickle_files\7c88a1a5f6395d5cc7a064a8b938dad0d04bd906.pkl,1
D:\08_Dataset\Internal\mar2020\pickle_files\bef52c043c37e08196be08fce042d7896a960c13.pkl,1
D:\08_Dataset\Internal\mar2020\pickle_files\626bc3d75eb4c97697f89b4f1dc92c9564d37fd7.pkl,1
D:\08_Dataset\Internal\mar2020\pickle_files\a6e0c715c7edd52ab62edf89e0d962ad1414e383.pkl,1
D:\08_Dataset\Internal\mar2020\pickle_files\84fe61acee90134c6bfbd3cecf1fb07bc22c997c.pkl,1
D:\08_Dataset\Internal\mar2020\pickle_files\2ca7114a32e2dbbcfea147cf77e92a06198533a9.pkl,1
D:\08_Dataset\Internal\mar2020\pickle_files\f8c2cfe4bd55d19558b3c888557a1a9b70fa1346.pkl,1
D:\08_Dataset\Internal\mar2020\pickle_files\e518dad8869fd9d5dc1ce6f4037ded5435bff10b.pkl,1
D:\08_Dataset\Internal\mar2020\pickle_files\d76e161290a9eb0eaadd57edbc4724bb3d4becd2.pkl,1
D:\08_Dataset\Internal\mar2020\pickle_files\a4eb72bfbaf5e73e0f67a00885b319293c1ec2f5.pkl,1
D:\08_Dataset\Internal\mar2020\pickle_files\808af9b9799083bf12da1abf66220960f8b61fc7.pkl,1
D:\08_Dataset\Internal\mar2020\pickle_files\2f87347f47423fecea86220ba91f56eae55e7043.pkl,1
D:\08_Dataset\Internal\mar2020\pickle_files\1f7af1dbb9f35b5bfcfa5857be80b7d9833ed1a4.pkl,1
D:\08_Dataset\Internal\mar2020\pickle_files\8aecdccb7759513d2b07f3725a089bd3d0380b3f.pkl,1
D:\08_Dataset\Internal\mar2020\pickle_files\0eff9d6856d69448c96cb2c4b2073a8ec59c977e.pkl,1
D:\08_Dataset\Internal\mar2020\pickle_files\e93625fe0a2dc3bb8d51999e25d56ca1e1879fe0.pkl,1
D:\08_Dataset\Internal\mar2020\pickle_files\91334bd4d7d8284e762962e8dfce13b50b883ea8.pkl,1
D:\08_Dataset\Internal\mar2020\pickle_files\f4ca99d0d169386be779af53644d3fe937fdd58d.pkl,1
D:\08_Dataset\Internal\mar2020\pickle_files\36c21476d6f5863426eae419b501c70ca5fa6e98.pkl,1
D:\08_Dataset\Internal\mar2020\pickle_files\b4644a492c6587138aa9e4fa1630adf911145303.pkl,1
D:\08_Dataset\Internal\mar2020\pickle_files\d229fa0b14ed02ff87db2c717f5f6fd546944896.pkl,1
D:\08_Dataset\Internal\mar2020\pickle_files\6949d0f5ea31727b29ef95fb8dc58810174a6c2d.pkl,1
D:\08_Dataset\Internal\mar2020\pickle_files\e9a3b937360af903a8064c87425cd8cb41fdaa9c.pkl,1
D:\08_Dataset\Internal\mar2020\pickle_files\554437f570fa58077fa98aabf43728982175ea82.pkl,1
D:\08_Dataset\Internal\mar2020\pickle_files\31b1b960613fccd17a35e56af447628e48c275fa.pkl,1
D:\08_Dataset\Internal\mar2020\pickle_files\52a1d8fd0b61a73fb46b708611ea1d65a7096efd.pkl,1
D:\08_Dataset\Internal\mar2020\pickle_files\fec9714a4cc214c8ff16f556e8d86caa2465fcd4.pkl,1
D:\08_Dataset\Internal\mar2020\pickle_files\e439aca32eb33a80896be14d53706966601f6bdb.pkl,1
D:\08_Dataset\Internal\mar2020\pickle_files\2e05a920780f2a8dde836f2d41c699ed57865a93.pkl,1
D:\08_Dataset\Internal\mar2020\pickle_files\ea51f098f50ff56717e6801d0a9b69661801fc79.pkl,1
D:\08_Dataset\Internal\mar2020\pickle_files\4fb006881e547e89941542e208121e5c0f05d3d3.pkl,1
D:\08_Dataset\Internal\mar2020\pickle_files\24a52b7e4628423607b6a191ccae91decdbe7826.pkl,1
D:\08_Dataset\Internal\mar2020\pickle_files\857233058e2eca9a0ef5bfe9dc9a9ff51381ed98.pkl,1
D:\08_Dataset\Internal\mar2020\pickle_files\db79aa4f03baf846e198816036865919b15b6a8b.pkl,1
D:\08_Dataset\Internal\mar2020\pickle_files\e62b81bda0461c8a6cb9aabf5bdf5b59519d4003.pkl,1
D:\08_Dataset\Internal\mar2020\pickle_files\11394e1c3b1fc18c47661423ba568003c3feddc6.pkl,1
D:\08_Dataset\Internal\mar2020\pickle_files\ed419949066f4af7f609136b650b8b0da985cf17.pkl,1
D:\08_Dataset\Internal\mar2020\pickle_files\32ed233edc661a16aa4ad50b4f99dd523d5be123.pkl,1
D:\08_Dataset\Internal\mar2020\pickle_files\50d1c99c6b0b78e01f854e94262eb6b8cd113d0f.pkl,1
D:\08_Dataset\Internal\mar2020\pickle_files\f039559a60d8487a7ae998731c9687504434369a.pkl,1
D:\08_Dataset\Internal\mar2020\pickle_files\8983715613ea86ed782fd26d5f394aab2e45c03d.pkl,1
D:\08_Dataset\Internal\mar2020\pickle_files\320a8209c2f0398a7e22067ea1eda9e6a254cd6e.pkl,1
D:\08_Dataset\Internal\mar2020\pickle_files\890c5f68d4dad061d2004aee9b5196c4699ad714.pkl,1
D:\08_Dataset\Internal\mar2020\pickle_files\2d297826084888dd1ee352a21d6144e62fc70b4f.pkl,1
D:\08_Dataset\Internal\mar2020\pickle_files\80dd4f9b0ade5d3baa9b67910460b9660748e949.pkl,1
D:\08_Dataset\Internal\mar2020\pickle_files\e2fcc01bf946a8b8ee625968dc7782d3ad895e60.pkl,1
D:\08_Dataset\Internal\mar2020\pickle_files\8dbe0070ca475757d915ce79fb5b611f36f7a302.pkl,1
D:\08_Dataset\Internal\mar2020\pickle_files\8abb253c7fe29e112458d8bec6719dde2968e202.pkl,1
D:\08_Dataset\Internal\mar2020\pickle_files\9c890fae9760c541c237ee686bef8bfa1bb5a491.pkl,1
D:\08_Dataset\Internal\mar2020\pickle_files\f15fc82f74300d3059e7c07a923586f1470ebc93.pkl,1
D:\08_Dataset\Internal\mar2020\pickle_files\aee9ac078c2302f2f51e0f7a68ec1a8731787000.pkl,1
D:\08_Dataset\Internal\mar2020\pickle_files\207650a4410a4962db822cf50fec40b6c32052bb.pkl,1
D:\08_Dataset\Internal\mar2020\pickle_files\6229f439fb3eb1add40da71c3b0da1aa4836b63e.pkl,1
D:\08_Dataset\Internal\mar2020\pickle_files\041ddbc5185f1331e7a82665f0fdd8991368da09.pkl,1
D:\08_Dataset\Internal\mar2020\pickle_files\3834aa7cc0de0b5aa0ade98a7ce0f905eddc6fce.pkl,1
D:\08_Dataset\Internal\mar2020\pickle_files\b5ca5b5236cfaa138a1787f92fa384781b33c64a.pkl,1
D:\08_Dataset\Internal\mar2020\pickle_files\bf989736cee0ae07d832119be26be5acc64090d1.pkl,1
D:\08_Dataset\Internal\mar2020\pickle_files\2d95d52c4353209a1034b3fd41ea97da1fe15595.pkl,1
D:\08_Dataset\Internal\mar2020\pickle_files\8df4771312ae7c5a347724af405c062e28e948f5.pkl,1
D:\08_Dataset\Internal\mar2020\pickle_files\c2d7fa5f884b45dfc4f741e7f2451726ef860bde.pkl,1
D:\08_Dataset\Internal\mar2020\pickle_files\dd9c7ee4000077b28f39449ae067206c735cf4b1.pkl,1
D:\08_Dataset\Internal\mar2020\pickle_files\9e5b65d5c6450936626ee6913f399fa3f1f27337.pkl,1
D:\08_Dataset\Internal\mar2020\pickle_files\cf1de7133e2195c0fb5266f4a8786891ab8d0813.pkl,1
D:\08_Dataset\Internal\mar2020\pickle_files\669a25a1c239c338694c209782e5233609476f57.pkl,1
D:\08_Dataset\Internal\mar2020\pickle_files\98a14d02043afb5860a077515dfedc1155c71031.pkl,1
D:\08_Dataset\Internal\mar2020\pickle_files\1bb7a002d54e113d2fb98534754a86a755357220.pkl,1
D:\08_Dataset\Internal\mar2020\pickle_files\0a417a1ff003e331dad4047d1dcafed63438947a.pkl,1
D:\08_Dataset\Internal\mar2020\pickle_files\be1f7b0f2a7ccf491eaf547a456ca8fdfcb73bf6.pkl,1
D:\08_Dataset\Internal\mar2020\pickle_files\128ace98502a7f2da3f6441e5b1384c183a5da1b.pkl,1
D:\08_Dataset\Internal\mar2020\pickle_files\9b040eef1edb8edbded6841a8ae6bae06d1ea075.pkl,1
D:\08_Dataset\Internal\mar2020\pickle_files\f2cb691c6ac5b89b732ec1738cbc0b450d25b5fa.pkl,1
D:\08_Dataset\Internal\mar2020\pickle_files\ed221f30d581cf590ef41729589c061f259f5858.pkl,1
D:\08_Dataset\Internal\mar2020\pickle_files\971e3e164f566732a8dc2f209a5332472b6ee5f6.pkl,1
D:\08_Dataset\Internal\mar2020\pickle_files\dff2b0bb50d3aff83cda52387d7d2cbd550e99ae.pkl,1
D:\08_Dataset\Internal\mar2020\pickle_files\3bd9c3255589b4da5567076ec6358376bf19b88e.pkl,1
D:\08_Dataset\Internal\mar2020\pickle_files\5cf756bcb37ee0c3028d1e3f2944670e84c3a30e.pkl,1
D:\08_Dataset\Internal\mar2020\pickle_files\988eced9f6689e8c9d65e9ba772e29be5dbd4b34.pkl,1
D:\08_Dataset\Internal\mar2020\pickle_files\2038b7b367e1709afb752825b24330311fdcde68.pkl,1
D:\08_Dataset\Internal\mar2020\pickle_files\00509a782c205878035eea20eab5d993fbe77fd8.pkl,1
D:\08_Dataset\Internal\mar2020\pickle_files\c017dfa5f924abbac0761fb567a2e813730f7616.pkl,1
D:\08_Dataset\Internal\mar2020\pickle_files\f84fba758680d191f0bd0166dee83dbe695b01c6.pkl,1
D:\08_Dataset\Internal\mar2020\pickle_files\fe3247d7434eb0839a37e0679fff0622e97d6d40.pkl,1
D:\08_Dataset\Internal\mar2020\pickle_files\5936d7ce913cc67cdae91f6a5bb6a014c5cc1550.pkl,1
D:\08_Dataset\Internal\mar2020\pickle_files\c69e092498b30dc538a48e7f1a3f6461f07d7cf2.pkl,1
D:\08_Dataset\Internal\mar2020\pickle_files\775babbfa4746104f5609dc1d304d4c8561ea849.pkl,1
D:\08_Dataset\Internal\mar2020\pickle_files\78cc88c8b44a28ad556a06f99276266f9e864048.pkl,1
D:\08_Dataset\Internal\mar2020\pickle_files\cca5ce7b5e4f24498894e763d1b43aa027db9868.pkl,1
D:\08_Dataset\Internal\mar2020\pickle_files\57c7e9467308ffa59d9edd4872369f01d95616c8.pkl,1
D:\08_Dataset\Internal\mar2020\pickle_files\16dc3ef22c452e557205b5481d02475342f46367.pkl,1
D:\08_Dataset\Internal\mar2020\pickle_files\cb13ec4f57e30eccdedae22a4f7fcdf61a2c7cdd.pkl,1
D:\08_Dataset\Internal\mar2020\pickle_files\ece601d043b7d4eb4298e67972aacf57338be60c.pkl,1
D:\08_Dataset\Internal\mar2020\pickle_files\da9acaf26abc7f05ed7d4e580b6902ce5cb0892d.pkl,1
D:\08_Dataset\Internal\mar2020\pickle_files\b06c0850751a83d1d77ca691b222f059d609a974.pkl,1
D:\08_Dataset\Internal\mar2020\pickle_files\2fbfec5b3c8046e1c494b47e0deaa7cfcbe66863.pkl,1
D:\08_Dataset\Internal\mar2020\pickle_files\94ea68e2526fd7a3af554e6f71abf22cfe5dafa3.pkl,1
D:\08_Dataset\Internal\mar2020\pickle_files\9c94e6796b8378c28a0f1ffa540eea161df8196d.pkl,1
D:\08_Dataset\Internal\mar2020\pickle_files\36cb6e7a2c7e3b5ffc59d833b3f1e76ff235b5a0.pkl,1
D:\08_Dataset\Internal\mar2020\pickle_files\40c661cad50b3267766511214054344c7cc8871e.pkl,1
D:\08_Dataset\Internal\mar2020\pickle_files\cce79a74f03d6d22f83a479d32df8e1cbe025380.pkl,1
D:\08_Dataset\Internal\mar2020\pickle_files\0592562032a2024b64d44a327047a6f7408676cf.pkl,1
D:\08_Dataset\Internal\mar2020\pickle_files\50ab1920475215bdaa2111acc745230ccfaef4bb.pkl,1
D:\08_Dataset\Internal\mar2020\pickle_files\a5f5382b1a3f87d9e320a4b662948a27f3900939.pkl,1
D:\08_Dataset\Internal\mar2020\pickle_files\9bf71b037be257fb08df7b72350ff0fceaeae11b.pkl,1
D:\08_Dataset\Internal\mar2020\pickle_files\cc682dc6d76898b92a8849b57507b6ebcd37485f.pkl,1
D:\08_Dataset\Internal\mar2020\pickle_files\eccc9cbc266150ecc9a9f9e98bc6c87e75468227.pkl,1
D:\08_Dataset\Internal\mar2020\pickle_files\80ea7d6e54702ea5eb8d9525ad8a5c18d006c7ad.pkl,1
D:\08_Dataset\Internal\mar2020\pickle_files\8857047b26922e758c4449891dedebac9524af23.pkl,1
D:\08_Dataset\Internal\mar2020\pickle_files\8d26e2f1fce1c1558fcbe3f3071fe27610a4b924.pkl,1
D:\08_Dataset\Internal\mar2020\pickle_files\77ab0c8d3251a04f4f898ddd4f9a85dd0ed768c5.pkl,1
D:\08_Dataset\Internal\mar2020\pickle_files\593e4f8809b6292c6bd05cef77620063182e26f4.pkl,1
D:\08_Dataset\Internal\mar2020\pickle_files\3ae392f685b62bf35e2bb2270636968318aafb51.pkl,1
D:\08_Dataset\Internal\mar2020\pickle_files\f62b3cf4efc5146becf57e9fdd06b8241ece0a94.pkl,1
D:\08_Dataset\Internal\mar2020\pickle_files\7abdb40302937f47ff66aa8f26b88806e68354a1.pkl,1
D:\08_Dataset\Internal\mar2020\pickle_files\86a6403f7938c703db23989dd54ce452be650361.pkl,1
D:\08_Dataset\Internal\mar2020\pickle_files\2511194a0799ce387b4799da4077abed048e734d.pkl,1
D:\08_Dataset\Internal\mar2020\pickle_files\fb66906db719fde5a0b843723b7fc5a8bc5a268c.pkl,1
D:\08_Dataset\Internal\mar2020\pickle_files\464a78dfc12a1daf1415bf6ec78be895d136e6cc.pkl,1
D:\08_Dataset\Internal\mar2020\pickle_files\059ee8840e06c3b9d5501daf35eb8e4d54cd01e4.pkl,1
D:\08_Dataset\Internal\mar2020\pickle_files\81581a7ad477f489cd4ab3fae64899931eec41d1.pkl,1
D:\08_Dataset\Internal\mar2020\pickle_files\f3b8bb1c0cd7bc41f771d22c9fd59de55652ad4c.pkl,1
D:\08_Dataset\Internal\mar2020\pickle_files\1efb56145fdd947bc0b0a0371cd0703a81c20b65.pkl,1
D:\08_Dataset\Internal\mar2020\pickle_files\81b3c43ab0fdddf5f3acf551ce30887700a0e01d.pkl,1
D:\08_Dataset\Internal\mar2020\pickle_files\3faf39664a03581d2a4e8bfeb6f940ca3219764b.pkl,1
D:\08_Dataset\Internal\mar2020\pickle_files\6a0207b9c5c9589c467080091e0bf308bd1296e5.pkl,1
D:\08_Dataset\Internal\mar2020\pickle_files\6d0ce01cd42b6b86efa81706c9e2d659ddca1499.pkl,1
D:\08_Dataset\Internal\mar2020\pickle_files\3aaabba065c9acb46968052875f1c29fa5f15b7e.pkl,1
D:\08_Dataset\Internal\mar2020\pickle_files\719db7bc51d3b32e2e3714c1cf097ad736cc0f78.pkl,1
D:\08_Dataset\Internal\mar2020\pickle_files\233c4bd850e057bfbc0417e9374d7a11fb9fb4f2.pkl,1
D:\08_Dataset\Internal\mar2020\pickle_files\a95aa0950436cce73d94ad35d2e369873e9d1cee.pkl,1
D:\08_Dataset\Internal\mar2020\pickle_files\dee2a7c858bcc175188ea65b7daa0b9197d8a543.pkl,1
D:\08_Dataset\Internal\mar2020\pickle_files\de14a92b3e0b769044df2b31e1460eecbfa343c1.pkl,1
D:\08_Dataset\Internal\mar2020\pickle_files\b030746981a061fc6fac141c3c4d19802e59f587.pkl,1
D:\08_Dataset\Internal\mar2020\pickle_files\c9433b51b66fe41db4ee89d28a8deb54b5f8c2cb.pkl,1
D:\08_Dataset\Internal\mar2020\pickle_files\f85633b0d1e35c5079bb86eb26994a52c8d7a384.pkl,1
D:\08_Dataset\Internal\mar2020\pickle_files\6e39ee83a9a6d398f3435507d4a58b3c9b7a94dd.pkl,1
D:\08_Dataset\Internal\mar2020\pickle_files\78dfb1d7c4d27186777a7393e9228d7ce7038d70.pkl,1
D:\08_Dataset\Internal\mar2020\pickle_files\3f927d47503fdba3e10d830c43baaa39b7be03b3.pkl,1
D:\08_Dataset\Internal\mar2020\pickle_files\70c48b53a8976d49cbd0eff4c6b35a29e6dba947.pkl,1
D:\08_Dataset\Internal\mar2020\pickle_files\329f90ddc6d8c3d9f2ab94da4e357dea545fa743.pkl,1
D:\08_Dataset\Internal\mar2020\pickle_files\37597397d6ee48f2da4ecc9e59dd8f45869e7883.pkl,1
D:\08_Dataset\Internal\mar2020\pickle_files\2ffc1d1db90787243de5a0f3076da0b95c50ad45.pkl,1
D:\08_Dataset\Internal\mar2020\pickle_files\522a233cb5341fa1e490bbebaf6312e96e8c060e.pkl,1
D:\08_Dataset\Internal\mar2020\pickle_files\59aeecbfc6c9cbd09f22b8a93ebf51d0298d633a.pkl,1
D:\08_Dataset\Internal\mar2020\pickle_files\794b933b1b4123447f5af18ca029c788a8ec2a66.pkl,1
D:\08_Dataset\Internal\mar2020\pickle_files\9916ddcbb416ba67926864f8dc13998351661344.pkl,1
D:\08_Dataset\Internal\mar2020\pickle_files\0f2b965c1c7b84b8854b6ce7c4bb4d319cfdf9a6.pkl,1
D:\08_Dataset\Internal\mar2020\pickle_files\3dab7d282c437ff9980ff201d369f965a851abbc.pkl,1
D:\08_Dataset\Internal\mar2020\pickle_files\737af0ea343b0778d64c347c246b3535ae56d3cb.pkl,1
D:\08_Dataset\Internal\mar2020\pickle_files\ab21815ad5746d65d74a77fa190ec081c5ccb028.pkl,1
D:\08_Dataset\Internal\mar2020\pickle_files\d637bee31295caaee7df0d595fa15af3bb5a68bf.pkl,1
D:\08_Dataset\Internal\mar2020\pickle_files\048f18fdc31b8ce63e83ffe21b5b0b332ff14760.pkl,1
D:\08_Dataset\Internal\mar2020\pickle_files\3efdc73c60fc46a77450b14e30cdae9a6ec5f226.pkl,1
D:\08_Dataset\Internal\mar2020\pickle_files\de6f4b6d1b07817313e54efe2b1e40d4ac1e4a10.pkl,1
D:\08_Dataset\Internal\mar2020\pickle_files\17737246d94e178e5740a46bb76f02c6a2fcd6fb.pkl,1
D:\08_Dataset\Internal\mar2020\pickle_files\973b9b3781af75bf83ee766e4517d940d034198d.pkl,1
D:\08_Dataset\Internal\mar2020\pickle_files\af1ac85d7f71c513693483dc9619b8b6629b96de.pkl,1
D:\08_Dataset\Internal\mar2020\pickle_files\b5965e111f5a57bc86456108746645fd6532eac0.pkl,1
D:\08_Dataset\Internal\mar2020\pickle_files\3db98a33c75bb9ff9a77ed33693b10008663f049.pkl,1
D:\08_Dataset\Internal\mar2020\pickle_files\b8a9c4da5548140575cf50708ce362dc22368c6f.pkl,1
D:\08_Dataset\Internal\mar2020\pickle_files\08d018efdda51a2e7d3d1c87129decdb6d7f597b.pkl,1
D:\08_Dataset\Internal\mar2020\pickle_files\59295d7bb55696e510ae0991eec336072a782fcf.pkl,1
D:\08_Dataset\Internal\mar2020\pickle_files\f3d10b37f53eff95b3f6cc07f0fb1eb2ebc3f67c.pkl,1
D:\08_Dataset\Internal\mar2020\pickle_files\0cfb5927ed29b0f77bf8b22e2fd6077daa15e21c.pkl,1
D:\08_Dataset\Internal\mar2020\pickle_files\b089a43dbcf186a14f9dcf2ca7da83794aab1dd4.pkl,1
D:\08_Dataset\Internal\mar2020\pickle_files\a1ee0f9d7f3c7109a77cf73521004169e9c6b5ec.pkl,1
D:\08_Dataset\Internal\mar2020\pickle_files\51fd27e9c7f12c28e78d723c9cf09915d74cc26d.pkl,1
D:\08_Dataset\Internal\mar2020\pickle_files\64e5af33041271559e42c789113234d05fe7f764.pkl,1
D:\08_Dataset\Internal\mar2020\pickle_files\793a1bc3c28cd13eea37e4b3813a4e987b45a2dc.pkl,1
D:\08_Dataset\Internal\mar2020\pickle_files\daaa18f65be0ced5c302f0a5d0064bac6330c1cd.pkl,1
D:\08_Dataset\Internal\mar2020\pickle_files\4d9151e8bc922477aeb95847ceb386a95d5d2520.pkl,1
D:\08_Dataset\Internal\mar2020\pickle_files\e3a9ac1b9f01420be2ccbf709f705638161b85fc.pkl,1
D:\08_Dataset\Internal\mar2020\pickle_files\5de7d53a9a0f59a1720be31bd14263fcb3245aea.pkl,1
D:\08_Dataset\Internal\mar2020\pickle_files\cc13068516e6ec145483eea816f4e1161588301d.pkl,1
D:\08_Dataset\Internal\mar2020\pickle_files\b505343609aaf83b1cb326e8fb01250e9c878a7c.pkl,1
D:\08_Dataset\Internal\mar2020\pickle_files\f1150f31dd1c460f964a0d3cb9a35029fdba69f0.pkl,1
D:\08_Dataset\Internal\mar2020\pickle_files\906a97bb4c3f97add6dc66d864aa0b553590670a.pkl,1
D:\08_Dataset\Internal\mar2020\pickle_files\a2951bf8cc101fd85df9df9b6e652703b49a8a74.pkl,1
D:\08_Dataset\Internal\mar2020\pickle_files\5308ca905a0f90c969bd7b1e13bb3b910afbca3a.pkl,1
D:\08_Dataset\Internal\mar2020\pickle_files\2ad7b1bf70a5af548849562bb6be50b62436eec2.pkl,1
D:\08_Dataset\Internal\mar2020\pickle_files\af051ef8541ca28ac1eefb90342fd9dc42a21850.pkl,1
D:\08_Dataset\Internal\mar2020\pickle_files\c1a249c8aeb56820908c9bd6e51f2270d2895cd0.pkl,1
D:\08_Dataset\Internal\mar2020\pickle_files\f2708c3c1099841f71e596f35441a7e9add9b7e6.pkl,1
D:\08_Dataset\Internal\mar2020\pickle_files\c9a812c2986232e29bc8c521734fe33f1d939d62.pkl,1
D:\08_Dataset\Internal\mar2020\pickle_files\253e4d52909a6054a895a525721bb9d524077389.pkl,1
D:\08_Dataset\Internal\mar2020\pickle_files\1cb9c587ad9f47379e5c994d68d6f9ba57fff10e.pkl,1
D:\08_Dataset\Internal\mar2020\pickle_files\65fbe27ea2f89ca4216c3774da30f13efbda5cca.pkl,1
D:\08_Dataset\Internal\mar2020\pickle_files\d82d28a277eca47064b191a5cec35068d92a513b.pkl,1
D:\08_Dataset\Internal\mar2020\pickle_files\9b1fe5861de7043f5fce74db756ad9d8aa215f6a.pkl,1
D:\08_Dataset\Internal\mar2020\pickle_files\035a61f78e470659c00216647757e45a7890a4b3.pkl,1
D:\08_Dataset\Internal\mar2020\pickle_files\91c5b861b29364331045591456def12960cda98c.pkl,1
D:\08_Dataset\Internal\mar2020\pickle_files\79ad6184fd942d7a35ebeac2e998cddaa5c3d569.pkl,1
D:\08_Dataset\Internal\mar2020\pickle_files\f95f30c6ea7ecd32427ae8d5f570724a31b9cba5.pkl,1
D:\08_Dataset\Internal\mar2020\pickle_files\5dfba823a9a8c324c807a531938d0a2ec330c53a.pkl,1
D:\08_Dataset\Internal\mar2020\pickle_files\9d0da26a5a583e20f7b229672bcd49cd2892684f.pkl,1
D:\08_Dataset\Internal\mar2020\pickle_files\5c0c6d2a7931563cf064edc8659ad2c1d3d243ab.pkl,1
D:\08_Dataset\Internal\mar2020\pickle_files\6072ae79e5b46c1eb20aeded1559b2b61b65989b.pkl,1
D:\08_Dataset\Internal\mar2020\pickle_files\b39f42d66b84e211c0f04195786fb81d16567c00.pkl,1
D:\08_Dataset\Internal\mar2020\pickle_files\7e23fa8e63a2513b07538400f8f366c672ddacc1.pkl,1
D:\08_Dataset\Internal\mar2020\pickle_files\bcc18e3118bdd0d3e5285a7a3dfb61d576bbe5ef.pkl,1
D:\08_Dataset\Internal\mar2020\pickle_files\8d38bd2ef8e1138e86b7b9529177ae7c58ecf1de.pkl,1
D:\08_Dataset\Internal\mar2020\pickle_files\1a5a027bf136077a2d228120d7c0c0df11670441.pkl,1
D:\08_Dataset\Internal\mar2020\pickle_files\312b0c93cc82742494b62047dd5d9b02eef732b1.pkl,1
D:\08_Dataset\Internal\mar2020\pickle_files\09e0188cfd052214fc6da6a3a0208954b1000e7b.pkl,1
D:\08_Dataset\Internal\mar2020\pickle_files\d4dc7b990f454ab1cc4b0035e73431111ad1c694.pkl,1
D:\08_Dataset\Internal\mar2020\pickle_files\01509fcbbd838ca3639adf2457f73e246df3c676.pkl,1
D:\08_Dataset\Internal\mar2020\pickle_files\4e379d51fd59e4adec53965d24fe8749cf217436.pkl,1
D:\08_Dataset\Internal\mar2020\pickle_files\04651cb74a60097b4d8fd683ef888d4801b6fa02.pkl,1
D:\08_Dataset\Internal\mar2020\pickle_files\229a073fd9ead88d45ea55e5f029c712ec1e2e8f.pkl,1
D:\08_Dataset\Internal\mar2020\pickle_files\7f07152f53a8c329656c4e3daa7131b844d09d40.pkl,1
D:\08_Dataset\Internal\mar2020\pickle_files\f8e7bec2de156cec9d7503039235dea5560f0ef6.pkl,1
D:\08_Dataset\Internal\mar2020\pickle_files\cd4446f22e5ac7148fe9c6559c352444fe6a1165.pkl,1
D:\08_Dataset\Internal\mar2020\pickle_files\88175e72dedf9fc34ebf111a61219bfc276219b9.pkl,1
D:\08_Dataset\Internal\mar2020\pickle_files\dc9faabbf4dbffefbedde02cb9d7a3bd6dea1345.pkl,1
D:\08_Dataset\Internal\mar2020\pickle_files\ee975ca83d73c269c8729ae340e57ebc7a6fee99.pkl,1
D:\08_Dataset\Internal\mar2020\pickle_files\5c7ba47122fa2e39736193142e055d9388d8bfc9.pkl,1
D:\08_Dataset\Internal\mar2020\pickle_files\cd0ab3b113af0444fdf1dc8569fb21fe3e45ea3e.pkl,1
D:\08_Dataset\Internal\mar2020\pickle_files\57a4bab65a2b33be556b07d56cfa987aae8fec97.pkl,1
D:\08_Dataset\Internal\mar2020\pickle_files\258d9ff379d82959f933e502cc259f6af1d962e0.pkl,1
D:\08_Dataset\Internal\mar2020\pickle_files\fbb8a3d3b895b874940f41429e453d5944a6ce85.pkl,1
D:\08_Dataset\Internal\mar2020\pickle_files\00b26f9120b79d09f1c651569a4976bad342efa8.pkl,1
D:\08_Dataset\Internal\mar2020\pickle_files\80b3c79fd51c4f456ca1044d5b25481a23891a1b.pkl,1
D:\08_Dataset\Internal\mar2020\pickle_files\c5842d87ab1f5f420c5ea66d69fb1f60c048c679.pkl,1
D:\08_Dataset\Internal\mar2020\pickle_files\c541c1e9ec843f2eb54907a0ab44df7c23f7966a.pkl,1
D:\08_Dataset\Internal\mar2020\pickle_files\961dde5533015178108d25bc2f90e3b09eca6f03.pkl,1
D:\08_Dataset\Internal\mar2020\pickle_files\b036f3d72c1290f08b747c2148c209bf64174e86.pkl,1
D:\08_Dataset\Internal\mar2020\pickle_files\f19092e2c5538316a803bae2f25f2ed507274c95.pkl,1
D:\08_Dataset\Internal\mar2020\pickle_files\11f4d611ef5ec9d770079743dc4b417fd7d6b20c.pkl,1
D:\08_Dataset\Internal\mar2020\pickle_files\b1198f8aff945ba3c1d76be95b6e7f0d6b6533e4.pkl,1
D:\08_Dataset\Internal\mar2020\pickle_files\8f4f8cf9ba5a8b391765275077fdd3c812890ae0.pkl,1
D:\08_Dataset\Internal\mar2020\pickle_files\7e9f0b93ca84f103759e6aa243dc0a993b565b8b.pkl,1
D:\08_Dataset\Internal\mar2020\pickle_files\7094048fba31539efc3846633b93141378f96ec7.pkl,1
D:\08_Dataset\Internal\mar2020\pickle_files\ccc0ec6d3f3e5d449d83180100df5f8a58401801.pkl,1
D:\08_Dataset\Internal\mar2020\pickle_files\bba90be095df3778ef3d6ae7c0b4a74df91d45bb.pkl,1
D:\08_Dataset\Internal\mar2020\pickle_files\ec4a0fd94c2060e9ef1ba51b91b0f19935bd44b7.pkl,1
D:\08_Dataset\Internal\mar2020\pickle_files\c7e1f2f003b4c3afaab47b78559afe7477478d68.pkl,1
D:\08_Dataset\Internal\mar2020\pickle_files\c69f6382586fc3bafc58b344eda21b0c026c03e5.pkl,1
D:\08_Dataset\Internal\mar2020\pickle_files\b82ef7d1653ce0ec8da345d4893afc68448e7cc6.pkl,1
D:\08_Dataset\Internal\mar2020\pickle_files\670a1ab42d36f6fdee56afc513ff84dcbc098452.pkl,1
D:\08_Dataset\Internal\mar2020\pickle_files\e2633d87a40bf2d999bc73270a2c5459efdd907a.pkl,1
D:\08_Dataset\Internal\mar2020\pickle_files\645dd609569d3d1e00f5debbc7f2c4373ca82a46.pkl,1
D:\08_Dataset\Internal\mar2020\pickle_files\542d1439eec149e2810613152a51ef660f2e4e9c.pkl,1
D:\08_Dataset\Internal\mar2020\pickle_files\c4f3550e583d3c41cb69d21c019df0434de76faf.pkl,1
D:\08_Dataset\Internal\mar2020\pickle_files\805155c4ebfd60f59371af7af8ab3040113f1a01.pkl,1
D:\08_Dataset\Internal\mar2020\pickle_files\c347e768f4a8915555a71dc5342f77ce2e498ff7.pkl,1
D:\08_Dataset\Internal\mar2020\pickle_files\43d68ccbea186323f96541ea004aea234bd65c9f.pkl,1
D:\08_Dataset\Internal\mar2020\pickle_files\18cfeb81b4958209fd0c53575f29fb3e25bcb8bf.pkl,1
D:\08_Dataset\Internal\mar2020\pickle_files\527f233ee1463ff9d81fa6b1d2dc29803c9e57db.pkl,1
D:\08_Dataset\Internal\mar2020\pickle_files\e24636c7bb5a1dc57f969c657c042f132441f8c3.pkl,1
D:\08_Dataset\Internal\mar2020\pickle_files\17788300f799ac6bc695d44b722f66fd78661703.pkl,1
D:\08_Dataset\Internal\mar2020\pickle_files\301098fb5d8c6dfb7a91a3399499996018864681.pkl,1
D:\08_Dataset\Internal\mar2020\pickle_files\d556cccee3a9598e61f3677753e6f0440ad2898a.pkl,1
D:\08_Dataset\Internal\mar2020\pickle_files\be53e13ec9fc439a0ec96261224aa147d3f49cec.pkl,1
D:\08_Dataset\Internal\mar2020\pickle_files\884e4c922616668afdc5b18b8252c31ea83a2ce0.pkl,1
D:\08_Dataset\Internal\mar2020\pickle_files\eb790794710f9ba2d37521e51c537c5c9ec99fb2.pkl,1
D:\08_Dataset\Internal\mar2020\pickle_files\93b4867d3c5cd2de84059a17a35130b03e0dac5a.pkl,1
D:\08_Dataset\Internal\mar2020\pickle_files\f1a0d0d29f924a24af0f0521cf6f9a9150a10ecc.pkl,1
D:\08_Dataset\Internal\mar2020\pickle_files\2289462493125c4ed5f71161f277df55ac4477e5.pkl,1
D:\08_Dataset\Internal\mar2020\pickle_files\83f72556003c123ff45d41e6bef02a47713c9816.pkl,1
D:\08_Dataset\Internal\mar2020\pickle_files\10717a2c6ea17fed0e8b21726d17dfe4852bf9c8.pkl,1
D:\08_Dataset\Internal\mar2020\pickle_files\2ae5a62654d220ed347b80b7af55771a67824520.pkl,1
D:\08_Dataset\Internal\mar2020\pickle_files\978c72f430cb2effce20c8936d0b5488a5eb3541.pkl,1
D:\08_Dataset\Internal\mar2020\pickle_files\40ab92a36fdabb62d6b3a5ea9c579948dbad9f41.pkl,1
D:\08_Dataset\Internal\mar2020\pickle_files\47844f2109c65d64040b1823bf99888f8e6bbdf1.pkl,1
D:\08_Dataset\Internal\mar2020\pickle_files\60e8f0efbb3b15c6985471ed998958df46248113.pkl,1
D:\08_Dataset\Internal\mar2020\pickle_files\a9ab412954dbc21473e349fe4ba0f6489cfc75a9.pkl,1
D:\08_Dataset\Internal\mar2020\pickle_files\bfdb81460940a32cbd655e8dc98a3ed3993e5694.pkl,1
D:\08_Dataset\Internal\mar2020\pickle_files\cfa8ecbff398477c768b19f85bc546e952af7cac.pkl,1
D:\08_Dataset\Internal\mar2020\pickle_files\b5d2be1b7b0ca33b8ed07e3300295dcd553a1725.pkl,1
D:\08_Dataset\Internal\mar2020\pickle_files\554a6ac4b2aa43debf132e828af9098862a003da.pkl,1
D:\08_Dataset\Internal\mar2020\pickle_files\9d2b2c388f6616475734350214eb8726322fd473.pkl,1
D:\08_Dataset\Internal\mar2020\pickle_files\04a9ab387d648befa169d653da46696c641ca14f.pkl,1
D:\08_Dataset\Internal\mar2020\pickle_files\02a44fb29076e2cbe3fad699fd77e8a502ded96a.pkl,1
D:\08_Dataset\Internal\mar2020\pickle_files\e95f100583958cf0898eb6dd8b3f469d4f549f34.pkl,1
D:\08_Dataset\Internal\mar2020\pickle_files\e1e9284ec556cfb6ed6159f59a1f7f806d045acb.pkl,1
D:\08_Dataset\Internal\mar2020\pickle_files\9a0581eab1bee9ba875598c7f2fef8d6ce0f8f67.pkl,1
D:\08_Dataset\Internal\mar2020\pickle_files\5ec06736772166284dfeb2cca1f8944882efbeda.pkl,1
D:\08_Dataset\Internal\mar2020\pickle_files\8cea848975eed7cfd2fc6fee4600788f6bd9b604.pkl,1
D:\08_Dataset\Internal\mar2020\pickle_files\4df864d26561217732afd39a7cd02343ff577ef0.pkl,1
D:\08_Dataset\Internal\mar2020\pickle_files\3fae5acb62303d380856e07e433ddd575e43fbd0.pkl,1
D:\08_Dataset\Internal\mar2020\pickle_files\2165c02d602c2951a90b60e9aa88e8720026c475.pkl,1
D:\08_Dataset\Internal\mar2020\pickle_files\2356153160c3ddc6cb327a86155ed6110a120c3f.pkl,1
D:\08_Dataset\Internal\mar2020\pickle_files\768aeac319634d2e5fbf3d793ccb72095dc031ea.pkl,1
D:\08_Dataset\Internal\mar2020\pickle_files\a1b14c080f5f6395d33a8c2b52f78fcaf2e2e7e7.pkl,1
D:\08_Dataset\Internal\mar2020\pickle_files\fb484572de8c29eae5ea17bd393a5456954ae1fb.pkl,1
D:\08_Dataset\Internal\mar2020\pickle_files\d2a6acfb3687c5f5c3f4f42d761c2a0a01399dd7.pkl,1
D:\08_Dataset\Internal\mar2020\pickle_files\403c26618c49dc2bbb8f80afb50a64366084281a.pkl,1
D:\08_Dataset\Internal\mar2020\pickle_files\898afbbb8fe5632bb269ba68c815caac1587ae19.pkl,1
D:\08_Dataset\Internal\mar2020\pickle_files\c6e02aeba148bd38bc753fe902abb46be94be6d1.pkl,1
D:\08_Dataset\Internal\mar2020\pickle_files\1f6c83ebed78e369097ea002953adeea017fd8c6.pkl,1
D:\08_Dataset\Internal\mar2020\pickle_files\40fb53c8d90c6567e1e15526f9bc3274103daff3.pkl,1
D:\08_Dataset\Internal\mar2020\pickle_files\ffb5be59c62b143e28185ac1d6631b3d76275c81.pkl,1
D:\08_Dataset\Internal\mar2020\pickle_files\3b39bd36aba62a26580e4c4354f943aa869620f0.pkl,1
D:\08_Dataset\Internal\mar2020\pickle_files\b3f2c56d14ac9d915138cd4c034697a10c78f130.pkl,1
D:\08_Dataset\Internal\mar2020\pickle_files\e4a760a06646f498602fe426a751bc841153a616.pkl,1
D:\08_Dataset\Internal\mar2020\pickle_files\321a51f51c870baac666eec3af7731521acf6d15.pkl,1
D:\08_Dataset\Internal\mar2020\pickle_files\84667562ce45e43ff17d9d51e9b6acb6e54e706a.pkl,1
D:\08_Dataset\Internal\mar2020\pickle_files\2dc4fe6ef9de559a9e746a42ed9392c5c5d7ea87.pkl,1
D:\08_Dataset\Internal\mar2020\pickle_files\5a42db1ba17c4a68b8a66b52466c78a84b82b86b.pkl,1
D:\08_Dataset\Internal\mar2020\pickle_files\3313d9393964cd7a48bf325faf7d23b5a3837897.pkl,1
D:\08_Dataset\Internal\mar2020\pickle_files\fe503ecdb6846305d55ee1738022d593a0fd2782.pkl,1
D:\08_Dataset\Internal\mar2020\pickle_files\641a4c663908aeaa4788a0685b9b6bc27dbc1dc0.pkl,1
D:\08_Dataset\Internal\mar2020\pickle_files\b64f50117fb594a1a4369c13b6d5cba995bf4084.pkl,1
D:\08_Dataset\Internal\mar2020\pickle_files\e3c98533ee25bd2d7d4173737def71616f1fd52a.pkl,1
D:\08_Dataset\Internal\mar2020\pickle_files\a65c98a0a4e2d150547c7d19471a6b842b0c6260.pkl,1
D:\08_Dataset\Internal\mar2020\pickle_files\5d6e5e5612c7c9ad41bfabbc51d34dacef1467a3.pkl,1
D:\08_Dataset\Internal\mar2020\pickle_files\6bf11a50e75f32f3e3c8aa7511b8b08fff11dba9.pkl,1
D:\08_Dataset\Internal\mar2020\pickle_files\758fc97da47b4faa540d1304ba450e2d030821a0.pkl,1
D:\08_Dataset\Internal\mar2020\pickle_files\96d8a821849f80436cb6c8177724931d36871261.pkl,1
D:\08_Dataset\Internal\mar2020\pickle_files\119ec4b1567719d17caac5d49fb40d56fa7658f0.pkl,1
D:\08_Dataset\Internal\mar2020\pickle_files\ed5f3385fce7c7fe5229ab273850bc6bf3480e79.pkl,1
D:\08_Dataset\Internal\mar2020\pickle_files\14a9ebe68c5b64264aab8dc873a0717a2548babc.pkl,1
D:\08_Dataset\Internal\mar2020\pickle_files\302145efebc46f3e1691553f5f8b7e2e841f46a4.pkl,1
D:\08_Dataset\Internal\mar2020\pickle_files\84ec2d8a2f195ca149945ec462b599aca0cf22b7.pkl,1
D:\08_Dataset\Internal\mar2020\pickle_files\b5905a860d6b2ad6a716bdd5a4a888a78558fc98.pkl,1
D:\08_Dataset\Internal\mar2020\pickle_files\408cb7677da3c24b8514c80b3051cb51879af2a1.pkl,1
D:\08_Dataset\Internal\mar2020\pickle_files\294a96a8d85ef4fcfbe4986886d891ec7a08c7b3.pkl,1
D:\08_Dataset\Internal\mar2020\pickle_files\444459d89e52d1111130fe60b77b982ee5252d64.pkl,1
D:\08_Dataset\Internal\mar2020\pickle_files\20fc509bab770ac6edecf437342a6f2f6aa78ba7.pkl,1
D:\08_Dataset\Internal\mar2020\pickle_files\6b4c4dd8ad4d3b6c18f93bbbde7202e6d0188045.pkl,1
D:\08_Dataset\Internal\mar2020\pickle_files\d88ade1dad4eaaddeb700636e3ecce0e3085c03c.pkl,1
D:\08_Dataset\Internal\mar2020\pickle_files\5a47b705c82641e5022e5faae8bee859d35db1a0.pkl,1
D:\08_Dataset\Internal\mar2020\pickle_files\cd553efbb5b9fa3a9711c0c7a5bc85af81b990aa.pkl,1
D:\08_Dataset\Internal\mar2020\pickle_files\0c2d2376f63ee0b33bbfdaba1c0ee39c1b2eb957.pkl,1
D:\08_Dataset\Internal\mar2020\pickle_files\a1facf97c967076939979c1b20f2ee52ac78dbf2.pkl,1
D:\08_Dataset\Internal\mar2020\pickle_files\fa73174242d66ef537b3f9f996df91a2cbd0fd02.pkl,1
D:\08_Dataset\Internal\mar2020\pickle_files\245c35b2e103922564b0b313e672a457846b5de5.pkl,1
D:\08_Dataset\Internal\mar2020\pickle_files\43f4306104db22949b395af55936c5eb89faa787.pkl,1
D:\08_Dataset\Internal\mar2020\pickle_files\a857e7516603a90886a8ff995aec968b541b03ee.pkl,1
D:\08_Dataset\Internal\mar2020\pickle_files\a9730d1aad8e03e50b0d972dcceacd83f068c353.pkl,1
D:\08_Dataset\Internal\mar2020\pickle_files\10b96d1e62cc9b52f1381401d3c14e0beb989914.pkl,1
D:\08_Dataset\Internal\mar2020\pickle_files\8c017db9c6af632ec7bc0d201c8cf561780be176.pkl,1
D:\08_Dataset\Internal\mar2020\pickle_files\b1b6ade97d84498a5f08df92a4bdc0124893ee64.pkl,1
D:\08_Dataset\Internal\mar2020\pickle_files\1ef350c6ecbcb318bbfe0090f99c58cac8939bcb.pkl,1
D:\08_Dataset\Internal\mar2020\pickle_files\0a0cd34f90d7c374ab8dab0e64bda6698de644b8.pkl,1
D:\08_Dataset\Internal\mar2020\pickle_files\ac401d6a1040c9d0c655003697d74900a23fdd10.pkl,1
D:\08_Dataset\Internal\mar2020\pickle_files\f8f56221f3742db8f2af82c5f7e63e9d01e7fa21.pkl,1
D:\08_Dataset\Internal\mar2020\pickle_files\7c188f1f93d0a9ad24a4883f4139b439f958a1a2.pkl,1
D:\08_Dataset\Internal\mar2020\pickle_files\20becd7c29efa18f7c0a895aa22e0af30ce2922a.pkl,1
D:\08_Dataset\Internal\mar2020\pickle_files\17c929413a64c31120337f4358f4302076057d40.pkl,1
D:\08_Dataset\Internal\mar2020\pickle_files\3b08bd227331fc60c2edd513693c8393a9f88341.pkl,1
D:\08_Dataset\Internal\mar2020\pickle_files\8f0a5eb0d5d894a686e18b76c990b53770c68668.pkl,1
D:\08_Dataset\Internal\mar2020\pickle_files\fba159121166466a9bcfef5d7d18dede124b9208.pkl,1
D:\08_Dataset\Internal\mar2020\pickle_files\cf7cdf3b3768d0eec6f011a0c382853ebaf8b4c9.pkl,1
D:\08_Dataset\Internal\mar2020\pickle_files\c4e1c2f5604b98afc0bf1d598af9dcc51e668db0.pkl,1
D:\08_Dataset\Internal\mar2020\pickle_files\b629af1a2d18b360b5735965ff6b787510f7801a.pkl,1
D:\08_Dataset\Internal\mar2020\pickle_files\f49e6c88d8071175360c3141e2daae56b4d825c2.pkl,1
D:\08_Dataset\Internal\mar2020\pickle_files\1d6d3133b75f034932b2a7131a780d2845228dce.pkl,1
D:\08_Dataset\Internal\mar2020\pickle_files\25367a6e99588c5931df1f56e8090cdc5a1ecafd.pkl,1
D:\08_Dataset\Internal\mar2020\pickle_files\cad56e64adb3d4e074342349b9fc7f6b17a02f84.pkl,1
D:\08_Dataset\Internal\mar2020\pickle_files\bfc18158648040e10c08f603387bae821d2f9cf2.pkl,1
D:\08_Dataset\Internal\mar2020\pickle_files\04e526f5b731d3e9180c98a33d6d2412299dfd75.pkl,1
D:\08_Dataset\Internal\mar2020\pickle_files\055f072140f8c6f2dd3478d650a64050a8cef013.pkl,1
D:\08_Dataset\Internal\mar2020\pickle_files\0f61d1ea3cf21100e96242075e3cb06f63a2232a.pkl,1
D:\08_Dataset\Internal\mar2020\pickle_files\acdf3ebc2611fabede7e39b3ec1ade81de91de8e.pkl,1
D:\08_Dataset\Internal\mar2020\pickle_files\d6b1cef45591df3085f0c6998643e1eb7dcb73ec.pkl,1
D:\08_Dataset\Internal\mar2020\pickle_files\073a7f69c0e424fd74af73a5f03dc6b67ef6be6a.pkl,1
D:\08_Dataset\Internal\mar2020\pickle_files\c608ecea119ad74d7ee87e77b6fe2cf79823a179.pkl,1
D:\08_Dataset\Internal\mar2020\pickle_files\9bdc1c8d36104d5719b0439656cea6e085cb8d75.pkl,1
D:\08_Dataset\Internal\mar2020\pickle_files\ced20ed320c9564e5d94ddfbb8085593822033ac.pkl,1
D:\08_Dataset\Internal\mar2020\pickle_files\fd0b6552ee8da84871661aa2110bddef95e8e4b4.pkl,1
D:\08_Dataset\Internal\mar2020\pickle_files\1f05c2c093da75103c63340b89ad17f10a10fb17.pkl,1
D:\08_Dataset\Internal\mar2020\pickle_files\70e6a9e9b5022e5ed2b94b2d7d5a95831485b00e.pkl,1
D:\08_Dataset\Internal\mar2020\pickle_files\b7032c62b028fe685f0d53598874f7dff7684696.pkl,1
D:\08_Dataset\Internal\mar2020\pickle_files\80437d15f82c51b2c25807cb135d88a9afe8a25f.pkl,1
D:\08_Dataset\Internal\mar2020\pickle_files\7c3aeeee950946fec4525fc189893176e6578a33.pkl,1
D:\08_Dataset\Internal\mar2020\pickle_files\630d75fc4221e835147e92a9b3cea96043ae1d72.pkl,1
D:\08_Dataset\Internal\mar2020\pickle_files\a6d25122dd3d00636e4bc3314f6f89a9be147e76.pkl,1
D:\08_Dataset\Internal\mar2020\pickle_files\4845836420dfa36a1d9a39889c0f34d38e4cdab0.pkl,1
D:\08_Dataset\Internal\mar2020\pickle_files\5dc4433eedfa45bfd78ce002f92bd9cd47f30d71.pkl,1
D:\08_Dataset\Internal\mar2020\pickle_files\6cd97e1bd26b74d42b264c88c583c1f7a660f9e2.pkl,1
D:\08_Dataset\Internal\mar2020\pickle_files\b0be8e7655e9f27eae720a740028b710e30a1c38.pkl,1
D:\08_Dataset\Internal\mar2020\pickle_files\e1d84bc3105cdd5789fb0b2fb4b1045de752b6f4.pkl,1
D:\08_Dataset\Internal\mar2020\pickle_files\a3a361a4d5c4d67e37f246bd85e829a0fe91d7e4.pkl,1
D:\08_Dataset\Internal\mar2020\pickle_files\28d39e0438c77659d22bc4d62946a0963171c428.pkl,1
D:\08_Dataset\Internal\mar2020\pickle_files\9f909e4019bf66ec9a0f08dbaf5a517189611b25.pkl,1
D:\08_Dataset\Internal\mar2020\pickle_files\ad925b7c11f4ccbcb99a9a799e5c4a97e5c28a70.pkl,1
D:\08_Dataset\Internal\mar2020\pickle_files\10466ad4ff373b936ade439203c5c06efb34af44.pkl,1
D:\08_Dataset\Internal\mar2020\pickle_files\4c9b29cbaaba07ad3473a855f76ec4b6e2f7ccc3.pkl,1
D:\08_Dataset\Internal\mar2020\pickle_files\ec9ea6f957af15cd65e8c8cd12674366cf726509.pkl,1
D:\08_Dataset\Internal\mar2020\pickle_files\6c9ad2a32adde8d182deece225fb182790ef3723.pkl,1
D:\08_Dataset\Internal\mar2020\pickle_files\73b01347574f4503a9d58a1d2ec69d60d3ec6992.pkl,1
D:\08_Dataset\Internal\mar2020\pickle_files\09e9c6a3b1fd1a830fa73668be01ad46615a2c21.pkl,1
D:\08_Dataset\Internal\mar2020\pickle_files\6f8526cbe6137f05f7bede61d759189822557bac.pkl,1
D:\08_Dataset\Internal\mar2020\pickle_files\04fb1f9b911215696eaac5029444df54ef0c2957.pkl,1
D:\08_Dataset\Internal\mar2020\pickle_files\c5cfee0cc7a4aa46e173fd6a91069b6fb82e698f.pkl,1
D:\08_Dataset\Internal\mar2020\pickle_files\6beeaba3461fc466fcd483d5c1df44f4dbdb0628.pkl,1
D:\08_Dataset\Internal\mar2020\pickle_files\3eceacd8325ba0f3ba5cc64f27725cadc449fbe1.pkl,1
D:\08_Dataset\Internal\mar2020\pickle_files\2f986cd2ca9a9975966d0aaf337ce18a1b32d89d.pkl,1
D:\08_Dataset\Internal\mar2020\pickle_files\cfb323352cf737a96b809e13eee14fd7aa44e33f.pkl,1
D:\08_Dataset\Internal\mar2020\pickle_files\849bb1b4a070d2698057cef227acef8be5c5b644.pkl,1
D:\08_Dataset\Internal\mar2020\pickle_files\8ce9e5b88b4eff0958e503570815a396fa12b352.pkl,1
D:\08_Dataset\Internal\mar2020\pickle_files\8dd30f757a8cb182a2004e29824068e68d4ac491.pkl,1
D:\08_Dataset\Internal\mar2020\pickle_files\1dfc69236c07046a6fdd9e51f092bb1d39c0ffae.pkl,1
D:\08_Dataset\Internal\mar2020\pickle_files\22ee7709d85b29eadab09024708f16bc72a82199.pkl,1
D:\08_Dataset\Internal\mar2020\pickle_files\f28f2632fdc03407e9da7a8b477db5cf9aa399cf.pkl,1
D:\08_Dataset\Internal\mar2020\pickle_files\5cbb66dfbe176f269ed1fc1f9f53260ccea711d4.pkl,1
D:\08_Dataset\Internal\mar2020\pickle_files\5fabbb536f7ade500cdedb9d25ed9bac287983ef.pkl,1
D:\08_Dataset\Internal\mar2020\pickle_files\861ba18c1746066e782835e0aaf59c56e93bc234.pkl,1
D:\08_Dataset\Internal\mar2020\pickle_files\afe1567dcd33cc3e7df8b28f5579a20ce52594ca.pkl,1
D:\08_Dataset\Internal\mar2020\pickle_files\a2f5f4b0ba001ce9a926ac1a81b64193f954641b.pkl,1
D:\08_Dataset\Internal\mar2020\pickle_files\eea9fc20259867fcb7ef4ababd0f3aa113537273.pkl,1
D:\08_Dataset\Internal\mar2020\pickle_files\5553f0776b6e6cdbd7d9542113f4d1871a5f7ef3.pkl,1
D:\08_Dataset\Internal\mar2020\pickle_files\22d1b524df5c5ceaadadbc33639d1969fdd6398d.pkl,1
D:\08_Dataset\Internal\mar2020\pickle_files\59b0b78ac4cb64296d126e5d0197d5c6e581f7ec.pkl,1
D:\08_Dataset\Internal\mar2020\pickle_files\7e6c2cb8244e79662e7ba4709682d3659491548b.pkl,1
D:\08_Dataset\Internal\mar2020\pickle_files\706eca3b415c1fa86d902532d58d9b754c5899c6.pkl,1
D:\08_Dataset\Internal\mar2020\pickle_files\281066a1a054f738a1813deed569d4cf2795c3c6.pkl,1
D:\08_Dataset\Internal\mar2020\pickle_files\437ac4579f0051646508fca372d6b6d175cada27.pkl,1
D:\08_Dataset\Internal\mar2020\pickle_files\c5f7a6f2543a8891e2f964f39e513cc7a1fa6a01.pkl,1
D:\08_Dataset\Internal\mar2020\pickle_files\64de1b877ce9bce52d8801d8e19ab2508a024494.pkl,1
D:\08_Dataset\Internal\mar2020\pickle_files\5e23411881bdc0d99beba05afc0d9c13f8f5440b.pkl,1
D:\08_Dataset\Internal\mar2020\pickle_files\9c0b3b99a59e50ab794cf53264ab50bd0ef7a58a.pkl,1
D:\08_Dataset\Internal\mar2020\pickle_files\67d36ea2734d074807e84a6c00880f31735a3cb1.pkl,1
D:\08_Dataset\Internal\mar2020\pickle_files\b7562eb2b049aae4758ada4b35d98ff34341e6c7.pkl,1
D:\08_Dataset\Internal\mar2020\pickle_files\2a039080973fa1c4c3f62206f81fcb4fbf8fc6fc.pkl,1
D:\08_Dataset\Internal\mar2020\pickle_files\39d54fc10459d7c8426f09d424470091d7d8844e.pkl,1
D:\08_Dataset\Internal\mar2020\pickle_files\d7cd93f9e1d3f255248ffed8595c70906d29a43b.pkl,1
D:\08_Dataset\Internal\mar2020\pickle_files\8bf90438771c81d2998e5e5aa7bd19a0f3de27c5.pkl,1
D:\08_Dataset\Internal\mar2020\pickle_files\f95b4a3703c3526556334aef051e66539d119f11.pkl,1
D:\08_Dataset\Internal\mar2020\pickle_files\bbe21f11ee2faec031a59cf48cef257a349ca96a.pkl,1
D:\08_Dataset\Internal\mar2020\pickle_files\1fc676f83cf69fd9417fc0e25ad4dc97b91132b0.pkl,1
D:\08_Dataset\Internal\mar2020\pickle_files\235e8e1e27228aaea588fb8cac526eb295ff85eb.pkl,1
D:\08_Dataset\Internal\mar2020\pickle_files\abfd079525705a363f2dd6b79e1b4cec83264660.pkl,1
D:\08_Dataset\Internal\mar2020\pickle_files\13cf03b3d867ff249a38120b0e5daf3186a4d262.pkl,1
D:\08_Dataset\Internal\mar2020\pickle_files\6096f52af1d112f55215f0247d0eddb8082f2b55.pkl,1
D:\08_Dataset\Internal\mar2020\pickle_files\58bcd1f77e5091dfcee983a5b1c93b32223d5c28.pkl,1
D:\08_Dataset\Internal\mar2020\pickle_files\f4ef30f2282e1252cb3b6bf27137ed9a0bed9cd7.pkl,1
D:\08_Dataset\Internal\mar2020\pickle_files\b832df2aacca5e2e0f595d71e24f5bd8c4881842.pkl,1
D:\08_Dataset\Internal\mar2020\pickle_files\209319dff5394aaa276f88adbe629a499546a1c3.pkl,1
D:\08_Dataset\Internal\mar2020\pickle_files\e297d76714b228cc4e3d6c543189afcb06dda04d.pkl,1
D:\08_Dataset\Internal\mar2020\pickle_files\46d8a2db93f04ed81e75b1ddd15fa8e7ba1194b8.pkl,1
D:\08_Dataset\Internal\mar2020\pickle_files\73bd065f9d73855b9e5804b5faae1ed05b43ae5b.pkl,1
D:\08_Dataset\Internal\mar2020\pickle_files\0843ea56b9ec06cd111877fc0e78508f46bfb795.pkl,1
D:\08_Dataset\Internal\mar2020\pickle_files\b9549b59abde5831b3a8af3aae220d849dc3fb77.pkl,1
D:\08_Dataset\Internal\mar2020\pickle_files\da6f473cb4b739351487929b7af108991bd4c629.pkl,1
D:\08_Dataset\Internal\mar2020\pickle_files\801aca40d1df5238f807896dbc940b29ba4035ee.pkl,1
D:\08_Dataset\Internal\mar2020\pickle_files\fe97345d87203d08b9a9e37df7f917871eba9553.pkl,1
D:\08_Dataset\Internal\mar2020\pickle_files\2a090cdd0a744a59cda53595b0c69dd382ed6c60.pkl,1
D:\08_Dataset\Internal\mar2020\pickle_files\10703775783df70ddc3ac8664d16afd1d49a9303.pkl,1
D:\08_Dataset\Internal\mar2020\pickle_files\5d785f1e3690914b5a0f9785e4a484e5cbea94e5.pkl,1
D:\08_Dataset\Internal\mar2020\pickle_files\dcab4b84abe752676096328b5b861ecce2934d94.pkl,1
D:\08_Dataset\Internal\mar2020\pickle_files\dcaa5a8c87c8d3efec644d3c5d0aeeedfa1756be.pkl,1
D:\08_Dataset\Internal\mar2020\pickle_files\574d11228a599de8faba8089517f12cda98d6c8c.pkl,1
D:\08_Dataset\Internal\mar2020\pickle_files\5386c0b7b03e60b49b9912badc6c6c8576071cef.pkl,1
D:\08_Dataset\Internal\mar2020\pickle_files\d6426cb39a836861d29d068e29d60df1e0dc223b.pkl,1
D:\08_Dataset\Internal\mar2020\pickle_files\2fbddd3c0a17811bc4412aa919891cba566b2d8d.pkl,1
D:\08_Dataset\Internal\mar2020\pickle_files\8a86a471e9a346177b9d184ad8a11e5efd5f619d.pkl,1
D:\08_Dataset\Internal\mar2020\pickle_files\b21e8b5f189652bc02528fa8b09bf50d728b1aec.pkl,1
D:\08_Dataset\Internal\mar2020\pickle_files\cd6e075810179c2906a6078cbbeacfafebf35590.pkl,1
D:\08_Dataset\Internal\mar2020\pickle_files\6512fc02c51081ea08e2c8c5c7d7b76ddd7415c0.pkl,1
D:\08_Dataset\Internal\mar2020\pickle_files\ccc228b62888df0ba8149069d0857e6d738b8161.pkl,1
D:\08_Dataset\Internal\mar2020\pickle_files\2463ad961d734f0acae8c3c1234acf0869a3e0d6.pkl,1
D:\08_Dataset\Internal\mar2020\pickle_files\02876c5ff4de508b529207b52f9790a279e7a095.pkl,1
D:\08_Dataset\Internal\mar2020\pickle_files\4b5f4564c229c9963e1cca29f097aabbe3b2118d.pkl,1
D:\08_Dataset\Internal\mar2020\pickle_files\74c209b061a96784450a222f8876ddcda2ddbb14.pkl,1
D:\08_Dataset\Internal\mar2020\pickle_files\898e97a9a93c20818e41270077ff531c336c075f.pkl,1
D:\08_Dataset\Internal\mar2020\pickle_files\f3ba525733170e53ea853997e064651609fad828.pkl,1
D:\08_Dataset\Internal\mar2020\pickle_files\5375df3aececb6640bad4e2847405b05f99f2c89.pkl,1
D:\08_Dataset\Internal\mar2020\pickle_files\ff0f3d8ae5f7debd1d0460117b604d987b5696c6.pkl,1
D:\08_Dataset\Internal\mar2020\pickle_files\ac5e1c93ef4f8d4df0acf9176659d7aadeff9a1d.pkl,1
D:\08_Dataset\Internal\mar2020\pickle_files\aca3eb6c8b92256b248b91e1c27d8e9e8a7f52ec.pkl,1
D:\08_Dataset\Internal\mar2020\pickle_files\04ea5294d0b32cc02f1746cf723503ea7016176b.pkl,1
D:\08_Dataset\Internal\mar2020\pickle_files\dc020c1f32267ebf88613236f9e8c9b5ea42c5b8.pkl,1
D:\08_Dataset\Internal\mar2020\pickle_files\093bf1bffcc8a9da5e79d5d7e4c796462beecf63.pkl,1
D:\08_Dataset\Internal\mar2020\pickle_files\0fb9557346bc5eea1acb8717b6ec3ba703008ebf.pkl,1
D:\08_Dataset\Internal\mar2020\pickle_files\f2b752ce40f8ec8c7cb5bb83902ad29e6672bd9a.pkl,1
D:\08_Dataset\Internal\mar2020\pickle_files\631bd9f7ce00c6309f35a0c76ea5fe4e19745f1d.pkl,1
D:\08_Dataset\Internal\mar2020\pickle_files\7300358887de572d5479379a3f006cdb768135b3.pkl,1
D:\08_Dataset\Internal\mar2020\pickle_files\963c04eef6c752ec5421e30b1cdf3738da94ddc7.pkl,1
D:\08_Dataset\Internal\mar2020\pickle_files\f97a4dcc04e29102376418fb3e49eedd9705005e.pkl,1
D:\08_Dataset\Internal\mar2020\pickle_files\a218bf0091681f3886cf306f03726a805dda9d20.pkl,1
D:\08_Dataset\Internal\mar2020\pickle_files\d7596e22e0431364125ec8fe0560f1959259a047.pkl,1
D:\08_Dataset\Internal\mar2020\pickle_files\c57458d2d4aeb3ff1ab5319a26bc52900e01a09f.pkl,1
D:\08_Dataset\Internal\mar2020\pickle_files\5752447af96a5081de54393ed54d31ea2de50654.pkl,1
D:\08_Dataset\Internal\mar2020\pickle_files\678113f28a3d1f13f6a3ed4043946105424b3068.pkl,1
D:\08_Dataset\Internal\mar2020\pickle_files\72952160f5245b799efbb2b94d485abd804e9200.pkl,1
D:\08_Dataset\Internal\mar2020\pickle_files\7c5d6c4069e50e3a2afb2acbd051b02f930bc7df.pkl,1
D:\08_Dataset\Internal\mar2020\pickle_files\fac19e3e42ee7effa235ccd4199bc6c16046ccc3.pkl,1
D:\08_Dataset\Internal\mar2020\pickle_files\ebf0b75abbb9e0bc46046c38db179977796885e6.pkl,1
D:\08_Dataset\Internal\mar2020\pickle_files\cd58f00bbd8e9b5ea9577a1823d3f8b076006c6e.pkl,1
D:\08_Dataset\Internal\mar2020\pickle_files\7ada35173a7e30349751a0598d154ebd460862d7.pkl,1
D:\08_Dataset\Internal\mar2020\pickle_files\a9364afee87a32eefe69480ed03224b9eaea4b99.pkl,1
D:\08_Dataset\Internal\mar2020\pickle_files\5ec56dfe0c0b3c7f35fa3769b5dd7155e76a4c14.pkl,1
D:\08_Dataset\Internal\mar2020\pickle_files\d913edce8bd637b278f249fcce0f140c85fb137b.pkl,1
D:\08_Dataset\Internal\mar2020\pickle_files\38cd574e72c39855a2c32d92e7b324728c73f495.pkl,1
D:\08_Dataset\Internal\mar2020\pickle_files\abb0bc4efa29ad8971b4bfc90873e989fc6fd532.pkl,1
D:\08_Dataset\Internal\mar2020\pickle_files\48ba9c322e9e04b4c96f8e918625a01128f4db7c.pkl,1
D:\08_Dataset\Internal\mar2020\pickle_files\ece4baad476e08518368381a611a9cb6df7395b5.pkl,1
D:\08_Dataset\Internal\mar2020\pickle_files\a9870adec82ad489cf41f5343745701dd72e3eb0.pkl,1
D:\08_Dataset\Internal\mar2020\pickle_files\792c8b957d862debf41c708c3d188e43f858a702.pkl,1
D:\08_Dataset\Internal\mar2020\pickle_files\2a2924bac93673f10d2080b7d74a8b9390da2cf7.pkl,1
D:\08_Dataset\Internal\mar2020\pickle_files\5f685c6da1b5d399ae220ac428802953fd80b07a.pkl,1
D:\08_Dataset\Internal\mar2020\pickle_files\585f5409d82552900c5f3f4187210b880450f45b.pkl,1
D:\08_Dataset\Internal\mar2020\pickle_files\fbeb4c80e437c6386ee00e698c01e8e53d14ec8e.pkl,1
D:\08_Dataset\Internal\mar2020\pickle_files\d31a3d0e0a2df4d1e15fdd2aa829ae59dc5a8912.pkl,1
D:\08_Dataset\Internal\mar2020\pickle_files\26736f051437605726f76d4a267e58612362bce3.pkl,1
D:\08_Dataset\Internal\mar2020\pickle_files\dca51e9314ab409fe554bde0b7c29b0e68c26111.pkl,1
D:\08_Dataset\Internal\mar2020\pickle_files\0a859ce535a1a5b4ddb684d0442ed0ec5b8ed6f9.pkl,1
D:\08_Dataset\Internal\mar2020\pickle_files\3762d9ca9dba49548a6f6d2a82d2a4657d17f100.pkl,1
D:\08_Dataset\Internal\mar2020\pickle_files\45af314b4db4a6e3343950a0f7d66db0c56ad4d8.pkl,1
D:\08_Dataset\Internal\mar2020\pickle_files\182d6dd39a086fc0575602464ed8266168e8fa1a.pkl,1
D:\08_Dataset\Internal\mar2020\pickle_files\dd5fe1db05bf5a0195cd6ab954b789d4ad031b86.pkl,1
D:\08_Dataset\Internal\mar2020\pickle_files\b463560f9f1cf28be5198a211ff17c595aaf2872.pkl,1
D:\08_Dataset\Internal\mar2020\pickle_files\ebdbc597fefc7302f794c61156b27e5c2628e0e3.pkl,1
D:\08_Dataset\Internal\mar2020\pickle_files\b0d7fa8ef8285a4efcbbcfda3eac9478abb1b703.pkl,1
D:\08_Dataset\Internal\mar2020\pickle_files\fe996c6717742b753efc6addc2c072748ff69559.pkl,1
D:\08_Dataset\Internal\mar2020\pickle_files\b7cd8bd86e16ea75c136b01bd3bf934c25db14e3.pkl,1
D:\08_Dataset\Internal\mar2020\pickle_files\2e2872b168a47b9c65040d87ef171165604344b3.pkl,1
D:\08_Dataset\Internal\mar2020\pickle_files\7bc9b3c3b6f494fe6ca825e243f8f8fe4443b1ba.pkl,1
D:\08_Dataset\Internal\mar2020\pickle_files\f67b9b3f1ee9cc00ff5fe3e9a83397265ece2f29.pkl,1
D:\08_Dataset\Internal\mar2020\pickle_files\ca6d7d146dd5ad4028d66a63592a0f25978596c0.pkl,1
D:\08_Dataset\Internal\mar2020\pickle_files\704375675ffaf98c8045863c5bd3b42274775483.pkl,1
D:\08_Dataset\Internal\mar2020\pickle_files\c7a89d1d709b61d6c40d3b7eee962ae0a15e15f0.pkl,1
D:\08_Dataset\Internal\mar2020\pickle_files\0b32fb100dd6ee94778aa615c52c7dbde7271841.pkl,1
D:\08_Dataset\Internal\mar2020\pickle_files\06284f324f72e02852e7e4728676300b352f5aab.pkl,1
D:\08_Dataset\Internal\mar2020\pickle_files\e7433b3dce3784ed433c4740563c12d9a4676de9.pkl,1
D:\08_Dataset\Internal\mar2020\pickle_files\c39c279a0b982abccb9af0c2a6e8dd9d76ce38c6.pkl,1
D:\08_Dataset\Internal\mar2020\pickle_files\4e8f7a8cc5715babfa5a9c9f263c17a6b6585cdd.pkl,1
D:\08_Dataset\Internal\mar2020\pickle_files\825013def3ac750de206ab54bf567d24455134cf.pkl,1
D:\08_Dataset\Internal\mar2020\pickle_files\4170ae77514a7d92de5940f18131f5ec00bef516.pkl,1
D:\08_Dataset\Internal\mar2020\pickle_files\2550178d84c39cca657a1cec606b49a18242aec8.pkl,1
D:\08_Dataset\Internal\mar2020\pickle_files\2db79d1a8f0d1a9a0b48d7793156cccd89f0db68.pkl,1
D:\08_Dataset\Internal\mar2020\pickle_files\01a38e7c66549e418c162155e820e45fcaebd100.pkl,1
D:\08_Dataset\Internal\mar2020\pickle_files\433c3cd180e3f424235b9d99d88051b6877bba68.pkl,1
D:\08_Dataset\Internal\mar2020\pickle_files\6d5183f0ee1fc3e1b09ab0a1d861b59b264e4990.pkl,1
D:\08_Dataset\Internal\mar2020\pickle_files\0a2f995990a90d8e32e9b797eb624e8cf07c2864.pkl,1
D:\08_Dataset\Internal\mar2020\pickle_files\acae869859f0b6a9ed1b34a1afe7342933cd7391.pkl,1
D:\08_Dataset\Internal\mar2020\pickle_files\3c4d773b5036735065af7711dd9cda7d27750752.pkl,1
D:\08_Dataset\Internal\mar2020\pickle_files\9a9d7b4a2246e54b2f4812ebb16fce80cac7409c.pkl,1
D:\08_Dataset\Internal\mar2020\pickle_files\c784edfd155378170b6de10dd97a893df1aa0d08.pkl,1
D:\08_Dataset\Internal\mar2020\pickle_files\a9671b1456b2b09a020d1dc9196e5bc463447eb0.pkl,1
D:\08_Dataset\Internal\mar2020\pickle_files\04ce0eb9a571722b3b1c9b4d4f9bda56eb173e6b.pkl,1
D:\08_Dataset\Internal\mar2020\pickle_files\9aa6003a9db84859e3cb3c0b189a9dd54de97aca.pkl,1
D:\08_Dataset\Internal\mar2020\pickle_files\5ed2bc562dc30f2e100da2a037b9eb05192654da.pkl,1
D:\08_Dataset\Internal\mar2020\pickle_files\4f4ebd585ecc53d51306a3cbfbf5a94a9599798f.pkl,1
D:\08_Dataset\Internal\mar2020\pickle_files\d78ea04c87d257d45df6888b02a435796d149137.pkl,1
D:\08_Dataset\Internal\mar2020\pickle_files\4ef38b51acbe1d2505f299a9d030b73b6a0649c7.pkl,1
D:\08_Dataset\Internal\mar2020\pickle_files\bd4c3f372c4800e032485a2fa33f5e2294634f6e.pkl,1
D:\08_Dataset\Internal\mar2020\pickle_files\668c3c248bb882713bbdbf05059ebd7c410b6ec9.pkl,1
D:\08_Dataset\Internal\mar2020\pickle_files\ed257d82596c3459fa7afff403910efa6a447157.pkl,1
D:\08_Dataset\Internal\mar2020\pickle_files\30b609fabce1d0359b67ab4a8207f7d32ea6ab32.pkl,1
D:\08_Dataset\Internal\mar2020\pickle_files\545fcd472b2c440ee7b607dbf8f0e4c0837665e5.pkl,1
D:\08_Dataset\Internal\mar2020\pickle_files\949d567d67c952aa0794b529efabf046a0bcc849.pkl,1
D:\08_Dataset\Internal\mar2020\pickle_files\31534272c0ec9ec9e6f6e2422e7e9074b681fe7c.pkl,1
D:\08_Dataset\Internal\mar2020\pickle_files\6aaaccdd86d605cc5f5c2b1ee8a63d9d4215ff73.pkl,1
D:\08_Dataset\Internal\mar2020\pickle_files\13be2719948f292bfb18466495f2ca1d9aad0f32.pkl,1
D:\08_Dataset\Internal\mar2020\pickle_files\fb62d176f213816e65447843bdf131accb02acfe.pkl,1
D:\08_Dataset\Internal\mar2020\pickle_files\688aeccdfc98f6bd64f33fdc6668c1deb392e860.pkl,1
D:\08_Dataset\Internal\mar2020\pickle_files\e2d1a20368aeed2a670a52506674cd79ab8b9817.pkl,1
D:\08_Dataset\Internal\mar2020\pickle_files\3f5c2d6616fe173becbc0b3511c1bca06b55d5e0.pkl,1
D:\08_Dataset\Internal\mar2020\pickle_files\2e0d8d138e3764c11ce3514df9317c2e7940fc27.pkl,1
D:\08_Dataset\Internal\mar2020\pickle_files\5a4e96804d380379744af989af7142ba3a1b4c6f.pkl,1
D:\08_Dataset\Internal\mar2020\pickle_files\10f99683d37d9af8cafe5f45b00d500961fe5ba1.pkl,1
D:\08_Dataset\Internal\mar2020\pickle_files\6ac0e513fad70048e9e46567433e9c1476947f56.pkl,1
D:\08_Dataset\Internal\mar2020\pickle_files\1d53d19d2b29d371698ff72664d94d0fcfd82047.pkl,1
D:\08_Dataset\Internal\mar2020\pickle_files\c63cdb7a064da65c9d3f62f2d99b874f01b40fe2.pkl,1
D:\08_Dataset\Internal\mar2020\pickle_files\487882bf15f61177bd726cc518adc2cc62f1e018.pkl,1
D:\08_Dataset\Internal\mar2020\pickle_files\7df0231080fdf74d1594210cd9fee62ae140b742.pkl,1
D:\08_Dataset\Internal\mar2020\pickle_files\6dc0e2ed68dbadd854f9ca8ce5c2ed04846e86db.pkl,1
D:\08_Dataset\Internal\mar2020\pickle_files\6628ac9a8f5b0435e5ed344b2f6425e448ee5fca.pkl,1
D:\08_Dataset\Internal\mar2020\pickle_files\2a94c1f4997b9595c56df4ea8936b8a681dc25ff.pkl,1
D:\08_Dataset\Internal\mar2020\pickle_files\add6080306ad840ebde90c10bbca69e6d8db0f5d.pkl,1
D:\08_Dataset\Internal\mar2020\pickle_files\b42b39e2cc88fa3f5021a847ec4dc9bb76592689.pkl,1
D:\08_Dataset\Internal\mar2020\pickle_files\62e596e58dfca20024f2ef23d289d8c82984c9ae.pkl,1
D:\08_Dataset\Internal\mar2020\pickle_files\d7dece4d898febdc8dec9373ea1f7267ef2259f8.pkl,1
D:\08_Dataset\Internal\mar2020\pickle_files\da5d228cfa9cc50e7aa7a6cefddd6e08c036a68f.pkl,1
D:\08_Dataset\Internal\mar2020\pickle_files\e2fc747498e58d753a8474080efb940e514f99b3.pkl,1
D:\08_Dataset\Internal\mar2020\pickle_files\a5ae632c85f931a0da45d152f17eb668dd6e3173.pkl,1
D:\08_Dataset\Internal\mar2020\pickle_files\65d1b4db08e100612cf594b2abe3255e5bb95d52.pkl,1
D:\08_Dataset\Internal\mar2020\pickle_files\a5319f921f45df01666b79e45b3a136b901bd07c.pkl,1
D:\08_Dataset\Internal\mar2020\pickle_files\d4b9a1213a5aab29b43a28ef3a21a7df49fcbd89.pkl,1
D:\08_Dataset\Internal\mar2020\pickle_files\428c73c94794b1e0f2ad82fb01d4f874c410a562.pkl,1
D:\08_Dataset\Internal\mar2020\pickle_files\bde7ba41daec1416306b5de349f41dce8b388f86.pkl,1
D:\08_Dataset\Internal\mar2020\pickle_files\b64c219185838c1c83c059b39cb1ab9ebb9c80d1.pkl,1
D:\08_Dataset\Internal\mar2020\pickle_files\b4c703167caf61f3094fc9a0d205fac71c3e7930.pkl,1
D:\08_Dataset\Internal\mar2020\pickle_files\10f09613e937d889d334b928f67db641f8daeb8f.pkl,1
D:\08_Dataset\Internal\mar2020\pickle_files\aa50b3cb0fd59a62bbaaaa80e457d620ff63504e.pkl,1
D:\08_Dataset\Internal\mar2020\pickle_files\98056b46c84a935fda376e9381a0dc3d6d0a0976.pkl,1
D:\08_Dataset\Internal\mar2020\pickle_files\7eda8605f7edd747429dd1ed1880400530f0fc46.pkl,1
D:\08_Dataset\Internal\mar2020\pickle_files\db2ccf001c0e405c86512ac2f4f127bd586cbbe0.pkl,1
D:\08_Dataset\Internal\mar2020\pickle_files\fe9c6a956a082fc2a525f4f22f6130cee835c7ac.pkl,1
D:\08_Dataset\Internal\mar2020\pickle_files\1e0a259dde97404e4baca6b24c1edd2d6a907afc.pkl,1
D:\08_Dataset\Internal\mar2020\pickle_files\d914f7dfb5b3e8bb98f99f6ea6e3f0a995070b2f.pkl,1
D:\08_Dataset\Internal\mar2020\pickle_files\861579d037fd20430ae808125fa640eb3b039ba1.pkl,1
D:\08_Dataset\Internal\mar2020\pickle_files\a220dd3edf2887ecdfe25afa231998b6017830e9.pkl,1
D:\08_Dataset\Internal\mar2020\pickle_files\cb4fa8d3a4401b952304664c2c43c12da61b12fd.pkl,1
D:\08_Dataset\Internal\mar2020\pickle_files\e095d3b2253d1c32947c57a0b74f72c4c3b5da76.pkl,1
D:\08_Dataset\Internal\mar2020\pickle_files\7070b339ac6a1e660970a391e050bd072b287768.pkl,1
D:\08_Dataset\Internal\mar2020\pickle_files\56bc489ce91f6ae3dfb14f451601ba3be5f33fff.pkl,1
D:\08_Dataset\Internal\mar2020\pickle_files\db4df7065fa355def406eafe1889e0179abe4e4c.pkl,1
D:\08_Dataset\Internal\mar2020\pickle_files\1e6d7de265380614d5690f4cba42fcdcf0955e7e.pkl,1
D:\08_Dataset\Internal\mar2020\pickle_files\a385d5adf9da2741917d1795fb240f81a857b91c.pkl,1
D:\08_Dataset\Internal\mar2020\pickle_files\c1a01eb1d119bfefe5a846b8db56888d921bbe7d.pkl,1
D:\08_Dataset\Internal\mar2020\pickle_files\35ffd02e1822054b8c4288cb18fe41994a0ab33e.pkl,1
D:\08_Dataset\Internal\mar2020\pickle_files\a34ced0230f48a296fc6d880be6a9e0f4546a78d.pkl,1
D:\08_Dataset\Internal\mar2020\pickle_files\9dd3dae60e60919342f02ef6e3c367ebd5832d8a.pkl,1
D:\08_Dataset\Internal\mar2020\pickle_files\89864a418fbee3a9fe15ae0afd57d3fe1ae59209.pkl,1
D:\08_Dataset\Internal\mar2020\pickle_files\855d7479562cc486ecfab45db6b9ef0ee79014c1.pkl,1
D:\08_Dataset\Internal\mar2020\pickle_files\eb89e5eee3a9a7808ab0293266390df26dd36347.pkl,1
D:\08_Dataset\Internal\mar2020\pickle_files\55f1be3f9254cf0d17f0ff6abf1428bfe376d318.pkl,1
D:\08_Dataset\Internal\mar2020\pickle_files\c0ef59802ccfde9cbee9fdd3728c0ab34d3715fe.pkl,1
D:\08_Dataset\Internal\mar2020\pickle_files\1f5d36628afbf41c556f150c25b76b61ed4a12e9.pkl,1
D:\08_Dataset\Internal\mar2020\pickle_files\b41b03577eb6261db7c3358651c407e7cc995808.pkl,1
D:\08_Dataset\Internal\mar2020\pickle_files\861f5a2fd9d5fff2b3990ab7c6ff0c90c449715c.pkl,1
D:\08_Dataset\Internal\mar2020\pickle_files\b6d97aa5b52375c12203e9bc44255ed0e74d806e.pkl,1
D:\08_Dataset\Internal\mar2020\pickle_files\a00143ac7e76b1d6b2efeee78a9fd9dce6c01d26.pkl,1
D:\08_Dataset\Internal\mar2020\pickle_files\5102af02d238c722d53dc6fce7b9009c687bcf46.pkl,1
D:\08_Dataset\Internal\mar2020\pickle_files\7ca439ca52b4307eb0440dd29909f0bde90fa5d1.pkl,1
D:\08_Dataset\Internal\mar2020\pickle_files\79096261c493abe6ac93927da4859ce3cddbb02e.pkl,1
D:\08_Dataset\Internal\mar2020\pickle_files\2dc68eef6d560d972b9005fafab003c53a851a1e.pkl,1
D:\08_Dataset\Internal\mar2020\pickle_files\416d80f6beb112b917e3559f9b42090c845e3314.pkl,1
D:\08_Dataset\Internal\mar2020\pickle_files\64d09e93aab36a0ff07425ad8c1803f2b5c77d7d.pkl,1
D:\08_Dataset\Internal\mar2020\pickle_files\5dfef4e52c0e014c047f140f04ecb11cb44a6e34.pkl,1
D:\08_Dataset\Internal\mar2020\pickle_files\dd12deb8d7cc45823c2a7bfd1d13da1702fd6360.pkl,1
D:\08_Dataset\Internal\mar2020\pickle_files\800ffeef0cdf33c0c5e399f305c7f5f79d363f9e.pkl,1
D:\08_Dataset\Internal\mar2020\pickle_files\404187496d07e215d9d74b7493f39622e7fb910c.pkl,1
D:\08_Dataset\Internal\mar2020\pickle_files\72c1da76fbb43ec8aa1d05ababe333f61e6eaa7a.pkl,1
D:\08_Dataset\Internal\mar2020\pickle_files\2b33780a9a1356bcb29294b4338c8c8fbb61c956.pkl,1
D:\08_Dataset\Internal\mar2020\pickle_files\6c9273043a12b94845f79058fd3cdaa9023af821.pkl,1
D:\08_Dataset\Internal\mar2020\pickle_files\3399baeb943ce784bfe7406def7726686b018486.pkl,1
D:\08_Dataset\Internal\mar2020\pickle_files\17f07debf7600337f5e72d019c3f0a88d2efebdf.pkl,1
D:\08_Dataset\Internal\mar2020\pickle_files\03d8d1e18f6675d4b3c50d90430228973df01aac.pkl,1
D:\08_Dataset\Internal\mar2020\pickle_files\5ab7001178b9ee7ab341817733c5d7523704d15a.pkl,1
D:\08_Dataset\Internal\mar2020\pickle_files\071f7466c48aa1a16c95239d82f5279e1474e63a.pkl,1
D:\08_Dataset\Internal\mar2020\pickle_files\e90ad79ea7c10131298e7fd47b511cddab0640da.pkl,1
D:\08_Dataset\Internal\mar2020\pickle_files\661d477a8e80f93aaaa9e57426d7fcec482e7a85.pkl,1
D:\08_Dataset\Internal\mar2020\pickle_files\89b76e6eeed3b7c50446f497acce7c582396734a.pkl,1
D:\08_Dataset\Internal\mar2020\pickle_files\3faa72de7d36617d41813fd8da83c963cd04f763.pkl,1
D:\08_Dataset\Internal\mar2020\pickle_files\4a702a44abc28901174f681669e6de48cd03e266.pkl,1
D:\08_Dataset\Internal\mar2020\pickle_files\244eed1ac05fc51d60da181d670b65d972d30dc4.pkl,1
D:\08_Dataset\Internal\mar2020\pickle_files\0f4f2e3630d9e305756185e30129678a45d8d32b.pkl,1
D:\08_Dataset\Internal\mar2020\pickle_files\a9d2534802d346a86c5b72ad7dfc60c539fbf878.pkl,1
D:\08_Dataset\Internal\mar2020\pickle_files\cc74d015f5dc5f1034ac43bd401995505eb4d93a.pkl,1
D:\08_Dataset\Internal\mar2020\pickle_files\a23b8d63d9da716cfc7881bac3e0ebeae3d7ee69.pkl,1
D:\08_Dataset\Internal\mar2020\pickle_files\34aa04859477507fc3a6e11d1845d7cb54e4dc49.pkl,1
D:\08_Dataset\Internal\mar2020\pickle_files\8893c9117ff4e46a14ba972ffd30e25c359dd1b4.pkl,1
D:\08_Dataset\Internal\mar2020\pickle_files\ba42df26dc60dc4e91f06d3f061e75132510bcf3.pkl,1
D:\08_Dataset\Internal\mar2020\pickle_files\a5e34c2478b92d99dc2991235ac99806f3e37b9d.pkl,1
D:\08_Dataset\Internal\mar2020\pickle_files\9f4beb1384d667033a9e8bf9e6cc7da16188a28d.pkl,1
D:\08_Dataset\Internal\mar2020\pickle_files\92f9a6ba75dc52fb68ee0c9739d31f3d5586ede9.pkl,1
D:\08_Dataset\Internal\mar2020\pickle_files\9275aa7baa8384309c54305b31fe2565ddaa18f0.pkl,1
D:\08_Dataset\Internal\mar2020\pickle_files\5a12b1ccea443fa6a5428b7f703385987264b384.pkl,1
D:\08_Dataset\Internal\mar2020\pickle_files\04cc700ce82bbeebda9f8dfbea93279d8becf060.pkl,1
D:\08_Dataset\Internal\mar2020\pickle_files\891e0470269d0ce8e372ca43b0e88ff26381e8de.pkl,1
D:\08_Dataset\Internal\mar2020\pickle_files\28b20523c4702a70ca026fd6a795ced4edc7c095.pkl,1
D:\08_Dataset\Internal\mar2020\pickle_files\93fd4846062725ede05c894a1520e06f6243ae79.pkl,1
D:\08_Dataset\Internal\mar2020\pickle_files\76b6131f30094fe34201cb5791eba7fdafa3385a.pkl,1
D:\08_Dataset\Internal\mar2020\pickle_files\9cedb00762f235be9407d34ca05dc46357fcee90.pkl,1
D:\08_Dataset\Internal\mar2020\pickle_files\0a4e9316488daf18fa02435e409139f4cc503083.pkl,1
D:\08_Dataset\Internal\mar2020\pickle_files\c4dcf98a654ad9d5675994fb1d82d48e4084b203.pkl,1
D:\08_Dataset\Internal\mar2020\pickle_files\46ceb5cdcdafc63e2963bccc61e2b97b20821f2c.pkl,1
D:\08_Dataset\Internal\mar2020\pickle_files\6a82e0a064d8ade67c7fa18dfb04cb4c7c5b892e.pkl,1
D:\08_Dataset\Internal\mar2020\pickle_files\0fa22880e715c4f9d5124f0f7147626a80b9fc0d.pkl,1
D:\08_Dataset\Internal\mar2020\pickle_files\fb0bea51f2d9f94a3b538d403d3454105f084575.pkl,1
D:\08_Dataset\Internal\mar2020\pickle_files\2c8496ec78e73909a18b75573b4052b19a7bb399.pkl,1
D:\08_Dataset\Internal\mar2020\pickle_files\e1ab1c524e8cf091381c825f7cafad8d81c23637.pkl,1
D:\08_Dataset\Internal\mar2020\pickle_files\0aa2f85df19f26f0af38cfff2e0270410d3fa47c.pkl,1
D:\08_Dataset\Internal\mar2020\pickle_files\f24c9ba1fe63446688dcacfad25f45fc7ada74cc.pkl,1
D:\08_Dataset\Internal\mar2020\pickle_files\46122ce5603d0ffdc2d39c6a4d17ba970cc30e73.pkl,1
D:\08_Dataset\Internal\mar2020\pickle_files\0bb3c88328ae6205957148902fa7ff1f38c6c7a4.pkl,1
D:\08_Dataset\Internal\mar2020\pickle_files\ba86d6eae4c015a3a7c603704b4b87a21b4dd3e8.pkl,1
D:\08_Dataset\Internal\mar2020\pickle_files\00408c966276edad66502751244c639bc4197bd0.pkl,1
D:\08_Dataset\Internal\mar2020\pickle_files\b472bde39a03405e2022b5a76d91d13d955185c9.pkl,1
D:\08_Dataset\Internal\mar2020\pickle_files\aed455392d2d3cdeac68c62561cb6b9c1b209c20.pkl,1
D:\08_Dataset\Internal\mar2020\pickle_files\56d6588880517b2eb7922f238089a36c82d1da4e.pkl,1
D:\08_Dataset\Internal\mar2020\pickle_files\640adf250c8eefecefc77409688e1bd5b0cae656.pkl,1
D:\08_Dataset\Internal\mar2020\pickle_files\d3c61609c0fd613738119d70d9e4890a377db1df.pkl,1
D:\08_Dataset\Internal\mar2020\pickle_files\9e5782b4578d7cbda4ff88954d13492ecbf1baea.pkl,1
D:\08_Dataset\Internal\mar2020\pickle_files\e70c73fccbde91e010d2eb02bca7c9b0ae3b0309.pkl,1
D:\08_Dataset\Internal\mar2020\pickle_files\7463076be1fbbdb352195a974f1e65d3428b5af1.pkl,1
D:\08_Dataset\Internal\mar2020\pickle_files\808ab53badc586a3ed12541487e6734dd0ae5bc6.pkl,1
D:\08_Dataset\Internal\mar2020\pickle_files\730127210ab890df1b04538c8eac967e9d132eb2.pkl,1
D:\08_Dataset\Internal\mar2020\pickle_files\e7acdaf9833d0c13d224c63d0c88658e87f0ff9a.pkl,1
D:\08_Dataset\Internal\mar2020\pickle_files\2daaec57959810870e1a1180ef4d5104fe22ea85.pkl,1
D:\08_Dataset\Internal\mar2020\pickle_files\e1aaafc205d3aa55f356466aebc5cca76fc7a6b3.pkl,1
D:\08_Dataset\Internal\mar2020\pickle_files\e4c52a6cfd5f4d5aabc20d88fcf8d694d3dc6887.pkl,1
D:\08_Dataset\Internal\mar2020\pickle_files\bbcfb514c739d25a8af647ffb56e5595b0ab72b8.pkl,1
D:\08_Dataset\Internal\mar2020\pickle_files\b0ac2e11b473c51021f9cc3080dffc8c1b51cfed.pkl,1
D:\08_Dataset\Internal\mar2020\pickle_files\d19f2ead7a3354eb97fb5f48a6d9f32b3575d8ef.pkl,1
D:\08_Dataset\Internal\mar2020\pickle_files\50a65c97713ed327a17e992389b300a3e57bba96.pkl,1
D:\08_Dataset\Internal\mar2020\pickle_files\e187d3251a053a63d44389a8e69d218bb01c96ab.pkl,1
D:\08_Dataset\Internal\mar2020\pickle_files\dfb77c29bc0437136db2295011aa3fd5a7f73a52.pkl,1
D:\08_Dataset\Internal\mar2020\pickle_files\aa2ba1ff5de8c9a062549895801db22cc5f0cbd7.pkl,1
D:\08_Dataset\Internal\mar2020\pickle_files\e94c15d78f87061db2050d7b3dd10a2b496d6081.pkl,1
D:\08_Dataset\Internal\mar2020\pickle_files\1a42c0ebf7778330242630448f7896fa965965c8.pkl,1
D:\08_Dataset\Internal\mar2020\pickle_files\bbd934568efb84fe4df20ba12b194a4e187e9233.pkl,1
D:\08_Dataset\Internal\mar2020\pickle_files\b3738ee5e2f41e62c1a05c43be56c8805156b82b.pkl,1
D:\08_Dataset\Internal\mar2020\pickle_files\68b58a0c709b802b674b138b1d84bb27d2766108.pkl,1
D:\08_Dataset\Internal\mar2020\pickle_files\da68e4bf8d62358897b6143feb64bc7e5d20a2af.pkl,1
D:\08_Dataset\Internal\mar2020\pickle_files\a7dc86e5046f963574ca389dce84d34358470bce.pkl,1
D:\08_Dataset\Internal\mar2020\pickle_files\45ad2499a53ad44f11bda216049e63ea2c15e134.pkl,1
D:\08_Dataset\Internal\mar2020\pickle_files\f2329e72819d1efbcce5c4b688bd35faf43351db.pkl,1
D:\08_Dataset\Internal\mar2020\pickle_files\d0c16dfeb18b1d458ecece99a859eddfa9362879.pkl,1
D:\08_Dataset\Internal\mar2020\pickle_files\7383c754636af78b59891f21d3a351a6e6160fe2.pkl,1
D:\08_Dataset\Internal\mar2020\pickle_files\de64e8688122afad94a03de1b147b67b681afa67.pkl,1
D:\08_Dataset\Internal\mar2020\pickle_files\8c8aed8770c082bb22448a6a2978d10249bb7736.pkl,1
D:\08_Dataset\Internal\mar2020\pickle_files\66a090f3b9d6778d6a63dbe4b4cf5a6d1cb706f7.pkl,1
D:\08_Dataset\Internal\mar2020\pickle_files\92c66c2a9b6557372f02f61f312954d0c4584f83.pkl,1
D:\08_Dataset\Internal\mar2020\pickle_files\ef5dfbda254e57775d7907a0038d6981a5dc06dd.pkl,1
D:\08_Dataset\Internal\mar2020\pickle_files\ff01443fda52dadcbc0841904d618a443a0669a8.pkl,1
D:\08_Dataset\Internal\mar2020\pickle_files\5a8512fbdcaf075e98f39e0299b74108d4574971.pkl,1
D:\08_Dataset\Internal\mar2020\pickle_files\dc96b65d66999eba822b527d357a6773950ee536.pkl,1
D:\08_Dataset\Internal\mar2020\pickle_files\218e33ce8a308b4e988444675f9141984a69cbcf.pkl,1
D:\08_Dataset\Internal\mar2020\pickle_files\017f8953d83bbc9c90a73ec8bc0fbd738a1a7192.pkl,1
D:\08_Dataset\Internal\mar2020\pickle_files\eb855f52ac23727489b88ceb5568815bbcd76753.pkl,1
D:\08_Dataset\Internal\mar2020\pickle_files\0800e39b5ed573d6af5b74c76b9d1c300e5364a5.pkl,1
D:\08_Dataset\Internal\mar2020\pickle_files\ba6ca0edf0afdf0376df1c61586fc43ca2a7e2ca.pkl,1
D:\08_Dataset\Internal\mar2020\pickle_files\34aa0af7d1011facfd25ea39e06adcbdc6306892.pkl,1
D:\08_Dataset\Internal\mar2020\pickle_files\84c0810d8abc4141b84874487e3649fe8368ac1a.pkl,1
D:\08_Dataset\Internal\mar2020\pickle_files\312e370e9338046996daf9e4900ae9fe36a4325c.pkl,1
D:\08_Dataset\Internal\mar2020\pickle_files\75e01eb81fa7838843f3f3e73be52dd003b406a6.pkl,1
D:\08_Dataset\Internal\mar2020\pickle_files\9f695942ac967ffc23a46b9d56f72d2e335f0f28.pkl,1
D:\08_Dataset\Internal\mar2020\pickle_files\4600dbfeb687b96d243535e9add2f8d19f55781a.pkl,1
D:\08_Dataset\Internal\mar2020\pickle_files\1755089e7c5ac45c300f5b34b5116a081c9ad161.pkl,1
D:\08_Dataset\Internal\mar2020\pickle_files\420f734ab65c02703754e21c7569b13c3022c6a3.pkl,1
D:\08_Dataset\Internal\mar2020\pickle_files\93efa1105975dfd09b22948cd0c5ecdffc85b063.pkl,1
D:\08_Dataset\Internal\mar2020\pickle_files\48ba3db536a2c4472d877e723868bc3284288cd0.pkl,1
D:\08_Dataset\Internal\mar2020\pickle_files\b3f249d002e48fd5e1cfa1d37b03fbe7ce71d224.pkl,1
D:\08_Dataset\Internal\mar2020\pickle_files\b085c3165c29835691acede5bd0867e2918f9c1b.pkl,1
D:\08_Dataset\Internal\mar2020\pickle_files\a35a120734850f15b3271e6cd6be61fdd179978d.pkl,1
D:\08_Dataset\Internal\mar2020\pickle_files\26f9758c24e04458bc9248782e391b90ce9ab68a.pkl,1
D:\08_Dataset\Internal\mar2020\pickle_files\ca64dc8e9f85faf645f0429f6e1b6f03756c32e1.pkl,1
D:\08_Dataset\Internal\mar2020\pickle_files\ebd44edcce4c123bcca86e83424350477d6a60b3.pkl,1
D:\08_Dataset\Internal\mar2020\pickle_files\913f847e93b1ec7fffe8b7e057218360b34b7f7a.pkl,1
D:\08_Dataset\Internal\mar2020\pickle_files\3114a415203c28cf6abcfd84666f99ecb64d5175.pkl,1
D:\08_Dataset\Internal\mar2020\pickle_files\8207b553132f3e27c97d886b64b7a6c163961b44.pkl,1
D:\08_Dataset\Internal\mar2020\pickle_files\d7ef61fdb3deba26c2deb0cb50a68a1a9073f86d.pkl,1
D:\08_Dataset\Internal\mar2020\pickle_files\20ad9ce7b0705202c29b4a934b84081d30abf4f2.pkl,1
D:\08_Dataset\Internal\mar2020\pickle_files\dc36c9a5dabc22cecdb7273974155bf3e98caa7a.pkl,1
D:\08_Dataset\Internal\mar2020\pickle_files\6611d226b8327523ae22a2dfae44444159860295.pkl,1
D:\08_Dataset\Internal\mar2020\pickle_files\bd98dfad49b3d90ef4e87b5ff56ac81c1534bf7a.pkl,1
D:\08_Dataset\Internal\mar2020\pickle_files\205174ecc5ed907abfeab059c197479c02329378.pkl,1
D:\08_Dataset\Internal\mar2020\pickle_files\872892fca51f6fcbb5172a7da9d3451031b5555e.pkl,1
D:\08_Dataset\Internal\mar2020\pickle_files\199f08e1419df64af143917730014c4373929ac2.pkl,1
D:\08_Dataset\Internal\mar2020\pickle_files\7f9333010c90b615de23e894378ff5ef95a4ac5a.pkl,1
D:\08_Dataset\Internal\mar2020\pickle_files\3edf04590d56a8694230b8a2e1ae4ddaba4d2c32.pkl,1
D:\08_Dataset\Internal\mar2020\pickle_files\5457887addc1f17fc29fb1a87442f4eb8a74aaa3.pkl,1
D:\08_Dataset\Internal\mar2020\pickle_files\30b3b815213222adbc2ffa35091346516af12c66.pkl,1
D:\08_Dataset\Internal\mar2020\pickle_files\308fed2c0e713701bd0dea6f5f9f282b4375fa92.pkl,1
D:\08_Dataset\Internal\mar2020\pickle_files\c8399b5a016cb69c863ed0e6dcdd13afa8d20e77.pkl,1
D:\08_Dataset\Internal\mar2020\pickle_files\d46f7c7f922bd81032185435ee98c6950212418e.pkl,1
D:\08_Dataset\Internal\mar2020\pickle_files\4c87ff8fbbe333f0e5de3d268f4f928a8feea032.pkl,1
D:\08_Dataset\Internal\mar2020\pickle_files\6f3a3f3dd7c1221724f9ccfea076066822822cac.pkl,1
D:\08_Dataset\Internal\mar2020\pickle_files\fb34619ae2c736abf05bb57fd6da8bcb56c7f630.pkl,1
D:\08_Dataset\Internal\mar2020\pickle_files\0846be7824693480af49013d018db0808f3eb7ef.pkl,1
D:\08_Dataset\Internal\mar2020\pickle_files\c6ffe6f14cfc0820e6b1c1ed1b0daf3443be05a7.pkl,1
D:\08_Dataset\Internal\mar2020\pickle_files\c5509693a74d38ed6e11777a1e5dbc1b5f2c4ff8.pkl,1
D:\08_Dataset\Internal\mar2020\pickle_files\23f43e867536ac2cd7b132a129e9a26172abf3b8.pkl,1
D:\08_Dataset\Internal\mar2020\pickle_files\98618af085dbf8e42e3b69a6c3147dfc42dd08d4.pkl,1
D:\08_Dataset\Internal\mar2020\pickle_files\3edee570a3b4b477a3c27eb7d9e8476b39ab5d8f.pkl,1
D:\08_Dataset\Internal\mar2020\pickle_files\ca296e9555d265e20e2d74d63bb37d26efd2c8bf.pkl,1
D:\08_Dataset\Internal\mar2020\pickle_files\4af6e9e2fe60dbc1a9e3432dacd01f903837c6dc.pkl,1
D:\08_Dataset\Internal\mar2020\pickle_files\b661f7e2fa76e2bcaf26a1c9a7cc2956434cc63f.pkl,1
D:\08_Dataset\Internal\mar2020\pickle_files\eff603faa2445f089ac63874d4f6c5c5883c9a89.pkl,1
D:\08_Dataset\Internal\mar2020\pickle_files\e7c7149690a16d680886062b118610d0b7848e58.pkl,1
D:\08_Dataset\Internal\mar2020\pickle_files\c959901048febdd639ff8d2384d3cb2bc588b0ab.pkl,1
D:\08_Dataset\Internal\mar2020\pickle_files\5c1048e7f3e68aa6ea3130fbfaa5849ebaf50096.pkl,1
D:\08_Dataset\Internal\mar2020\pickle_files\1cecd0e6408781e10ee4307bbf337ad72f6ead2d.pkl,1
D:\08_Dataset\Internal\mar2020\pickle_files\d6b964d84aac400cf643825e245e62e11cf8c669.pkl,1
D:\08_Dataset\Internal\mar2020\pickle_files\c97009715d800f66a50831e337fe2c1676d1c6d6.pkl,1
D:\08_Dataset\Internal\mar2020\pickle_files\0ab6e3531d29d4375a4bdb671ce43ce64e580209.pkl,1
D:\08_Dataset\Internal\mar2020\pickle_files\0499371c9067d955f2064247a35556947a2337cf.pkl,1
D:\08_Dataset\Internal\mar2020\pickle_files\809a0308272a386805d17e27117e4feaed94dca1.pkl,1
D:\08_Dataset\Internal\mar2020\pickle_files\b3b875a92bf181c4132d1b9f5f83d3a6c03f5058.pkl,1
D:\08_Dataset\Internal\mar2020\pickle_files\e1c409c64851cc46b46596b448f651a7cd793262.pkl,1
D:\08_Dataset\Internal\mar2020\pickle_files\e39231401d184d821072ce98ead794dbb7e90fb5.pkl,1
D:\08_Dataset\Internal\mar2020\pickle_files\5d6e624c472153ee1cf7bfe55335d0f72060b1f6.pkl,1
D:\08_Dataset\Internal\mar2020\pickle_files\d7a0f016bc759c971cecf4ab527a6503ba4ee73a.pkl,1
D:\08_Dataset\Internal\mar2020\pickle_files\d3456fcd5545d13d752df100068b35b8fef73bc2.pkl,1
D:\08_Dataset\Internal\mar2020\pickle_files\bfc09a853f0e72c779c854228aac2effedd4298a.pkl,1
D:\08_Dataset\Internal\mar2020\pickle_files\43442c1f8a459bff990dd111f902441620a2b0dd.pkl,1
D:\08_Dataset\Internal\mar2020\pickle_files\0fbb56269635681d22c2d06105b979c67e04fe44.pkl,1
D:\08_Dataset\Internal\mar2020\pickle_files\e44e5574e7da01508a51083c4204fec4d9b9bdac.pkl,1
D:\08_Dataset\Internal\mar2020\pickle_files\c91ec3fcb5eab680efbeb8f35ccb85b81ffaed08.pkl,1
D:\08_Dataset\Internal\mar2020\pickle_files\ea361a201aeaee198e693e15e6213e020fd4b5c7.pkl,1
D:\08_Dataset\Internal\mar2020\pickle_files\839eee617bbabd0f45cbae1d8dc72c8dc696bc3b.pkl,1
D:\08_Dataset\Internal\mar2020\pickle_files\64f3a88f4e57a3fe2e15c8e49237d3afcbe9b063.pkl,1
D:\08_Dataset\Internal\mar2020\pickle_files\0571283b5d385c7c4f30eb187b6f74c98b96355b.pkl,1
D:\08_Dataset\Internal\mar2020\pickle_files\2d04d6148e48f6b435772571310d21fe3c2880d4.pkl,1
D:\08_Dataset\Internal\mar2020\pickle_files\5071294b95c52d83c9011f0773526f490d851cb2.pkl,1
D:\08_Dataset\Internal\mar2020\pickle_files\c93c9758fb77be4c6bc7b653d4f6107566b21720.pkl,1
D:\08_Dataset\Internal\mar2020\pickle_files\b48005df19ba9e5f737c05a4001e6216b5aae522.pkl,1
D:\08_Dataset\Internal\mar2020\pickle_files\8c9a4199a1282998fcead1db669286d6e7855d2f.pkl,1
D:\08_Dataset\Internal\mar2020\pickle_files\179b29572ff0112fdf46424a7ea0ebd453b8757e.pkl,1
D:\08_Dataset\Internal\mar2020\pickle_files\3075e39aca2612d31e91385c66328b77cd3cff74.pkl,1
D:\08_Dataset\Internal\mar2020\pickle_files\0b76249eaf16e582bd954a6a393e79b3838095ea.pkl,1
D:\08_Dataset\Internal\mar2020\pickle_files\7a42a759ba2bcc52d6b19dee7d446906a45cbb68.pkl,1
D:\08_Dataset\Internal\mar2020\pickle_files\69b658f5b25da2c7f3761f54afc86c55316151e7.pkl,1
D:\08_Dataset\Internal\mar2020\pickle_files\764c2cbbd9a99bc5a782ae177e0b307533ae4e6d.pkl,1
D:\08_Dataset\Internal\mar2020\pickle_files\f5f35218a1439c202b47f550dc53b3f66c281d4c.pkl,1
D:\08_Dataset\Internal\mar2020\pickle_files\bff3cc19b5800a8176ae2bc742e57436dfaff3ce.pkl,1
D:\08_Dataset\Internal\mar2020\pickle_files\cc07ce7097dcd9997041212737aabf8113114313.pkl,1
D:\08_Dataset\Internal\mar2020\pickle_files\22f16bd0b9b9fbabbb9125778cfb6fbd4df65aba.pkl,1
D:\08_Dataset\Internal\mar2020\pickle_files\62193449f903ba143c6bd75aea94428a3febb199.pkl,1
D:\08_Dataset\Internal\mar2020\pickle_files\7a646c8a2ea50913cce37ed6cafb060125271d72.pkl,1
D:\08_Dataset\Internal\mar2020\pickle_files\101108d0499e3515ee3ae2ba0cd8e231acecb435.pkl,1
D:\08_Dataset\Internal\mar2020\pickle_files\9b869015d57e3be501b739f499d56efcfc204980.pkl,1
D:\08_Dataset\Internal\mar2020\pickle_files\03ee1778a52a0285e30dfda5709831a3d04f85d8.pkl,1
D:\08_Dataset\Internal\mar2020\pickle_files\e9e12ffd776601017b6ea3586f41e82d56dd5dc5.pkl,1
D:\08_Dataset\Internal\mar2020\pickle_files\a261b02f9df95ebd23b66752342a63f4490f99d9.pkl,1
D:\08_Dataset\Internal\mar2020\pickle_files\c26be99bc62d668632b4f61a8efb9c179e106797.pkl,1
D:\08_Dataset\Internal\mar2020\pickle_files\4addd7bf2cc73838243d777ad8a276ec07cc8fc5.pkl,1
D:\08_Dataset\Internal\mar2020\pickle_files\82b631fae049a23c6a9e269be8a110c3cdfecc5d.pkl,1
D:\08_Dataset\Internal\mar2020\pickle_files\2d274f1c969c35d2be8d8bc70d4c12821bbcedeb.pkl,1
D:\08_Dataset\Internal\mar2020\pickle_files\95f78310d39381740dfb31eeecc14e3bade38be5.pkl,1
D:\08_Dataset\Internal\mar2020\pickle_files\4f8e741480dd38fe1a15a4b47212eac40c30e8df.pkl,1
D:\08_Dataset\Internal\mar2020\pickle_files\d02669049dc9520a2467ff2d05f01998f51611c1.pkl,1
D:\08_Dataset\Internal\mar2020\pickle_files\f7bfc3cff4f301f34e7077afcc0dc811abf1ed18.pkl,1
D:\08_Dataset\Internal\mar2020\pickle_files\c78a21e682e738df0af3e6be7c4e0fe895c4bfd7.pkl,1
D:\08_Dataset\Internal\mar2020\pickle_files\62d0d79f149cbfb74840d16b97dfca7999b23fab.pkl,1
D:\08_Dataset\Internal\mar2020\pickle_files\33551a9b6b12eac8cedaeac1208572760a806897.pkl,1
D:\08_Dataset\Internal\mar2020\pickle_files\c1254e9d87694f1efb37b630d7730f0de95c97f3.pkl,1
D:\08_Dataset\Internal\mar2020\pickle_files\fa913cb8a5d081c7dca180e8d0eee995d5c5778e.pkl,1
D:\08_Dataset\Internal\mar2020\pickle_files\4081f97adb66e7f84f17d692260ce634afd276c5.pkl,1
D:\08_Dataset\Internal\mar2020\pickle_files\bbcf523730cabb13007f5fe7a5c2c29040dcc0f3.pkl,1
D:\08_Dataset\Internal\mar2020\pickle_files\691d2e101835c1b9b45229cb96e2f21c4ce6face.pkl,1
D:\08_Dataset\Internal\mar2020\pickle_files\2ba581aa3c1284a70eb353792a4f07955624b89b.pkl,1
D:\08_Dataset\Internal\mar2020\pickle_files\250c97b01d367049ffe34e0cb1d80dd244161fc9.pkl,1
D:\08_Dataset\Internal\mar2020\pickle_files\e4ec6e37d5d227f2e3562bbe5043a33dcc932ed9.pkl,1
D:\08_Dataset\Internal\mar2020\pickle_files\608a80f68c043f49a2e6a96be6e2e3eac519c237.pkl,1
D:\08_Dataset\Internal\mar2020\pickle_files\9cc8cdf779bc43f5d5bb1b0c2641026c5997143f.pkl,1
D:\08_Dataset\Internal\mar2020\pickle_files\a70471a33ee279ad239ac9a865be26df043bd2e0.pkl,1
D:\08_Dataset\Internal\mar2020\pickle_files\344927b3c4adf2cd6d9e6b246ba9ca094e0e7f20.pkl,1
D:\08_Dataset\Internal\mar2020\pickle_files\36b72545c5dcf606e9c4c09ff15b81c255f823a3.pkl,1
D:\08_Dataset\Internal\mar2020\pickle_files\49984ca033f8c0d78d8c5a73608777ece54fdbd2.pkl,1
D:\08_Dataset\Internal\mar2020\pickle_files\3aa454574d882f06c5c158a2a979c991f1e20762.pkl,1
D:\08_Dataset\Internal\mar2020\pickle_files\1c61d66a6aca22507a48af85877089cb95afd93e.pkl,1
D:\08_Dataset\Internal\mar2020\pickle_files\b0b356a548c1a05f25fbbde360b14c2c3129c1e8.pkl,1
D:\08_Dataset\Internal\mar2020\pickle_files\13873d5d0314b38d8c5dc9da3724d9afc51ba01c.pkl,1
D:\08_Dataset\Internal\mar2020\pickle_files\4f51f980cb54572e12d1d0c5d6c38dd71f3f191b.pkl,1
D:\08_Dataset\Internal\mar2020\pickle_files\975b91137428717ce85c0783b3e131ad34f3042f.pkl,1
D:\08_Dataset\Internal\mar2020\pickle_files\b9ede902cbea33ba2cc8dc007c7d15967cc54fda.pkl,1
D:\08_Dataset\Internal\mar2020\pickle_files\0b7f485aa797b5bc1d9a0943acbfdcccd3373847.pkl,1
D:\08_Dataset\Internal\mar2020\pickle_files\dd1bc1e2d454645749d989a63959d2f4cf0138b4.pkl,1
D:\08_Dataset\Internal\mar2020\pickle_files\6b3df867fa2bd7bd8c6c173624bba4d4b08de910.pkl,1
D:\08_Dataset\Internal\mar2020\pickle_files\c7dfcef1e50c9e1470695dce444c383c92b5fc31.pkl,1
D:\08_Dataset\Internal\mar2020\pickle_files\762737837e1deebfa09499058e79bff628ad8d0c.pkl,1
D:\08_Dataset\Internal\mar2020\pickle_files\711addeddd65fe71a0aa7acd021c721c28f5a19f.pkl,1
D:\08_Dataset\Internal\mar2020\pickle_files\d0497004842cca49348976251351ac2764b7598d.pkl,1
D:\08_Dataset\Internal\mar2020\pickle_files\580349a16ddfb5be4246b031694ba2f14b244f73.pkl,1
D:\08_Dataset\Internal\mar2020\pickle_files\22f667e866195344a98606e33a119691579da1ca.pkl,1
D:\08_Dataset\Internal\mar2020\pickle_files\daff5986fea6d746bad61e88da3630ba9f93e8ba.pkl,1
D:\08_Dataset\Internal\mar2020\pickle_files\6441985046a408b0d1e4f64a2032fbda82e755aa.pkl,1
D:\08_Dataset\Internal\mar2020\pickle_files\e2e224d0ca0034a03033346aec715eca894c55b6.pkl,1
D:\08_Dataset\Internal\mar2020\pickle_files\542f8bd38c3859de32bdce9bf3cc8e148a9f4cee.pkl,1
D:\08_Dataset\Internal\mar2020\pickle_files\bdeac89f0de7bc9a9251bd2a9ba2b86d18430523.pkl,1
D:\08_Dataset\Internal\mar2020\pickle_files\972cba9183910535b4430524edbe1e8e393bc915.pkl,1
D:\08_Dataset\Internal\mar2020\pickle_files\78a6e76ab32039576b52153b56f2e8bd035222c3.pkl,1
D:\08_Dataset\Internal\mar2020\pickle_files\d068162190df85b9a4477124c4bcdbadac9052ee.pkl,1
D:\08_Dataset\Internal\mar2020\pickle_files\50e601cdb12532587b4bdbc41faec55e9c3089f8.pkl,1
D:\08_Dataset\Internal\mar2020\pickle_files\37cf68e3000d338a81e8ee228dfd54ae07da1774.pkl,1
D:\08_Dataset\Internal\mar2020\pickle_files\b8268445c71a7985fe22658fccd1207a00bcc982.pkl,1
D:\08_Dataset\Internal\mar2020\pickle_files\b8eca80ab5121b7dc3871078176c05eca4bc6062.pkl,1
D:\08_Dataset\Internal\mar2020\pickle_files\913aacffae391e12d845d7627fd03420111f2e9c.pkl,1
D:\08_Dataset\Internal\mar2020\pickle_files\ff5e90d638a4fc8d3530383f5afbb829a16aeb46.pkl,1
D:\08_Dataset\Internal\mar2020\pickle_files\0563789909fbcf0c87afaae912cee3ec46fdf1bf.pkl,1
D:\08_Dataset\Internal\mar2020\pickle_files\8b9f4377fe96d8af6022267b2323e74069008cd1.pkl,1
D:\08_Dataset\Internal\mar2020\pickle_files\004d5593e25b195aec560fbba920373b8e191e43.pkl,1
D:\08_Dataset\Internal\mar2020\pickle_files\2321c2200321019e9fca778bf4c04a8b8293fbda.pkl,1
D:\08_Dataset\Internal\mar2020\pickle_files\94d3fc3ac5a39d8903dac0efb5f7b763515c2beb.pkl,1
D:\08_Dataset\Internal\mar2020\pickle_files\cb4a0225610b5ade643045cea75cadb7c9984456.pkl,1
D:\08_Dataset\Internal\mar2020\pickle_files\3a0bdb799212474f20042983ac5d3ffb3efed087.pkl,1
D:\08_Dataset\Internal\mar2020\pickle_files\a61f3904a71569b0e736c1d976a899e515a2f484.pkl,1
D:\08_Dataset\Internal\mar2020\pickle_files\4212906fad3459f013180451b9e6f37d9e83c69b.pkl,1
D:\08_Dataset\Internal\mar2020\pickle_files\921547706058f377d5562bab55a337929edc083b.pkl,1
D:\08_Dataset\Internal\mar2020\pickle_files\f5b72ecb57ea20cf07aae161a45cba7a4e90eb39.pkl,1
D:\08_Dataset\Internal\mar2020\pickle_files\b3e2cc853d4934aead1f3d88177667dc13908c95.pkl,1
D:\08_Dataset\Internal\mar2020\pickle_files\222103b061ce2f263150666ca8e9c174622ea367.pkl,1
D:\08_Dataset\Internal\mar2020\pickle_files\b92d1f493415cfe52f74d90dbae14db9b62ed4f2.pkl,1
D:\08_Dataset\Internal\mar2020\pickle_files\2696241de71bfd08d7c2c8f5beb9685d17b9da5e.pkl,1
D:\08_Dataset\Internal\mar2020\pickle_files\1340cbe70e56428f3ba2a27ede18be493c02bc22.pkl,1
D:\08_Dataset\Internal\mar2020\pickle_files\04fd15df36a9575f4ce3f21aa3989cacbd3d6d6e.pkl,1
D:\08_Dataset\Internal\mar2020\pickle_files\543848cc561f2447d4697b105ff2c084de355886.pkl,1
D:\08_Dataset\Internal\mar2020\pickle_files\262b825988945e6e0a8b03537a3fffcc37deebd0.pkl,1
D:\08_Dataset\Internal\mar2020\pickle_files\3924fd0598510c6616a4cd3e81629d9ff06401ff.pkl,1
D:\08_Dataset\Internal\mar2020\pickle_files\86ca38852589530481abbfaef2e5fa58c4a30db9.pkl,1
D:\08_Dataset\Internal\mar2020\pickle_files\257bced35b60d498e259d7bcde2d0a96679023da.pkl,1
D:\08_Dataset\Internal\mar2020\pickle_files\71a16761479a6d4ccba7382a0786b6da9ef24fad.pkl,1
D:\08_Dataset\Internal\mar2020\pickle_files\1455e8f9f4782e6f5814aa3c03ec90acba2158fd.pkl,1
D:\08_Dataset\Internal\mar2020\pickle_files\96aa51e962e0c2b636b17026bdbeeef1c062ccf1.pkl,1
D:\08_Dataset\Internal\mar2020\pickle_files\b3382da34f8d6a261e96f24c745c77b140b21d85.pkl,1
D:\08_Dataset\Internal\mar2020\pickle_files\ebff463c9ca66fc718b7a32f6f53114a16c9e6d1.pkl,1
D:\08_Dataset\Internal\mar2020\pickle_files\41da35e2d57aa4ab9897ebd602b8638b07940757.pkl,1
D:\08_Dataset\Internal\mar2020\pickle_files\cd043b41d7f2a45af338922bb1d0a6f654983bb3.pkl,1
D:\08_Dataset\Internal\mar2020\pickle_files\e5689cd798f0d563338480c7a4cb06c876d80270.pkl,1
D:\08_Dataset\Internal\mar2020\pickle_files\b52ca310cc550cf9e44b0e1432d84393e8d0b072.pkl,1
D:\08_Dataset\Internal\mar2020\pickle_files\70be2fe16e7ea43ce11560788234eed12bbf14ae.pkl,1
D:\08_Dataset\Internal\mar2020\pickle_files\5e99223d908ab0f94df2a5839c4a62527b7b83ff.pkl,1
D:\08_Dataset\Internal\mar2020\pickle_files\c6bd65dba93f861c986d00ec1ade90dd3bef3f59.pkl,1
D:\08_Dataset\Internal\mar2020\pickle_files\9ca0dfb737d302bde92b29fcbee9a9ffaa622da2.pkl,1
D:\08_Dataset\Internal\mar2020\pickle_files\239505b9c0cb058e7ed41a4754cd9091e0a14a25.pkl,1
D:\08_Dataset\Internal\mar2020\pickle_files\f4ec3c21329566d8b4395b32ea6a1ecf75adc4d6.pkl,1
D:\08_Dataset\Internal\mar2020\pickle_files\13f93888419a03e5a2572c2ceaa18ca335805359.pkl,1
D:\08_Dataset\Internal\mar2020\pickle_files\119489ff369c43f2270efb288d43c7e34bec7185.pkl,1
D:\08_Dataset\Internal\mar2020\pickle_files\0be9b9ef147505683c14c7de728141e6f4574967.pkl,1
D:\08_Dataset\Internal\mar2020\pickle_files\187f03e806671a3a76e35cad422f5e24c3d9d40f.pkl,1
D:\08_Dataset\Internal\mar2020\pickle_files\6027557ace4158d21b771503ed3d84f8911134a8.pkl,1
D:\08_Dataset\Internal\mar2020\pickle_files\e54a429e0ea464fe4c9bf86223118761465e444f.pkl,1
D:\08_Dataset\Internal\mar2020\pickle_files\196be08a4f0f9b7b533cd024cec42a4ae201b7cf.pkl,1
D:\08_Dataset\Internal\mar2020\pickle_files\1e3a2e6ba2ef6e6c543ef833cdafc5b97ab92856.pkl,1
D:\08_Dataset\Internal\mar2020\pickle_files\78e04a9c5bc041f7fdfe1a0d1cc9e8f8643f0e61.pkl,1
D:\08_Dataset\Internal\mar2020\pickle_files\c6872bfd16220b7ef43f6dace8dbf5c8789727c1.pkl,1
D:\08_Dataset\Internal\mar2020\pickle_files\98e6271ef95c0e4d69c577c43d5453503d48c436.pkl,1
D:\08_Dataset\Internal\mar2020\pickle_files\6f550e7d32af8449ec0c70e68171771e637e38f4.pkl,1
D:\08_Dataset\Internal\mar2020\pickle_files\cdcd3bf37f9a1d15aba9b69f386f446c57e8d31a.pkl,1
D:\08_Dataset\Internal\mar2020\pickle_files\814c4e1f72948a2caa02c3c7dab65a56c91ae919.pkl,1
D:\08_Dataset\Internal\mar2020\pickle_files\ad9f684a5a3815041184f070ffe7c9420eb29aea.pkl,1
D:\08_Dataset\Internal\mar2020\pickle_files\1f929b6d5696ffe0c4edda1623b1955d43985057.pkl,1
D:\08_Dataset\Internal\mar2020\pickle_files\d1f063e91ae0e7f48f148bcd961755193ccec246.pkl,1
D:\08_Dataset\Internal\mar2020\pickle_files\599e34920fedb08c40770490b211601b2da1f336.pkl,1
D:\08_Dataset\Internal\mar2020\pickle_files\77dcb2ed8f77cfb1e3f61f1d2f45a53c6db224a7.pkl,1
D:\08_Dataset\Internal\mar2020\pickle_files\b8b1209dc0fc1a8397d730e071113b7294e8de0c.pkl,1
D:\08_Dataset\Internal\mar2020\pickle_files\6cb8bb80de07cf14716668cde08644da45df2fe6.pkl,1
D:\08_Dataset\Internal\mar2020\pickle_files\1e1a81379406e8cbfc20034ae8b942c971dc38dc.pkl,1
D:\08_Dataset\Internal\mar2020\pickle_files\f61d759bcb694b71a0e368934058973a3369f78d.pkl,1
D:\08_Dataset\Internal\mar2020\pickle_files\07ee66de4996dff509ae7ccbff9d121bdbb8ac5f.pkl,1
D:\08_Dataset\Internal\mar2020\pickle_files\dd0bf14fea363fec70377207e8158a3e7aa6004b.pkl,1
D:\08_Dataset\Internal\mar2020\pickle_files\de19a8fcac662b1df84f7baa68eb7d4787afe1db.pkl,1
D:\08_Dataset\Internal\mar2020\pickle_files\2f12bb3ec26eb695d3f40b5d39eee4e55a362229.pkl,1
D:\08_Dataset\Internal\mar2020\pickle_files\1e8530eb7d355f5edeaaa3ae6e70c37c9fcac285.pkl,1
D:\08_Dataset\Internal\mar2020\pickle_files\7af73140072bac2beb5538eb6c04816a9274613c.pkl,1
D:\08_Dataset\Internal\mar2020\pickle_files\84e76f207abe842bb553ac28602d8e3182ef24e7.pkl,1
D:\08_Dataset\Internal\mar2020\pickle_files\ab6874e178ca7ebddce14273e558b88612e21b40.pkl,1
D:\08_Dataset\Internal\mar2020\pickle_files\983d0c1e2d27da51786f3f596756c68e3f301b9d.pkl,1
D:\08_Dataset\Internal\mar2020\pickle_files\d7a734c94c8606c958e5569faf7e6057e388b03a.pkl,1
D:\08_Dataset\Internal\mar2020\pickle_files\bb2de12f20556b0e347456dbc70abaea4aff8605.pkl,1
D:\08_Dataset\Internal\mar2020\pickle_files\fd2ad6fd13bf02099bbb90881cb55b778a008226.pkl,1
D:\08_Dataset\Internal\mar2020\pickle_files\3cf46bb1e4068d6951b23454f3986c3f4343719f.pkl,1
D:\08_Dataset\Internal\mar2020\pickle_files\7980eb5ce02c40a150a64b60f105cedd01d5f887.pkl,1
D:\08_Dataset\Internal\mar2020\pickle_files\0a31c9615e346777511fa84ffc86b1780aa7d2e0.pkl,1
D:\08_Dataset\Internal\mar2020\pickle_files\595be4c3dee62406421bda90e2efc40e776c3114.pkl,1
D:\08_Dataset\Internal\mar2020\pickle_files\ae482f05395bb69d0926a8978a1b51b8be52e97a.pkl,1
D:\08_Dataset\Internal\mar2020\pickle_files\004cfe48e0c6f05231fd1dfeb9ce1f9211edb2d8.pkl,1
D:\08_Dataset\Internal\mar2020\pickle_files\28915f98245b98ecb8b9bd28d5da8c1d09b0d720.pkl,1
D:\08_Dataset\Internal\mar2020\pickle_files\6935e04f665fc766c6d82c194e45babf70cb4882.pkl,1
D:\08_Dataset\Internal\mar2020\pickle_files\ccd9d1e75cd0dbb4d7649df04ea317f6979ab64e.pkl,1
D:\08_Dataset\Internal\mar2020\pickle_files\15c9c7768eb6cbab6e4a79e2d10b53f1a3561df7.pkl,1
D:\08_Dataset\Internal\mar2020\pickle_files\58afbbba9764493f51948036f54ead4776b952b7.pkl,1
D:\08_Dataset\Internal\mar2020\pickle_files\60155f8f2cf647a5a38d9ee51c87e45a96c8a99e.pkl,1
D:\08_Dataset\Internal\mar2020\pickle_files\cd1abe7a83583e52bf78d4f1cd9dc613e3a23fc8.pkl,1
D:\08_Dataset\Internal\mar2020\pickle_files\70cb932eded2d5eac2cd40305bf9969ae2c1e871.pkl,1
D:\08_Dataset\Internal\mar2020\pickle_files\be1c299898635c8921c8ae7cb7b631c8dd5d9186.pkl,1
D:\08_Dataset\Internal\mar2020\pickle_files\ac30b916bc4f36107a582a9be8543e483bee6b9e.pkl,1
D:\08_Dataset\Internal\mar2020\pickle_files\51c228d418e5b81fe4808df619952efb82ecf9e3.pkl,1
D:\08_Dataset\Internal\mar2020\pickle_files\a2bad818074c5b46537aa4dfe10f952c58df94d2.pkl,1
D:\08_Dataset\Internal\mar2020\pickle_files\75124ec1a3d20677e9a4c2ab1ec39efebc59c875.pkl,1
D:\08_Dataset\Internal\mar2020\pickle_files\11fef02181908bf7acf8cb733b55aa0ec34dd41d.pkl,1
D:\08_Dataset\Internal\mar2020\pickle_files\566e7587173285947f1ff411c991097544822c65.pkl,1
D:\08_Dataset\Internal\mar2020\pickle_files\fa32930627511eb32b77ef5b7e909f8b7e18417c.pkl,1
D:\08_Dataset\Internal\mar2020\pickle_files\c0a087d2912851bae4bddd1da4501286d957d5ba.pkl,1
D:\08_Dataset\Internal\mar2020\pickle_files\b63e7165d3a1224fd3a4f82c98300e042afefb4a.pkl,1
D:\08_Dataset\Internal\mar2020\pickle_files\367f07b8b8fed7a2d56afb5426a39a703f1ebc53.pkl,1
D:\08_Dataset\Internal\mar2020\pickle_files\c41ae2fa841a864f37d696f5c9084177930b05af.pkl,1
D:\08_Dataset\Internal\mar2020\pickle_files\43d834607e815b743f1688882a15e8444f84eae5.pkl,1
D:\08_Dataset\Internal\mar2020\pickle_files\5ce89420ee2fef9527d0c62d45339c7ae219ae94.pkl,1
D:\08_Dataset\Internal\mar2020\pickle_files\c3cafcb6d9841cb71fca863bed092cf8e983c7c2.pkl,1
D:\08_Dataset\Internal\mar2020\pickle_files\938d66f255fb06d45af502f348bc16dfa9c55686.pkl,1
D:\08_Dataset\Internal\mar2020\pickle_files\aecc3abb53a169e15b7dd369a201554ec0930fa2.pkl,1
D:\08_Dataset\Internal\mar2020\pickle_files\caddab077e57234b3849b4b8fe274296585afed1.pkl,1
D:\08_Dataset\Internal\mar2020\pickle_files\3354cb7e861acff38e8ca959c387a4a04398513e.pkl,1
D:\08_Dataset\Internal\mar2020\pickle_files\f1d52202c9990049bb35e3a7a5115e66a724a5e1.pkl,1
D:\08_Dataset\Internal\mar2020\pickle_files\862a13cd9dd957058ba7a064b9a741d601e0b5c1.pkl,1
D:\08_Dataset\Internal\mar2020\pickle_files\cab7a7c5eb07197752c63a7fa11130f18aa5190b.pkl,1
D:\08_Dataset\Internal\mar2020\pickle_files\8003b5fb0eb0e519358fda5bcb67e8f4d815c2a0.pkl,1
D:\08_Dataset\Internal\mar2020\pickle_files\675a12841a6126369e8c037d6a2b5b9b2bdd86cc.pkl,1
D:\08_Dataset\Internal\mar2020\pickle_files\c593037c05731d0ac93b02667fc0306d2bf64e6c.pkl,1
D:\08_Dataset\Internal\mar2020\pickle_files\68535adf1bb433a4e818bbbfe49775eefcc7f07b.pkl,1
D:\08_Dataset\Internal\mar2020\pickle_files\4d203640ad19654bb64abd358cb9554edd2fddc4.pkl,1
D:\08_Dataset\Internal\mar2020\pickle_files\55744512c316daf8b0660a93ff24647c9eb1d0a1.pkl,1
D:\08_Dataset\Internal\mar2020\pickle_files\f237f0b31f4092424623bd4ef50e3f13361de7fc.pkl,1
D:\08_Dataset\Internal\mar2020\pickle_files\b7854b9bf8cf202624fb7d0a6e04329481c78d5a.pkl,1
D:\08_Dataset\Internal\mar2020\pickle_files\1df34d3756795a1d69286f30a06ed8e01626dd24.pkl,1
D:\08_Dataset\Internal\mar2020\pickle_files\3165f97c0cba00909326b2c77d60a21194d7d5dd.pkl,1
D:\08_Dataset\Internal\mar2020\pickle_files\d57af31636bceb6f0d5e1c5169e16661412248b6.pkl,1
D:\08_Dataset\Internal\mar2020\pickle_files\e08603967bcfdc5d054bce5dc9d3c69f097e84ce.pkl,1
D:\08_Dataset\Internal\mar2020\pickle_files\f137bc73c2317d5e79d109ce9b4a25fa296f7515.pkl,1
D:\08_Dataset\Internal\mar2020\pickle_files\ffa92a7806098f8a56df796dbd9235f203ed781f.pkl,1
D:\08_Dataset\Internal\mar2020\pickle_files\b5ef54bec3393b4e2a54239a829560ff4084bb3b.pkl,1
D:\08_Dataset\Internal\mar2020\pickle_files\431cfc733b77ce561e6e8705c3a25a92ef0be7fb.pkl,1
D:\08_Dataset\Internal\mar2020\pickle_files\effa274a2c98ecfa9837fa144ca3e94a4c5e1e10.pkl,1
D:\08_Dataset\Internal\mar2020\pickle_files\16237384b49bbc77fc69d2a5cfadf561939e6812.pkl,1
D:\08_Dataset\Internal\mar2020\pickle_files\8a8a4ac231cda5cc6275bff8a4154287d626fefc.pkl,1
D:\08_Dataset\Internal\mar2020\pickle_files\383534ff2d276c91a56b6036bd1e242a917a17e8.pkl,1
D:\08_Dataset\Internal\mar2020\pickle_files\29057f930e3b43ccd19fa1ca578d30b16fa91b69.pkl,1
D:\08_Dataset\Internal\mar2020\pickle_files\f2e3c90ea69a6124c545aba0d2dae34a50d6f5bc.pkl,1
D:\08_Dataset\Internal\mar2020\pickle_files\e243108836a3263f5fd92fd71a8e47ec7a7c4911.pkl,1
D:\08_Dataset\Internal\mar2020\pickle_files\87e1e6f593b4d54c9978359c6421c208fcc3ca8f.pkl,1
D:\08_Dataset\Internal\mar2020\pickle_files\35719d3123bcab2b4d7f74c736130842845eb9ae.pkl,1
D:\08_Dataset\Internal\mar2020\pickle_files\b16f79da402e7f29f93fe14cf7a0e8a213652057.pkl,1
D:\08_Dataset\Internal\mar2020\pickle_files\b75b678fa5a1330c9804e95d1c46527d780f7604.pkl,1
D:\08_Dataset\Internal\mar2020\pickle_files\ff93cd4ed645e98b959ac5e04f147367be63a589.pkl,1
D:\08_Dataset\Internal\mar2020\pickle_files\4cdfe71b41749b59732bb36dfd0fbb290abf5020.pkl,1
D:\08_Dataset\Internal\mar2020\pickle_files\c49e4466b36e84e51d07ac07db85d9b20a54907b.pkl,1
D:\08_Dataset\Internal\mar2020\pickle_files\b50b1cc087a1b8fd1058b37cfbe3341163e26722.pkl,1
D:\08_Dataset\Internal\mar2020\pickle_files\a335cfed21a96a127e8d155591c766e98b8de318.pkl,1
D:\08_Dataset\Internal\mar2020\pickle_files\f8293aaa3f96a6a57e11c0a271408f3bc43a2447.pkl,1
D:\08_Dataset\Internal\mar2020\pickle_files\628da1b185bf407055b0e203bfaf769dfa2daf73.pkl,1
D:\08_Dataset\Internal\mar2020\pickle_files\f69d932bb34ff7302d0fec9258fda40c0b00e2df.pkl,1
D:\08_Dataset\Internal\mar2020\pickle_files\442d68d79fea5d60f733d07f820bd5b333642854.pkl,1
D:\08_Dataset\Internal\mar2020\pickle_files\d35cf82427cfacb0ac2edeed42bb8cec684becaf.pkl,1
D:\08_Dataset\Internal\mar2020\pickle_files\5a6422c5d9e9872fedc8cd4427ffc3a907b52fed.pkl,1
D:\08_Dataset\Internal\mar2020\pickle_files\54d1cb7f845a50cad0c15dd690c569c87e65127f.pkl,1
D:\08_Dataset\Internal\mar2020\pickle_files\29bc0d84c5a28e8673e285b90d8d838c711135e8.pkl,1
D:\08_Dataset\Internal\mar2020\pickle_files\b2014f0439283f3ffba29ef40943c4bd0f3c1456.pkl,1
D:\08_Dataset\Internal\mar2020\pickle_files\d234661aee551bf0774d5311634225fa2bb50931.pkl,1
D:\08_Dataset\Internal\mar2020\pickle_files\d1e66b0806ad8bf8ffdddfcbbe64b02ba2643906.pkl,1
D:\08_Dataset\Internal\mar2020\pickle_files\c19fc7b4ae162568eea48cb155cb023fc460644a.pkl,1
D:\08_Dataset\Internal\mar2020\pickle_files\a5f270d69e2d93ad1a427c7d25f73d6338f766e5.pkl,1
D:\08_Dataset\Internal\mar2020\pickle_files\97795b253db6f61821c8a142c66e509dba928422.pkl,1
D:\08_Dataset\Internal\mar2020\pickle_files\3455e190c5d13cb2e89c7d6e8c136200c5b5e412.pkl,1
D:\08_Dataset\Internal\mar2020\pickle_files\8d068514027013c8c52ce6b4d59044df8d96b6d5.pkl,1
D:\08_Dataset\Internal\mar2020\pickle_files\f626ea8c911539915b1174662d129dae7415d73a.pkl,1
D:\08_Dataset\Internal\mar2020\pickle_files\a1cfc03d55e153aca03d2e76c297dc17c4e4490a.pkl,1
D:\08_Dataset\Internal\mar2020\pickle_files\d8720f211412accbf5f8e6d5569e70c9787e6ec6.pkl,1
D:\08_Dataset\Internal\mar2020\pickle_files\91c20e6ca87d5c7a6a8181707158a62a3659aee2.pkl,1
D:\08_Dataset\Internal\mar2020\pickle_files\7b538b92740785ff7af3e9e8666c4425a8cae997.pkl,1
D:\08_Dataset\Internal\mar2020\pickle_files\59d3748e261d489766b9f73e02623821044cbdac.pkl,1
D:\08_Dataset\Internal\mar2020\pickle_files\ba818eb9b84c2e3555d8e472d9a1e7251f915272.pkl,1
D:\08_Dataset\Internal\mar2020\pickle_files\d284688158841a6bfb12b284855eee571117ad2d.pkl,1
D:\08_Dataset\Internal\mar2020\pickle_files\09cc23251c52412cc64b9e775399a9490ccadebe.pkl,1
D:\08_Dataset\Internal\mar2020\pickle_files\d6aa415f2bd2fe773451025b0b54137558fd96c6.pkl,1
D:\08_Dataset\Internal\mar2020\pickle_files\4940a8f45f9eae93b66872ad18d9fd0fbba8a8c2.pkl,1
D:\08_Dataset\Internal\mar2020\pickle_files\5494856231d384c19838f694c993b4304d25a80f.pkl,1
D:\08_Dataset\Internal\mar2020\pickle_files\0d47f9e7ece42d63f8d267fc3dcaf0de1f6f05d6.pkl,1
D:\08_Dataset\Internal\mar2020\pickle_files\7230f2b8f41341d3652efe91449a706ef16ded37.pkl,1
D:\08_Dataset\Internal\mar2020\pickle_files\1cdaf7fbdd52ce9e1a9d3795677ae0772c2b7973.pkl,1
D:\08_Dataset\Internal\mar2020\pickle_files\17dd1697b90fe1edb508c17d2204f6cb2c5b13c8.pkl,1
D:\08_Dataset\Internal\mar2020\pickle_files\ac8d1d8652981394becc0a893fe989042e122c2a.pkl,1
D:\08_Dataset\Internal\mar2020\pickle_files\d8a28e1512c0f14bb066342297e50067c82d97d7.pkl,1
D:\08_Dataset\Internal\mar2020\pickle_files\e8f3a3f6518ef48ca6b51db5c731ae18c1a82c34.pkl,1
D:\08_Dataset\Internal\mar2020\pickle_files\c776c28d511d74e46f023ea7efc181c7980de308.pkl,1
D:\08_Dataset\Internal\mar2020\pickle_files\3cb5083447714749180d29adccdd5a591ccc5032.pkl,1
D:\08_Dataset\Internal\mar2020\pickle_files\0a2d405290769520785f1b4a81ca69e8caa982b0.pkl,1
D:\08_Dataset\Internal\mar2020\pickle_files\b7f59e5b84a0641402f8db0302e2287f64f12dc3.pkl,1
D:\08_Dataset\Internal\mar2020\pickle_files\1558c0fbea2219e8ddda7debd65cb92c3599fc34.pkl,1
D:\08_Dataset\Internal\mar2020\pickle_files\c43b688ef8c7565ae1b932281d99934690d33176.pkl,1
D:\08_Dataset\Internal\mar2020\pickle_files\3231083703ca010364d2f466e66fe5d48b53fa3a.pkl,1
D:\08_Dataset\Internal\mar2020\pickle_files\a1db0eadb2ab9e651c7662d7d23802c4a129e021.pkl,1
D:\08_Dataset\Internal\mar2020\pickle_files\7ed502c67a819e025f2cd4baf1d4e7ac3deec05f.pkl,1
D:\08_Dataset\Internal\mar2020\pickle_files\149df323378d844259c91d24a53393d512ea85a1.pkl,1
D:\08_Dataset\Internal\mar2020\pickle_files\cfc8effd9b22a2cefbee06e8ed8079c21ea4c9bd.pkl,1
D:\08_Dataset\Internal\mar2020\pickle_files\1bce41294a93d432c1304c2fd911336b3ce2e7c4.pkl,1
D:\08_Dataset\Internal\mar2020\pickle_files\f6e4f7e2e89b5a09f5e943999b0b102ba25c0b6f.pkl,1
D:\08_Dataset\Internal\mar2020\pickle_files\591437a54c4928b8c876aac61500d0ea23461779.pkl,1
D:\08_Dataset\Internal\mar2020\pickle_files\64e9a5c313459cd4f552cb55bbce07f5ec9ea188.pkl,1
D:\08_Dataset\Internal\mar2020\pickle_files\b757c8455a1c4443162ff1cf5b77fa14b45080df.pkl,1
D:\08_Dataset\Internal\mar2020\pickle_files\eef15cb40c3199a582881a03492dbcce3f3fce40.pkl,1
D:\08_Dataset\Internal\mar2020\pickle_files\8cb76b54cdf1985210fa270eb0f04502fc7e4492.pkl,1
D:\08_Dataset\Internal\mar2020\pickle_files\d005fa1ffcf125c1c421ccc235f8b25823de3573.pkl,1
D:\08_Dataset\Internal\mar2020\pickle_files\f3751461b7e29d5ed176e0ea5536089d8f6e0e61.pkl,1
D:\08_Dataset\Internal\mar2020\pickle_files\46b87349fe1d0fbc58f07d88a0340ad30fbe1b22.pkl,1
D:\08_Dataset\Internal\mar2020\pickle_files\54416c2ff7047330880ac3449f3ade8572e1b513.pkl,1
D:\08_Dataset\Internal\mar2020\pickle_files\9ec39d985330d8c4db281a2360b59041531071d8.pkl,1
D:\08_Dataset\Internal\mar2020\pickle_files\6e60b1c838a7e02f1eb3c53b262b924bc2e99422.pkl,1
D:\08_Dataset\Internal\mar2020\pickle_files\e6f79ba32ce3ba4bb1fec1681108d4f70a316165.pkl,1
D:\08_Dataset\Internal\mar2020\pickle_files\79a8b352b6bb3d612045d7009ac09b60d5bc8ed1.pkl,1
D:\08_Dataset\Internal\mar2020\pickle_files\0c66a97c84122cd1fd271045733e53ee398c45de.pkl,1
D:\08_Dataset\Internal\mar2020\pickle_files\377c5a53d79fa517026a9d82216b1041d79e390a.pkl,1
D:\08_Dataset\Internal\mar2020\pickle_files\92391cc31c2eb863fb2f21cbdf124c45e373b8bf.pkl,1
D:\08_Dataset\Internal\mar2020\pickle_files\789f6c5cfc58c67fd3c5fd875c64f349eee2594d.pkl,1
D:\08_Dataset\Internal\mar2020\pickle_files\0adeab5f1ff245ab8d4e4c66297986e8e20d1a15.pkl,1
D:\08_Dataset\Internal\mar2020\pickle_files\3233dde2ecff800bc999b6920e9651e0916085ad.pkl,1
D:\08_Dataset\Internal\mar2020\pickle_files\6516b0ee9558ef796ab03b4957b51c3cb8ba57f2.pkl,1
D:\08_Dataset\Internal\mar2020\pickle_files\dd724301503cc9039aa750b4ca2aac0b0b787b5a.pkl,1
D:\08_Dataset\Internal\mar2020\pickle_files\d358d9ea47a487ca2ba107f00622d2127d33546f.pkl,1
D:\08_Dataset\Internal\mar2020\pickle_files\7b180aeb5fbc04a5e10f548d1129d8aa2baaa03b.pkl,1
D:\08_Dataset\Internal\mar2020\pickle_files\7abe7e39d138336ca961a25def7f536287caa13d.pkl,1
D:\08_Dataset\Internal\mar2020\pickle_files\43f6589a49700f63c3bd6662f15abec74ec165bd.pkl,1
D:\08_Dataset\Internal\mar2020\pickle_files\6e025e2cd330ab28ebab9916d4de4dcc867e18ef.pkl,1
D:\08_Dataset\Internal\mar2020\pickle_files\d67a30fc0d4287c2d360d1992c02c8daf8a4b640.pkl,1
D:\08_Dataset\Internal\mar2020\pickle_files\2caa9bb10c3f751ad6243bf90fe27c79725d1a70.pkl,1
D:\08_Dataset\Internal\mar2020\pickle_files\8c46cd3f4c9a85dcfd4fe8ed79d8dac8c32cf5a0.pkl,1
D:\08_Dataset\Internal\mar2020\pickle_files\01f4b98b507bf1246859ee0bd1d7a356c78a0016.pkl,1
D:\08_Dataset\Internal\mar2020\pickle_files\6a4c9529dbeafc339fd458b56532fea1055d0bdd.pkl,1
D:\08_Dataset\Internal\mar2020\pickle_files\c1a39a63a8f5cac175e95c0aa96b651fd28d13ef.pkl,1
D:\08_Dataset\Internal\mar2020\pickle_files\51e82d4d7af514dc56554a4cf69bbf6388ab82aa.pkl,1
D:\08_Dataset\Internal\mar2020\pickle_files\2dc985724ad4f2da6a49bf9a1ecda9db2cf28425.pkl,1
D:\08_Dataset\Internal\mar2020\pickle_files\91e8975907f47f08d6686dea111cd01f70fd8183.pkl,1
D:\08_Dataset\Internal\mar2020\pickle_files\1c654ac360f2290a827ffc3c45dd7c99e188a3cc.pkl,1
D:\08_Dataset\Internal\mar2020\pickle_files\aba683b98449411162e09229f793c1289af0695c.pkl,1
D:\08_Dataset\Internal\mar2020\pickle_files\048bf8bf641ab8a9f2f1a3d0ec611f4d82c2e550.pkl,1
D:\08_Dataset\Internal\mar2020\pickle_files\cad7ea62199860266c78dc7e3a9d192b9962b8b6.pkl,1
D:\08_Dataset\Internal\mar2020\pickle_files\2dd33a64a440045a2b06fe9cb7d70f0f682f45d1.pkl,1
D:\08_Dataset\Internal\mar2020\pickle_files\071c4cba9ae586630e9f7429f67f0b771b42801f.pkl,1
D:\08_Dataset\Internal\mar2020\pickle_files\f24f37c6bf70b39621f584257abcdab21adea5a7.pkl,1
D:\08_Dataset\Internal\mar2020\pickle_files\b8530b638c0affcdc544d934be0773e6e2f5b608.pkl,1
D:\08_Dataset\Internal\mar2020\pickle_files\be1420d419a6fd5796c4479e0cd8805e78c92e5e.pkl,1
D:\08_Dataset\Internal\mar2020\pickle_files\dc613e4201a148cb20ff34880e4ddc4aad6aac8e.pkl,1
D:\08_Dataset\Internal\mar2020\pickle_files\5e70a9d05bce15e0df3f3def364eb605a174b8da.pkl,1
D:\08_Dataset\Internal\mar2020\pickle_files\8abde28ec0a2888f3a3b3289c0c492746fb818a2.pkl,1
D:\08_Dataset\Internal\mar2020\pickle_files\ede36ca39c7d7b12d3d3fddc3453eccc044b6ec2.pkl,1
D:\08_Dataset\Internal\mar2020\pickle_files\cf3c14d9cc9a03018c761abfa573f01495906e3f.pkl,1
D:\08_Dataset\Internal\mar2020\pickle_files\a9d4d602d039dafa60f66636add2bcfb73f17725.pkl,1
D:\08_Dataset\Internal\mar2020\pickle_files\0f78c3a23c9e2cb61b850fb16e738f5beb73db66.pkl,1
D:\08_Dataset\Internal\mar2020\pickle_files\140f3ddc5072f9e7dc60d6f9e8717a2e1b5622d1.pkl,1
D:\08_Dataset\Internal\mar2020\pickle_files\b644170dbb06574b0c76c0448e5cc634a3fdfe92.pkl,1
D:\08_Dataset\Internal\mar2020\pickle_files\439107c962a520ad880b51959da82b29daaeed0a.pkl,1
D:\08_Dataset\Internal\mar2020\pickle_files\d9a7fdd194ed93be44870d70fee56580b9d3acd5.pkl,1
D:\08_Dataset\Internal\mar2020\pickle_files\f142cfcd97f0fe94f69f4714168def6471032f8f.pkl,1
D:\08_Dataset\Internal\mar2020\pickle_files\4b5c7a2a98f9ab412e170c8dde675bb5549bc1dc.pkl,1
D:\08_Dataset\Internal\mar2020\pickle_files\87d0e7dd3c3f935e6c169ac623ecef8eefde5f6b.pkl,1
D:\08_Dataset\Internal\mar2020\pickle_files\4f8c0a428850f7149d005d7b42e87fea229d0f1d.pkl,1
D:\08_Dataset\Internal\mar2020\pickle_files\f7a7bf3cd0392a596856b195ab547ca4b2be9f82.pkl,1
D:\08_Dataset\Internal\mar2020\pickle_files\935824955fbcac0bb4b6bd1bad3f9a7e1142fc64.pkl,1
D:\08_Dataset\Internal\mar2020\pickle_files\af5c6897900a9e9872e70ecb14a2b136272edc1d.pkl,1
D:\08_Dataset\Internal\mar2020\pickle_files\feaca33c31c150fd3764322291a340bf0e6c5e6a.pkl,1
D:\08_Dataset\Internal\mar2020\pickle_files\c1acbcb324863136c57dbae45cbaed4a8baae81a.pkl,1
D:\08_Dataset\Internal\mar2020\pickle_files\9dcc01b072a5bc0c90b9c1dde5bc06698f25f348.pkl,1
D:\08_Dataset\Internal\mar2020\pickle_files\7fdb0ec44bcb28feb99c34009acc2b3d3001853f.pkl,1
D:\08_Dataset\Internal\mar2020\pickle_files\d43e8e58793fc79ad8c3432637de981e4522d9d5.pkl,1
D:\08_Dataset\Internal\mar2020\pickle_files\a41b7335238c259d0c216000335a9b0cf49235d5.pkl,1
D:\08_Dataset\Internal\mar2020\pickle_files\532bf7a292ed36eb3cf286e34ad9ab013e753deb.pkl,1
D:\08_Dataset\Internal\mar2020\pickle_files\313f9724900b774e8cf10a44b103912ce86bd02e.pkl,1
D:\08_Dataset\Internal\mar2020\pickle_files\724f82d7fa72ee5191efa5e9611356102f14503b.pkl,1
D:\08_Dataset\Internal\mar2020\pickle_files\91b33848b3815ec618e0cbc00d779028d4ffc11d.pkl,1
D:\08_Dataset\Internal\mar2020\pickle_files\8ebfb74ad743739bb4f9fc4212291ceabc00b3de.pkl,1
D:\08_Dataset\Internal\mar2020\pickle_files\6ed7c7d6f2bbe23221ac5dc650b60406afc57f08.pkl,1
D:\08_Dataset\Internal\mar2020\pickle_files\b258e45e9ed8da409a35a4cacd3b8937f22b41e0.pkl,1
D:\08_Dataset\Internal\mar2020\pickle_files\ea88701ae11cbc0149caca6fb78dc020a708cba4.pkl,1
D:\08_Dataset\Internal\mar2020\pickle_files\476475b8cf7c0cab2c32fb16baf303bf697c270b.pkl,1
D:\08_Dataset\Internal\mar2020\pickle_files\73444d5f387ea4fa226d2217f21b704d327535de.pkl,1
D:\08_Dataset\Internal\mar2020\pickle_files\8dbee0fb61bf3997476c4b6a5e593d356deef835.pkl,1
D:\08_Dataset\Internal\mar2020\pickle_files\ac813945d2183ff18a95e322f1d82df4cdad99b9.pkl,1
D:\08_Dataset\Internal\mar2020\pickle_files\068bccd09fe9bd98d88ff1469853dea2e783f0aa.pkl,1
D:\08_Dataset\Internal\mar2020\pickle_files\f5f234c26f521d08f2fbe08430920e296bfa2958.pkl,1
D:\08_Dataset\Internal\mar2020\pickle_files\3dc4fc6d32bcd4696ad18a5275b4cccecd788523.pkl,1
D:\08_Dataset\Internal\mar2020\pickle_files\d64d9bab537bf462c82fc50c46b231b49d318dda.pkl,1
D:\08_Dataset\Internal\mar2020\pickle_files\a7aafc97e8f3f98e73ad721068785f326ef5b34a.pkl,1
D:\08_Dataset\Internal\mar2020\pickle_files\f5fd3d2399f7af4ddd73e22254173de43f20fa5d.pkl,1
D:\08_Dataset\Internal\mar2020\pickle_files\6ed27a95d379c913e83aab736c0cfedf6aa82c29.pkl,1
D:\08_Dataset\Internal\mar2020\pickle_files\71d3a47c41c1ca65a8aeed6f9f6f6bbf8c973746.pkl,1
D:\08_Dataset\Internal\mar2020\pickle_files\f44f56f5abf23bb99a8baf15c62d8365f75bedc0.pkl,1
D:\08_Dataset\Internal\mar2020\pickle_files\a744d9b548eb99972a147921675a5175ef13bb9c.pkl,1
D:\08_Dataset\Internal\mar2020\pickle_files\76e0f0bd3617a15ab4d8670f4e5f8c4f4f939729.pkl,1
D:\08_Dataset\Internal\mar2020\pickle_files\5507265c582ce007e87ead0275e126ec43e14fc1.pkl,1
D:\08_Dataset\Internal\mar2020\pickle_files\cc6e2c9d9c2bfa9defa59f69f7c4603fc46fba14.pkl,1
D:\08_Dataset\Internal\mar2020\pickle_files\70f70f4da92e5dbe61eb175fe031dace57f32d46.pkl,1
D:\08_Dataset\Internal\mar2020\pickle_files\84fa932c26b679b54ee7c3b85fc6183eebb6a328.pkl,1
D:\08_Dataset\Internal\mar2020\pickle_files\bde12ffa4e779022c03aaf050cc5ffb58e72cc2a.pkl,1
D:\08_Dataset\Internal\mar2020\pickle_files\d819159845ba7b7d0a5db3d0b903c55c6e59fcb6.pkl,1
D:\08_Dataset\Internal\mar2020\pickle_files\35b2ee56f8be8f8e751033f076f0e25d6618655d.pkl,1
D:\08_Dataset\Internal\mar2020\pickle_files\69ad06936bd64beab996debe225d4b9c3720558d.pkl,1
D:\08_Dataset\Internal\mar2020\pickle_files\33d583a36a0734796fbe3d6f2310fa6f5a98ab7a.pkl,1
D:\08_Dataset\Internal\mar2020\pickle_files\0f31c0b00dd3e0410240e6b431f217f26919de57.pkl,1
D:\08_Dataset\Internal\mar2020\pickle_files\75fe38d75fd6e4a8e9393b53d9d3683ec0068ff0.pkl,1
D:\08_Dataset\Internal\mar2020\pickle_files\a22aa6c691dc2f4fd79fb984d607a0d24b6b46b1.pkl,1
D:\08_Dataset\Internal\mar2020\pickle_files\61e10155bb31ce9a465a2c9b264ccf2335198b45.pkl,1
D:\08_Dataset\Internal\mar2020\pickle_files\252d5e9fcce4fe0df3192d56972a8491e95376dd.pkl,1
D:\08_Dataset\Internal\mar2020\pickle_files\39efaae26d74eaf589c57a154196fe8dcd2e5a23.pkl,1
D:\08_Dataset\Internal\mar2020\pickle_files\55f1c6a4718aecf2559df7ceb411e4dc57f3799a.pkl,1
D:\08_Dataset\Internal\mar2020\pickle_files\c05e6b226e98afdce9dd7287bc8ce46fe328606c.pkl,1
D:\08_Dataset\Internal\mar2020\pickle_files\332c390860a977583dfdf93c523092626953c44e.pkl,1
D:\08_Dataset\Internal\mar2020\pickle_files\6b0d6c17317f162fc561d4b07256abf2689ab925.pkl,1
D:\08_Dataset\Internal\mar2020\pickle_files\6d67e7f3eb8c24de60e90a109b121eec622ea067.pkl,1
D:\08_Dataset\Internal\mar2020\pickle_files\046debe504d76fd8ff13e0da3d54279bc3c7f55c.pkl,1
D:\08_Dataset\Internal\mar2020\pickle_files\05502798b98939653f3003707a3d99276859234a.pkl,1
D:\08_Dataset\Internal\mar2020\pickle_files\0219a743cfe87870fd36e04bbf0603ef901fc0e9.pkl,1
D:\08_Dataset\Internal\mar2020\pickle_files\fa1eeff55384edcba93e69583738052ef5f7a182.pkl,1
D:\08_Dataset\Internal\mar2020\pickle_files\b85b25b0ceb6a5342ec4d5bf0aa0e5ac3f0d37eb.pkl,1
D:\08_Dataset\Internal\mar2020\pickle_files\1fc41c30cbda7023faa2b29e626d7b6cf8921df6.pkl,1
D:\08_Dataset\Internal\mar2020\pickle_files\76c43069f464c1314e896eeb5bc2f7efa9222998.pkl,1
D:\08_Dataset\Internal\mar2020\pickle_files\d5e384d90924f55c5586decf636a595aeb8bca53.pkl,1
D:\08_Dataset\Internal\mar2020\pickle_files\1aaa08b85e77729718828347be66887ca7a5261b.pkl,1
D:\08_Dataset\Internal\mar2020\pickle_files\f49bd682a7e2309f146232102250bafe9d4c580a.pkl,1
D:\08_Dataset\Internal\mar2020\pickle_files\fa20f8156cabdceb729b01b4319ba7186253418a.pkl,1
D:\08_Dataset\Internal\mar2020\pickle_files\dd6ec8046791429b90082b8704dba238ead95162.pkl,1
D:\08_Dataset\Internal\mar2020\pickle_files\2ad42529d1f317de21097b2a20e433aa577935f1.pkl,1
D:\08_Dataset\Internal\mar2020\pickle_files\1593cb992dd60be523a61702d6373db28fbc9723.pkl,1
D:\08_Dataset\Internal\mar2020\pickle_files\89c729dbb86ae95ec6fd74f660dc820ee49f2194.pkl,1
D:\08_Dataset\Internal\mar2020\pickle_files\d243a19ed5e33952efb95bde1dcd13f432dd963c.pkl,1
D:\08_Dataset\Internal\mar2020\pickle_files\ee99ba0e5768e8f5e460a47ad72308e4ff404a53.pkl,1
D:\08_Dataset\Internal\mar2020\pickle_files\d3afdcb14f2a9ca31e835fd5b80485de89846b2d.pkl,1
D:\08_Dataset\Internal\mar2020\pickle_files\1b7154f8e7eb517f0d2fa06e471d3eced5bc8c84.pkl,1
D:\08_Dataset\Internal\mar2020\pickle_files\5a201b2a8937593e00758cf3a3a607fcca95c61e.pkl,1
D:\08_Dataset\Internal\mar2020\pickle_files\3d6a30ed5e116ba16b62c67f5a3616c770f90fae.pkl,1
D:\08_Dataset\Internal\mar2020\pickle_files\24284047b30be964bb2f293a7447d9e81abcea5c.pkl,1
D:\08_Dataset\Internal\mar2020\pickle_files\b098b65e6cb18e7e67ee3a55d91a4e5a57c7313a.pkl,1
D:\08_Dataset\Internal\mar2020\pickle_files\66e8a64495f98f371f93e155a54cc7ca500d6dc8.pkl,1
D:\08_Dataset\Internal\mar2020\pickle_files\712de87d51aac46ab47a3eb212d4530bc4fb260c.pkl,1
D:\08_Dataset\Internal\mar2020\pickle_files\a57189f203ceaf24f6829f48934455871d13d374.pkl,1
D:\08_Dataset\Internal\mar2020\pickle_files\b778cfd43601edd037133326a1b02e47f263a9f0.pkl,1
D:\08_Dataset\Internal\mar2020\pickle_files\8888139ae28f7257e8d282023e3254980ef18589.pkl,1
D:\08_Dataset\Internal\mar2020\pickle_files\23fb5b45aaae47f2dab78752236af448d2cea988.pkl,1
D:\08_Dataset\Internal\mar2020\pickle_files\2badfe8dbabe958d199b30155f882f13a7fc3096.pkl,1
D:\08_Dataset\Internal\mar2020\pickle_files\5fa9f680dc988f837e52a8530fcf8b293c7e0db2.pkl,1
D:\08_Dataset\Internal\mar2020\pickle_files\0678c8e648a2aad6053d4918aaf9086eef3a313e.pkl,1
D:\08_Dataset\Internal\mar2020\pickle_files\41a5fa30f46453b0851be8712da7e6744f0b51d4.pkl,1
D:\08_Dataset\Internal\mar2020\pickle_files\f78e058c60d9cb047a656e167bc8297443ff89b5.pkl,1
D:\08_Dataset\Internal\mar2020\pickle_files\15574521ab76cda28799255741d9bd624177de4f.pkl,1
D:\08_Dataset\Internal\mar2020\pickle_files\f4a7e3a69a36e06363d95e3499d71bcbebd642e9.pkl,1
D:\08_Dataset\Internal\mar2020\pickle_files\a122fa3c7426aebe31fc064078b024a8e03fcbe8.pkl,1
D:\08_Dataset\Internal\mar2020\pickle_files\46d0df49cea37b3247f02f68c46acda282af4015.pkl,1
D:\08_Dataset\Internal\mar2020\pickle_files\137f29ec5c36f898b7735d74aedc30669f085d0b.pkl,1
D:\08_Dataset\Internal\mar2020\pickle_files\80b6f5f35afff1d16829e84b0d6625ff0dc7255d.pkl,1
D:\08_Dataset\Internal\mar2020\pickle_files\77911f971e05d027a12b870127a01258029ad724.pkl,1
D:\08_Dataset\Internal\mar2020\pickle_files\2a91c03de22d50aced88536ed094fe88d33b732c.pkl,1
D:\08_Dataset\Internal\mar2020\pickle_files\b3294d08c4bd09ee3678c26a0a05e4b4c1e4c372.pkl,1
D:\08_Dataset\Internal\mar2020\pickle_files\b29101032a3b41dbc37039477ec057417513d58b.pkl,1
D:\08_Dataset\Internal\mar2020\pickle_files\79985907f6d249daac04bb87d6ee88932bcf3556.pkl,1
D:\08_Dataset\Internal\mar2020\pickle_files\93cf914f5ff7eba4966db4a2a66b425c8ca23c9e.pkl,1
D:\08_Dataset\Internal\mar2020\pickle_files\53bf5437533c831d516fad52c9ce742c8d9cb3b2.pkl,1
D:\08_Dataset\Internal\mar2020\pickle_files\ba8c79acc184e2421aa3bcb40f36c24d1e36afd9.pkl,1
D:\08_Dataset\Internal\mar2020\pickle_files\c1423339917189a583d3db24ad8fe0c5fbc14669.pkl,1
D:\08_Dataset\Internal\mar2020\pickle_files\122ada69ff39a41c3544910dc8905955d7f92751.pkl,1
D:\08_Dataset\Internal\mar2020\pickle_files\1640bf1e1aec09f6d81c60d16248b79f999623e9.pkl,1
D:\08_Dataset\Internal\mar2020\pickle_files\7466e8ed65bc3a48718a650a62858ce5ca43b5a4.pkl,1
D:\08_Dataset\Internal\mar2020\pickle_files\8969eafdc3443fc554af8f7ed4bce0e2d24480f1.pkl,1
D:\08_Dataset\Internal\mar2020\pickle_files\94ca64103d64831f57bf4f42a5f9c11ad163a8d7.pkl,1
D:\08_Dataset\Internal\mar2020\pickle_files\dcac8381612f7de588de974ad03fed62acd57d44.pkl,1
D:\08_Dataset\Internal\mar2020\pickle_files\6e56e851323f502e127d7d440e2fe6c22075f1ec.pkl,1
D:\08_Dataset\Internal\mar2020\pickle_files\d26d017c75c89f0a6b309c8ed9703db1a7ce5a5a.pkl,1
D:\08_Dataset\Internal\mar2020\pickle_files\510c23400a50e6ec77ac1805be56179b772317e2.pkl,1
D:\08_Dataset\Internal\mar2020\pickle_files\da37d15f43252df10b8b2a0942179be48eb9cbbe.pkl,1
D:\08_Dataset\Internal\mar2020\pickle_files\58ae533bd177de62535b71a37ec212bc52f6b42f.pkl,1
D:\08_Dataset\Internal\mar2020\pickle_files\adc04d63eb7f232727672a9c4e866a5765c6d190.pkl,1
D:\08_Dataset\Internal\mar2020\pickle_files\8988bbda96dcd48ea8704e3ff6388b4bd223b42d.pkl,1
D:\08_Dataset\Internal\mar2020\pickle_files\753d64374b639f8a6769543d12b4e4c82645f17d.pkl,1
D:\08_Dataset\Internal\mar2020\pickle_files\69ae8acb413d748438e6d0123f0632403d607e4e.pkl,1
D:\08_Dataset\Internal\mar2020\pickle_files\1c610db34d8e0f08b7f3536fc45b3c3c19d978df.pkl,1
D:\08_Dataset\Internal\mar2020\pickle_files\5d4f6e5eb26b2607aa7ee8c1cf35b913a077e2cd.pkl,1
D:\08_Dataset\Internal\mar2020\pickle_files\f6053666d0277bb5eb2e0b3928811788e20ee97e.pkl,1
D:\08_Dataset\Internal\mar2020\pickle_files\c3f448413c782df8c2dbb7227ff02a09540950ef.pkl,1
D:\08_Dataset\Internal\mar2020\pickle_files\3703eb4302022d192a35c8bbec9824e4dbc93612.pkl,1
D:\08_Dataset\Internal\mar2020\pickle_files\9a27a11dc19dad5b7fead8bee8c068697fe45516.pkl,1
D:\08_Dataset\Internal\mar2020\pickle_files\b9f312d60baf942197417ac2e81db28df5e1d17f.pkl,1
D:\08_Dataset\Internal\mar2020\pickle_files\be6a7aa42a59a4ce2ed698a24facf2afa14ab28e.pkl,1
D:\08_Dataset\Internal\mar2020\pickle_files\6843e5e60e42917f6dec9b1cdcbf1baeea2d91ba.pkl,1
D:\08_Dataset\Internal\mar2020\pickle_files\d1bb4097669ba7124a12c07115e42f9d28719372.pkl,1
D:\08_Dataset\Internal\mar2020\pickle_files\aa3660b046b914609ad250bbe3680e8f716b2147.pkl,1
D:\08_Dataset\Internal\mar2020\pickle_files\c07b51c08da2fec7699679b64eeab7b70cd882e2.pkl,1
D:\08_Dataset\Internal\mar2020\pickle_files\e2324ebb08d0f7ea9fd0e933021d881514179870.pkl,1
D:\08_Dataset\Internal\mar2020\pickle_files\58095b199c15bc6187fa3911042296d0591b645b.pkl,1
D:\08_Dataset\Internal\mar2020\pickle_files\bd85a5ba9d671dff5233d869d7ce1cba09f384a8.pkl,1
D:\08_Dataset\Internal\mar2020\pickle_files\bd64b1bd1ff88ddc55e2a143dceec5bf2048b9ec.pkl,1
D:\08_Dataset\Internal\mar2020\pickle_files\629c25bbe9b269d6cd68f81042d4d612b20a12b5.pkl,1
D:\08_Dataset\Internal\mar2020\pickle_files\b89293cc698486b6ff57eae9077d931f654d5c70.pkl,1
D:\08_Dataset\Internal\mar2020\pickle_files\688b0feaa926b7299e917c870968d075cad2302e.pkl,1
D:\08_Dataset\Internal\mar2020\pickle_files\0e3e9de23179899e4297e80f38357d2d58d6c431.pkl,1
D:\08_Dataset\Internal\mar2020\pickle_files\d1b4395d3073eff9d5b99b850ea9f292337099fa.pkl,1
D:\08_Dataset\Internal\mar2020\pickle_files\40000b9002ee89cbe542b4e05093563852ce41ef.pkl,1
D:\08_Dataset\Internal\mar2020\pickle_files\9d822ad06a5fb194a8bc7ef07f8fbb51c784bdde.pkl,1
D:\08_Dataset\Internal\mar2020\pickle_files\4a2411d775489732286f7daba344430460c5c37f.pkl,1
D:\08_Dataset\Internal\mar2020\pickle_files\0e2f9300b50ff21eca635de5b96388155274b0fe.pkl,1
D:\08_Dataset\Internal\mar2020\pickle_files\ecce70395b7c5335d10fbd9e7bfdb9808b48e8ad.pkl,1
D:\08_Dataset\Internal\mar2020\pickle_files\f5a791a7613b9671849c1723e7a9933c192f387e.pkl,1
D:\08_Dataset\Internal\mar2020\pickle_files\92be4cc296b5c3ab09101f08a491ec6a08813a2b.pkl,1
D:\08_Dataset\Internal\mar2020\pickle_files\a7e4fa6d7457397c850637c029a98e9a33f16f43.pkl,1
D:\08_Dataset\Internal\mar2020\pickle_files\062f6549ed747e35d8a001f316f957d8c27a13c4.pkl,1
D:\08_Dataset\Internal\mar2020\pickle_files\e7b7eb8ca5b07de1a0ab6939a09c16bf8a19ca57.pkl,1
D:\08_Dataset\Internal\mar2020\pickle_files\eac001aae0c55910aeadbdf1d6da87ce68e06763.pkl,1
D:\08_Dataset\Internal\mar2020\pickle_files\d7667c8d08e52fc75983b3c9700844b2f5de3a36.pkl,1
D:\08_Dataset\Internal\mar2020\pickle_files\1ab63b873d43eba5edd5ea41dc6136387c2fbac9.pkl,1
D:\08_Dataset\Internal\mar2020\pickle_files\07d15926e552d2351bc1532f6bbc273a9feacac2.pkl,1
D:\08_Dataset\Internal\mar2020\pickle_files\664930510606c196980ad81428ebc3e3b488b7fc.pkl,1
D:\08_Dataset\Internal\mar2020\pickle_files\9c98def1fdf27cec5d16c458b2110a8b3b84d5bb.pkl,1
D:\08_Dataset\Internal\mar2020\pickle_files\a7f221c805b7ded8c3cf40688a2ac04824db1686.pkl,1
D:\08_Dataset\Internal\mar2020\pickle_files\08ef46e7166e3670687ec4eccb85a5192c238693.pkl,1
D:\08_Dataset\Internal\mar2020\pickle_files\8989dac047af6f634f4886713adc94ba9f5aaca3.pkl,1
D:\08_Dataset\Internal\mar2020\pickle_files\807802ff4b4cd04f3d34e2e28e4f6c3f178dc338.pkl,1
D:\08_Dataset\Internal\mar2020\pickle_files\6ba4fffed009500d6948ee266d5d069389f1b77b.pkl,1
D:\08_Dataset\Internal\mar2020\pickle_files\5842e487a6c9451ad9083d2d434b677cc50ec4c7.pkl,1
D:\08_Dataset\Internal\mar2020\pickle_files\a1eec856ebc843583e2447edd72747921daf2384.pkl,1
D:\08_Dataset\Internal\mar2020\pickle_files\5a014cd73b85d4448844de1e444b7dc3d8d5de57.pkl,1
D:\08_Dataset\Internal\mar2020\pickle_files\f59d8442e8f0089f92940f5813b29f571fcc66f9.pkl,1
D:\08_Dataset\Internal\mar2020\pickle_files\ae0dd31dd5a9f56666dbc71fa0991bb4ea607f65.pkl,1
D:\08_Dataset\Internal\mar2020\pickle_files\950f0d88c590461ad719cdfeb99eccf5449df6e4.pkl,1
D:\08_Dataset\Internal\mar2020\pickle_files\132ccd8bdd6ad616fe6b49bd5f2559b066808ff8.pkl,1
D:\08_Dataset\Internal\mar2020\pickle_files\7239716a770c95af00389687c6ac1df92a7e4853.pkl,1
D:\08_Dataset\Internal\mar2020\pickle_files\396e1db835ec91c888b6498e68693061b433d323.pkl,1
D:\08_Dataset\Internal\mar2020\pickle_files\b70e837c0b00eb460abeca5e2b172483e77cec08.pkl,1
D:\08_Dataset\Internal\mar2020\pickle_files\c99211b4b7387e18f68e637e650b9195b7d6279f.pkl,1
D:\08_Dataset\Internal\mar2020\pickle_files\3cc592a6e8d66cea9ce60812ed4ba9770a5ac267.pkl,1
D:\08_Dataset\Internal\mar2020\pickle_files\45308ca475f9917e1259dadf9ccd8ce9c44d01ac.pkl,1
D:\08_Dataset\Internal\mar2020\pickle_files\ad8b73be1916baeb91734a09c2075dd420893f7b.pkl,1
D:\08_Dataset\Internal\mar2020\pickle_files\4d5c8b30a4dc0fd33e687bf441c907476af55a65.pkl,1
D:\08_Dataset\Internal\mar2020\pickle_files\3e5bea5d0992a031f88c82ec6ab31c5d1410124a.pkl,1
D:\08_Dataset\Internal\mar2020\pickle_files\2ca4c93c8107efc8f53c3e171e11637d86a4c309.pkl,1
D:\08_Dataset\Internal\mar2020\pickle_files\c39d7872f80e920b309ccce1e1a82e661cd1d86c.pkl,1
D:\08_Dataset\Internal\mar2020\pickle_files\e8e2c93ba65ba81909f1eea8b92615b26b75dff0.pkl,1
D:\08_Dataset\Internal\mar2020\pickle_files\cba181406852fd3ac721b52f80e87b3a6ccffe15.pkl,1
D:\08_Dataset\Internal\mar2020\pickle_files\f4c147dd16a32ba95092364c4042837bc98630d7.pkl,1
D:\08_Dataset\Internal\mar2020\pickle_files\aa72f1ffcab58530fc59d9eb469889633bfc96bb.pkl,1
D:\08_Dataset\Internal\mar2020\pickle_files\36c086fc9794473c089105711bb728c005aa3250.pkl,1
D:\08_Dataset\Internal\mar2020\pickle_files\3cbd1ea219f5c541407808a22af7540ded187e1f.pkl,1
D:\08_Dataset\Internal\mar2020\pickle_files\ef283cd927e242966c363a4eb0243dfdbe617e25.pkl,1
D:\08_Dataset\Internal\mar2020\pickle_files\eefc3028cf632860bd55233e06a981b6fe2e88d3.pkl,1
D:\08_Dataset\Internal\mar2020\pickle_files\94f0112bcf916f1feaa5d9b0f40400cdd7d3a7e5.pkl,1
D:\08_Dataset\Internal\mar2020\pickle_files\c6ceccd782f2e29bab094d1a5aaf6e87cd8ec681.pkl,1
D:\08_Dataset\Internal\mar2020\pickle_files\e35a73924a8ee6edfd3efe0e9409befe6755e36a.pkl,1
D:\08_Dataset\Internal\mar2020\pickle_files\4edff240e8fcbc01b9064b2720635bc6b8bd569e.pkl,1
D:\08_Dataset\Internal\mar2020\pickle_files\a34cc31d6b65954897a36345873793e3b3302465.pkl,1
D:\08_Dataset\Internal\mar2020\pickle_files\500afe6e4ad8386d047d6739a40349c8342f9dff.pkl,1
D:\08_Dataset\Internal\mar2020\pickle_files\1af4d01fe454015d4623c48d115918c49f86218b.pkl,1
D:\08_Dataset\Internal\mar2020\pickle_files\aaa6da2d19e48e9f80709bb99aae8edff8d4aaaa.pkl,1
D:\08_Dataset\Internal\mar2020\pickle_files\89921a7ee74923c77f1cf76bc588da791963959c.pkl,1
D:\08_Dataset\Internal\mar2020\pickle_files\ba179f5bbc399c34b6883e1b01bf65b96ce77e1a.pkl,1
D:\08_Dataset\Internal\mar2020\pickle_files\871f70e035a7843d88109229364208245953fc12.pkl,1
D:\08_Dataset\Internal\mar2020\pickle_files\fde0f6c144a72a20bdea5594eb3358ac1d36e6f8.pkl,1
D:\08_Dataset\Internal\mar2020\pickle_files\75a81c79398463b298731d06996a3fd4fed3eb3f.pkl,1
D:\08_Dataset\Internal\mar2020\pickle_files\9c8963f12e3d5e4ea5691a716d2d428edf6cbe00.pkl,1
D:\08_Dataset\Internal\mar2020\pickle_files\a645887207b3b55f090294ff38de19b7f4fd98aa.pkl,1
D:\08_Dataset\Internal\mar2020\pickle_files\f7efe842b2743d4ef4acf74161d98e406c8c5b0b.pkl,1
D:\08_Dataset\Internal\mar2020\pickle_files\6b8bc61626cee404adebed1739d128fa7eacb119.pkl,1
D:\08_Dataset\Internal\mar2020\pickle_files\71878e76eccfc71d72c1fc70850b6188420e26fc.pkl,1
D:\08_Dataset\Internal\mar2020\pickle_files\095f8232a4514af0ee37e14170d2e90eadc52542.pkl,1
D:\08_Dataset\Internal\mar2020\pickle_files\6cf5cd73a9ab1d844032d2fee0e16c9b3f1e6c7c.pkl,1
D:\08_Dataset\Internal\mar2020\pickle_files\7f6c9f25f1208b36f24e5441a76e81129919724d.pkl,1
D:\08_Dataset\Internal\mar2020\pickle_files\7697f05866a3aea5e5a09de078c0ad494544d1f2.pkl,1
D:\08_Dataset\Internal\mar2020\pickle_files\9a6d745e388f00500cd8a164f2c5d51c234b34f1.pkl,1
D:\08_Dataset\Internal\mar2020\pickle_files\16ce83da5efba22e9c8eacae99634c937716a913.pkl,1
D:\08_Dataset\Internal\mar2020\pickle_files\96b3f6eb729b4396e9d23c69a91cdeff31a72f5a.pkl,1
D:\08_Dataset\Internal\mar2020\pickle_files\f8e60947c077559f11c464183bfc35b786057023.pkl,1
D:\08_Dataset\Internal\mar2020\pickle_files\a12f202970f072068f6053e22a8959bf79b077c4.pkl,1
D:\08_Dataset\Internal\mar2020\pickle_files\b7724ce7aacebb20ea48def087156134bd456606.pkl,1
D:\08_Dataset\Internal\mar2020\pickle_files\70bd23e412dd4c6f7569f657bc10f016e732fcf4.pkl,1
D:\08_Dataset\Internal\mar2020\pickle_files\a2a5a5ef59470e8ef35bdc1159331d653c5f8c43.pkl,1
D:\08_Dataset\Internal\mar2020\pickle_files\5887e46a531c6bb085c6681890b6dfe0f08f42bb.pkl,1
D:\08_Dataset\Internal\mar2020\pickle_files\96a4fb3a1a2b0ee96397abaa62e318c04b42a4ca.pkl,1
D:\08_Dataset\Internal\mar2020\pickle_files\eb653b0caaf71880f37b3c82dbecb8ba855ee3cc.pkl,1
D:\08_Dataset\Internal\mar2020\pickle_files\3025a93c841135d11e3c0446b1dd9da6a13c5068.pkl,1
D:\08_Dataset\Internal\mar2020\pickle_files\3f5eb29d0d59e5eeb240423826f716e68e988c0b.pkl,1
D:\08_Dataset\Internal\mar2020\pickle_files\17de2df850405e058d8c86cce857267c5d34efed.pkl,1
D:\08_Dataset\Internal\mar2020\pickle_files\1c06597311a0a6c548b75b76f01d1a505d6058f8.pkl,1
D:\08_Dataset\Internal\mar2020\pickle_files\3a089ee0ceff359f4e383ab5cf26b67a6811974f.pkl,1
D:\08_Dataset\Internal\mar2020\pickle_files\fc525a62c278552ddfb7e44803c5d935ecfb1018.pkl,1
D:\08_Dataset\Internal\mar2020\pickle_files\6c91f13fb751e86106aed4c699217d43ec856cfe.pkl,1
D:\08_Dataset\Internal\mar2020\pickle_files\32857f4a74899394362b35d5a7258b9b003a6c8d.pkl,1
D:\08_Dataset\Internal\mar2020\pickle_files\67abfc65a0499bc47f4744853f7dbcf34bf9b100.pkl,1
D:\08_Dataset\Internal\mar2020\pickle_files\5aed56523ce876f3e616dbaf596fe72dedd0765a.pkl,1
D:\08_Dataset\Internal\mar2020\pickle_files\6a22276fa89c5519be1b86dc158019811d2b9a99.pkl,1
D:\08_Dataset\Internal\mar2020\pickle_files\950b50640d56447979c8114e48b9b6e07b77c50e.pkl,1
D:\08_Dataset\Internal\mar2020\pickle_files\a27960c4dd1fc1a6b86b2a4e6f6040d457026d0d.pkl,1
D:\08_Dataset\Internal\mar2020\pickle_files\94268b05ef759a1c22ef9d28090663a481746a7b.pkl,1
D:\08_Dataset\Internal\mar2020\pickle_files\2a17f191675e157f871bfe4fd9bef755d3cb413d.pkl,1
D:\08_Dataset\Internal\mar2020\pickle_files\987c29a68f6ba953227e0ed3335ebeb6626478f0.pkl,1
D:\08_Dataset\Internal\mar2020\pickle_files\881820d23a3940651a1357e68ec43d4c1462338b.pkl,1
D:\08_Dataset\Internal\mar2020\pickle_files\e823f484cc6776e6b0eb93313f703e8de155558e.pkl,1
D:\08_Dataset\Internal\mar2020\pickle_files\e3103d5f15d63956393ca3ea4e74846e11c0cca0.pkl,1
D:\08_Dataset\Internal\mar2020\pickle_files\e1a6e384d38c1f99d70784aa56ab595c2feafdaf.pkl,1
D:\08_Dataset\Internal\mar2020\pickle_files\85b6096697e08b46a09b9afda6e7b911b8c95b85.pkl,1
D:\08_Dataset\Internal\mar2020\pickle_files\3d87b966f7cdbe8273eff6da0d682bc59a65f374.pkl,1
D:\08_Dataset\Internal\mar2020\pickle_files\0a5a344dc75fb385351734f9f73fc0d420a68380.pkl,1
D:\08_Dataset\Internal\mar2020\pickle_files\e8896678f2f4208183d05ee50d2b4e93bbd54533.pkl,1
D:\08_Dataset\Internal\mar2020\pickle_files\592c00607265d9275f80a6ecbce777dc53be53dd.pkl,1
D:\08_Dataset\Internal\mar2020\pickle_files\b0989ae731f475a4a72e58b9586eebe717992a74.pkl,1
D:\08_Dataset\Internal\mar2020\pickle_files\b48abdf25b537b9248c92c8d2fb59bb1fca74558.pkl,1
D:\08_Dataset\Internal\mar2020\pickle_files\073f711e8d561ebcfd9fcbee9c5ae89e449ae1d0.pkl,1
D:\08_Dataset\Internal\mar2020\pickle_files\9c9ee9fdb8bcfc6e4ad2f6cc18c283d6c7e7ac1f.pkl,1
D:\08_Dataset\Internal\mar2020\pickle_files\d1884a92c333fe3fca3da18474abba33142c1a2c.pkl,1
D:\08_Dataset\Internal\mar2020\pickle_files\212fe1575447dcef8d80adf460b1ea0491e5eac2.pkl,1
D:\08_Dataset\Internal\mar2020\pickle_files\3b5d604ac108ff00643f6f6502de4ebeea205190.pkl,1
D:\08_Dataset\Internal\mar2020\pickle_files\09fd9b6b4193c4831e6145ad68502a5ad3b8a8df.pkl,1
D:\08_Dataset\Internal\mar2020\pickle_files\82866e00d6e04fab0f2aa8005ba79de5ad3daf81.pkl,1
D:\08_Dataset\Internal\mar2020\pickle_files\0b7c1d25fb1967c1687c6e58e8657b3e7c79fe83.pkl,1
D:\08_Dataset\Internal\mar2020\pickle_files\b73ba2cdf18b34324325626d8c827163663a1559.pkl,1
D:\08_Dataset\Internal\mar2020\pickle_files\976f373882e8c3b98775e3f093c578eeae6acd03.pkl,1
D:\08_Dataset\Internal\mar2020\pickle_files\e7fdf62b626eb3466c3b7a0e5eb7147117e4824c.pkl,1
D:\08_Dataset\Internal\mar2020\pickle_files\6178d55b44297d18bb043eab7226ffbc0cc66e15.pkl,1
D:\08_Dataset\Internal\mar2020\pickle_files\757110e92872ff8bfcd3ddc63e16313c26cdd936.pkl,1
D:\08_Dataset\Internal\mar2020\pickle_files\9a2527d9e983b886b11a98631dcb108fe3d76af3.pkl,1
D:\08_Dataset\Internal\mar2020\pickle_files\ca08e2a3704a2e16ff058e24f6e26f943d5d0e5c.pkl,1
D:\08_Dataset\Internal\mar2020\pickle_files\15cadd3efff6e7748ef1efd56288449610e5dc00.pkl,1
D:\08_Dataset\Internal\mar2020\pickle_files\7adbec3fdbe55080973985cef569090664eadf20.pkl,1
D:\08_Dataset\Internal\mar2020\pickle_files\0a45741cbb4af365f28c1c48c3ed6b7cd5f4bb04.pkl,1
D:\08_Dataset\Internal\mar2020\pickle_files\433104a1177dc182304fb810651fb50b70323f9b.pkl,1
D:\08_Dataset\Internal\mar2020\pickle_files\a1cf50f9443afdf72618ac4e8cdc2c39ff266010.pkl,1
D:\08_Dataset\Internal\mar2020\pickle_files\ca41525dd3934cbaf54bc8a558f1709b0a67881b.pkl,1
D:\08_Dataset\Internal\mar2020\pickle_files\1d38eb24345b2aebbbe305dfc19de1e3e6c8b651.pkl,1
D:\08_Dataset\Internal\mar2020\pickle_files\2c93e34305aa6597b52469fa2cd2bd970ce17c44.pkl,1
D:\08_Dataset\Internal\mar2020\pickle_files\e25db787f5b274c046566f489b0b08c0de8f7c20.pkl,1
D:\08_Dataset\Internal\mar2020\pickle_files\532fa6af8386570fbd0ab7de8bdcf2989a3a2283.pkl,1
D:\08_Dataset\Internal\mar2020\pickle_files\e392da82049a6fafbdbe6f627e0fbb0c4c4886e6.pkl,1
D:\08_Dataset\Internal\mar2020\pickle_files\4d18a78c1a8114809321d861f0b2ef303379a427.pkl,1
D:\08_Dataset\Internal\mar2020\pickle_files\a8066d045f15b399bd1cb684b687537f56eb703f.pkl,1
D:\08_Dataset\Internal\mar2020\pickle_files\d9778a8ca3bc41d53f4fbba10744a56a4261b09e.pkl,1
D:\08_Dataset\Internal\mar2020\pickle_files\5a1e5eaea729a1644f0cd7d4a54aa2f346d1c7af.pkl,1
D:\08_Dataset\Internal\mar2020\pickle_files\883593825ed431e8a2e48e9521197cdeab277644.pkl,1
D:\08_Dataset\Internal\mar2020\pickle_files\da423a6fe430e47369e91c4dcb0fda7e2f554293.pkl,1
D:\08_Dataset\Internal\mar2020\pickle_files\06e6bb5e67c17ddfefcc63f51ffdd5586ee42b80.pkl,1
D:\08_Dataset\Internal\mar2020\pickle_files\858959c57596969b1c9661815742ae7218afade5.pkl,1
D:\08_Dataset\Internal\mar2020\pickle_files\35c4db42dfa4d67a3d2fe667f8b31d14d8bff010.pkl,1
D:\08_Dataset\Internal\mar2020\pickle_files\4754f1b37280d9161bf7a667bb05b0f6eb02763d.pkl,1
D:\08_Dataset\Internal\mar2020\pickle_files\e99f3bfff60ec91ea59d228f5a1a5fd5e890b33e.pkl,1
D:\08_Dataset\Internal\mar2020\pickle_files\4dbd0fff69e92aec99b17dfe6884ca18965a8653.pkl,1
D:\08_Dataset\Internal\mar2020\pickle_files\82e5b685403726c2d5b1b0cad1b5e8dc24194dcb.pkl,1
D:\08_Dataset\Internal\mar2020\pickle_files\3ecd51020928c9cadadc073eb08bbd4e8d870800.pkl,1
D:\08_Dataset\Internal\mar2020\pickle_files\b5b85efc2db433b15df69a1724aa2832841b233c.pkl,1
D:\08_Dataset\Internal\mar2020\pickle_files\034039b085b9f46078e0bea79dc9159e654f1b82.pkl,1
D:\08_Dataset\Internal\mar2020\pickle_files\3aa0233e8f341340fee30ef3feaf2f02973ae846.pkl,1
D:\08_Dataset\Internal\mar2020\pickle_files\ddc9af8ad4575dbaad695fb75e1e59a246739613.pkl,1
D:\08_Dataset\Internal\mar2020\pickle_files\b53febf75ba088df7f0c92e4f3dcd8a9c6227632.pkl,1
D:\08_Dataset\Internal\mar2020\pickle_files\cd060b65f025c00d9f273c9409ade15b992c46bb.pkl,1
D:\08_Dataset\Internal\mar2020\pickle_files\4bf72e2566e3921c7cab9ef5fdc12b14c2ca97c0.pkl,1
D:\08_Dataset\Internal\mar2020\pickle_files\cc49ebe5c169b14e75681a3b780c7d16bcf5f61e.pkl,1
D:\08_Dataset\Internal\mar2020\pickle_files\e8d969a8b73e8146a66993722e0ff84a0b489cad.pkl,1
D:\08_Dataset\Internal\mar2020\pickle_files\c49d8319fea50a1e7f94b8219beafae2cf1a9d76.pkl,1
D:\08_Dataset\Internal\mar2020\pickle_files\79db92ab072cb6f00c519a35c237847748a0cd8e.pkl,1
D:\08_Dataset\Internal\mar2020\pickle_files\30c82fa4433401e9cd96315a86fb5a71ff943d16.pkl,1
D:\08_Dataset\Internal\mar2020\pickle_files\7ce224f533358545b44a232b750d37601ffcca01.pkl,1
D:\08_Dataset\Internal\mar2020\pickle_files\ed0898fffd569dfbf38cdcacb61ecc59f94d5d9f.pkl,1
D:\08_Dataset\Internal\mar2020\pickle_files\c12edfaaf7a530855d8b26ab0e6b3efca94840f8.pkl,1
D:\08_Dataset\Internal\mar2020\pickle_files\801aca47d3258077f181dd477b9ae28b646d8541.pkl,1
D:\08_Dataset\Internal\mar2020\pickle_files\1b83e135241fa3896042a6890abee41e1f83bcb4.pkl,1
D:\08_Dataset\Internal\mar2020\pickle_files\ac7bdd1bf5eaf6ed9438ce16f15934d3ea79b862.pkl,1
D:\08_Dataset\Internal\mar2020\pickle_files\9d56e215bcd71ef67a6f6b276d1431afdceb5c3f.pkl,1
D:\08_Dataset\Internal\mar2020\pickle_files\f9b76e4f58bb4952692db0342048b2670442175a.pkl,1
D:\08_Dataset\Internal\mar2020\pickle_files\55bbc4f2ab8e6967de837bc387f0e4f3fcae2f59.pkl,1
D:\08_Dataset\Internal\mar2020\pickle_files\fbe86280494795f580077c842e242f904b095fdc.pkl,1
D:\08_Dataset\Internal\mar2020\pickle_files\3a08dc495644848fc0cc3ef77fdfb88ea8303d58.pkl,1
D:\08_Dataset\Internal\mar2020\pickle_files\440d50d0a4cfee52f6397115fb304bf92af15ea1.pkl,1
D:\08_Dataset\Internal\mar2020\pickle_files\0ef13a8cead2df27990f48888c8e08e8f1dcb0bf.pkl,1
D:\08_Dataset\Internal\mar2020\pickle_files\211f9bb5af4fc151c1eeaeed3f4aedd267d20d89.pkl,1
D:\08_Dataset\Internal\mar2020\pickle_files\b5b2b3a75fa4269b7f8008cc66e5aa734a404833.pkl,1
D:\08_Dataset\Internal\mar2020\pickle_files\f272cdd222947ae704e050c61078a825cd1fe894.pkl,1
D:\08_Dataset\Internal\mar2020\pickle_files\616247d36e5e7dbfb3b48203f7e6b82ac9039736.pkl,1
D:\08_Dataset\Internal\mar2020\pickle_files\28667ab1dd653d9dae675695a85309ff24fdd5a4.pkl,1
D:\08_Dataset\Internal\mar2020\pickle_files\19b882ee9b3fbbf177187ddbc372bdeb729bbc1b.pkl,1
D:\08_Dataset\Internal\mar2020\pickle_files\23321cd438ab8615ba4c123b7f2d07b8cbed8df2.pkl,1
D:\08_Dataset\Internal\mar2020\pickle_files\063412b39f9233d9ac94eebdbb93a81e9b7390fd.pkl,1
D:\08_Dataset\Internal\mar2020\pickle_files\34003b025d18afb9ef24cec3da4627d1e4201072.pkl,1
D:\08_Dataset\Internal\mar2020\pickle_files\4a323dc8225937e6371bd815c2eb8a275d565af8.pkl,1
D:\08_Dataset\Internal\mar2020\pickle_files\175228af1ea4a22b1f60e1d9a7977ab21b44135a.pkl,1
D:\08_Dataset\Internal\mar2020\pickle_files\5ed8886759a0798e0cfeee4a737c94f389ec79f3.pkl,1
D:\08_Dataset\Internal\mar2020\pickle_files\0b84ddbaf284afd6cbbb1bca62936c570a2165b9.pkl,1
D:\08_Dataset\Internal\mar2020\pickle_files\2ef38e49d8f15e0c2a394151abc993a3bf7323ba.pkl,1
D:\08_Dataset\Internal\mar2020\pickle_files\953d28b2ea40c82f38e4d8c7866fa7e249a19a1a.pkl,1
D:\08_Dataset\Internal\mar2020\pickle_files\f320ca861ed6a8f970083f5b2bc0b6cfbdcfe8c3.pkl,1
D:\08_Dataset\Internal\mar2020\pickle_files\f4f96a6cef863bbe26f5d0e1feb5d6f0241e2299.pkl,1
D:\08_Dataset\Internal\mar2020\pickle_files\5c18c95b707f439fb87f48276502fbbcd5750816.pkl,1
D:\08_Dataset\Internal\mar2020\pickle_files\49047f038bd6a709b9222b2036d3b47956a2be43.pkl,1
D:\08_Dataset\Internal\mar2020\pickle_files\36ebe23a56417c858ce3232945ea4d44db2b59a9.pkl,1
D:\08_Dataset\Internal\mar2020\pickle_files\a551eda4c58867f0b3233f49a4707aa15b212b6b.pkl,1
D:\08_Dataset\Internal\mar2020\pickle_files\36a9bd53c9defc6bb77f88a0b73a84d739c71eed.pkl,1
D:\08_Dataset\Internal\mar2020\pickle_files\d012423f5006e0cd083b85dfc2a2f0b5082d67c0.pkl,1
D:\08_Dataset\Internal\mar2020\pickle_files\d18fa021280b5d94221a760559cb576053b8b228.pkl,1
D:\08_Dataset\Internal\mar2020\pickle_files\ecf99a3b66d7c009bff326a41cb78b7f530ee7b9.pkl,1
D:\08_Dataset\Internal\mar2020\pickle_files\774ef4689a98191d7db24ad797c55e7ae89fccd4.pkl,1
D:\08_Dataset\Internal\mar2020\pickle_files\9dc6df05c60117e1898fc7964d6919f156a374bb.pkl,1
D:\08_Dataset\Internal\mar2020\pickle_files\04daba1545ac0c7c11f4a3eda7d94082f595f945.pkl,1
D:\08_Dataset\Internal\mar2020\pickle_files\e4c00730a80130a538b4fd436794104ea47221a8.pkl,1
D:\08_Dataset\Internal\mar2020\pickle_files\ae183a87f6315d3c013c50d312ea9c765001095f.pkl,1
D:\08_Dataset\Internal\mar2020\pickle_files\9dc8fbf137c1c9d9ebd3b42d4429995d6fa7950f.pkl,1
D:\08_Dataset\Internal\mar2020\pickle_files\b4347909b12a7cfe63635531cbd4dbb60dfc0556.pkl,1
D:\08_Dataset\Internal\mar2020\pickle_files\dd0ec9b9be43247d52e06bd1717cce7ab0513061.pkl,1
D:\08_Dataset\Internal\mar2020\pickle_files\8e4e5bf001491833b499f344e3dd8a47dfd30cc2.pkl,1
D:\08_Dataset\Internal\mar2020\pickle_files\319a8de41acd0796c5242a98f4673d0a75ce84d5.pkl,1
D:\08_Dataset\Internal\mar2020\pickle_files\88a25f5e90d8a58cd8d747e4659a41ef8a0b68c5.pkl,1
D:\08_Dataset\Internal\mar2020\pickle_files\245100a06cc44a9c5a6cd5050193d9876aa81da0.pkl,1
D:\08_Dataset\Internal\mar2020\pickle_files\6e14f0466fc838ecf7e024fe01ecbf69ac358a3a.pkl,1
D:\08_Dataset\Internal\mar2020\pickle_files\10c65e284b53e30a2bae1fd7e868094a6680fd3c.pkl,1
D:\08_Dataset\Internal\mar2020\pickle_files\ff46cec0af93b010b2f9be55fc2e7e1e51d48862.pkl,1
D:\08_Dataset\Internal\mar2020\pickle_files\9713eb63c8fb97d83ff22d3bac73708ad4d91110.pkl,1
D:\08_Dataset\Internal\mar2020\pickle_files\166ecda178ec7a60ffae105e49d183ee5b94e838.pkl,1
D:\08_Dataset\Internal\mar2020\pickle_files\bc7ee9a269943a8125b029316beb713d2e4c14ce.pkl,1
D:\08_Dataset\Internal\mar2020\pickle_files\f51e50305ae7cd78dddf8871d80557d7b889d2e1.pkl,1
D:\08_Dataset\Internal\mar2020\pickle_files\2c959d13b47c2582215effc46dc5d7cd32533841.pkl,1
D:\08_Dataset\Internal\mar2020\pickle_files\88e6711433ed1333e075fe9ace2e163ccb884296.pkl,1
D:\08_Dataset\Internal\mar2020\pickle_files\46b86b90b1cc06faed96296a8d85aa45c26a4db3.pkl,1
D:\08_Dataset\Internal\mar2020\pickle_files\1d966cf12eade05ffa2b8634e5c2453e56412a0e.pkl,1
D:\08_Dataset\Internal\mar2020\pickle_files\ced5ae5d465589320e060879204ac9241e2b93c2.pkl,1
D:\08_Dataset\Internal\mar2020\pickle_files\6dd3a2e082dc85905639b0f2a88c33106fc40a33.pkl,1
D:\08_Dataset\Internal\mar2020\pickle_files\5e0b2678d457a0512a54169b802160f642bf8614.pkl,1
D:\08_Dataset\Internal\mar2020\pickle_files\94a3bbac3a6f43992b96a8bf358f70dea900a5a4.pkl,1
D:\08_Dataset\Internal\mar2020\pickle_files\adbe52e4cfc29749be315d5f69b6b63bbeb77789.pkl,1
D:\08_Dataset\Internal\mar2020\pickle_files\289a3aed2a1d27e8a1b6634304e3041d96d94520.pkl,1
D:\08_Dataset\Internal\mar2020\pickle_files\66fc1b089c599a634b043d0d545a4d623ce05ab3.pkl,1
D:\08_Dataset\Internal\mar2020\pickle_files\8e9fa40e592e43540db00cf81613776d605f9076.pkl,1
D:\08_Dataset\Internal\mar2020\pickle_files\5de6421bf243d30de1282594a7ba46251e153ae9.pkl,1
D:\08_Dataset\Internal\mar2020\pickle_files\358f89f81f833367ae5086965077984edb6d8f54.pkl,1
D:\08_Dataset\Internal\mar2020\pickle_files\b3f733a9fb6c1bdcdce074cd7b193580610c2108.pkl,1
D:\08_Dataset\Internal\mar2020\pickle_files\aa87f6598a7b33e9d1783da0eb9a64c60518bc10.pkl,1
D:\08_Dataset\Internal\mar2020\pickle_files\c72d62bb11dc4c63d8b680f4e33be13c6d4ca7ed.pkl,1
D:\08_Dataset\Internal\mar2020\pickle_files\10deff3720bf43a5ff7a5cc8ce300676e5a46d82.pkl,1
D:\08_Dataset\Internal\mar2020\pickle_files\5aa703e83af4c41dd80033b39744d190d9a24655.pkl,1
D:\08_Dataset\Internal\mar2020\pickle_files\02aa128ca97fed1bd122c46769925668b7c2e5f7.pkl,1
D:\08_Dataset\Internal\mar2020\pickle_files\9c491f45a1dc999b6e8efbcd9f06d8e40911342d.pkl,1
D:\08_Dataset\Internal\mar2020\pickle_files\9ef2eaa8352b58ebea210309df13ee6146c137e4.pkl,1
D:\08_Dataset\Internal\mar2020\pickle_files\c997ada65c23f506e581ffb5950e8be9a4ae0625.pkl,1
D:\08_Dataset\Internal\mar2020\pickle_files\2db67d0693612bede041cc37a5fcfa351158719a.pkl,1
D:\08_Dataset\Internal\mar2020\pickle_files\d7bea808244a6fcf02beefb18484bdc80f186bb7.pkl,1
D:\08_Dataset\Internal\mar2020\pickle_files\b9ce6ef0ecb0c8eb0d6da8ff6e37f0f45675f875.pkl,1
D:\08_Dataset\Internal\mar2020\pickle_files\6b3144ead3d4c4e1df0f87a637956a738797a22f.pkl,1
D:\08_Dataset\Internal\mar2020\pickle_files\fc9d55b127f89e6323c952cb77908504653aefe4.pkl,1
D:\08_Dataset\Internal\mar2020\pickle_files\dfb02046eec0ba0cea082aff335feaa03f906373.pkl,1
D:\08_Dataset\Internal\mar2020\pickle_files\515ad9b001a3fa34b7ee2bc2b058e54a2122323e.pkl,1
D:\08_Dataset\Internal\mar2020\pickle_files\d8eaff12f34e49c79026863c9de60cd2bf4e8e29.pkl,1
D:\08_Dataset\Internal\mar2020\pickle_files\49a4374383316530e3ecddab474a909a1e0edf79.pkl,1
D:\08_Dataset\Internal\mar2020\pickle_files\c623064c09412bc288726534b6aa2f85eb58722a.pkl,1
D:\08_Dataset\Internal\mar2020\pickle_files\24c96d51d3c2ca1f841889aa07f62351b731d1e8.pkl,1
D:\08_Dataset\Internal\mar2020\pickle_files\589af7ea68edbe589a65c82bbf7dbb0400f86e4f.pkl,1
D:\08_Dataset\Internal\mar2020\pickle_files\8ba5e49c2548f83819938f6fa3b4fd7d80c9225f.pkl,1
D:\08_Dataset\Internal\mar2020\pickle_files\dbdd7b357063c61498528a34e294729f5aa2f4bb.pkl,1
D:\08_Dataset\Internal\mar2020\pickle_files\f19bbfd68cbda8f3263c054ca1e22bda7d8889c4.pkl,1
D:\08_Dataset\Internal\mar2020\pickle_files\924c205d469ac921d2a51038c208344de221ffcf.pkl,1
D:\08_Dataset\Internal\mar2020\pickle_files\e7aeaf1985ff219d9679766425db7627e3d3939a.pkl,1
D:\08_Dataset\Internal\mar2020\pickle_files\cedc41726653d3761618a8a12ed74d3ad5f10d03.pkl,1
D:\08_Dataset\Internal\mar2020\pickle_files\6d0367d7b1a3df23e396d294b12a40a227292eb6.pkl,1
D:\08_Dataset\Internal\mar2020\pickle_files\0b901e8e0a5dde2917dba5091ceb3e4431ad579d.pkl,1
D:\08_Dataset\Internal\mar2020\pickle_files\d5face99dca6f8d977420619c7106f30defb989d.pkl,1
D:\08_Dataset\Internal\mar2020\pickle_files\9212ca9bf74a18cb8aa948ede0bc78ca98900e66.pkl,1
D:\08_Dataset\Internal\mar2020\pickle_files\9e4a82d966974e704a8f2a69d74e3d472eb2d6de.pkl,1
D:\08_Dataset\Internal\mar2020\pickle_files\2f36c7195d6f73e831b655c5aca675da8f23e32a.pkl,1
D:\08_Dataset\Internal\mar2020\pickle_files\4ef3843760c51453441ee8478d8c4e9213327114.pkl,1
D:\08_Dataset\Internal\mar2020\pickle_files\9332d0d355ff85febe3ca0950d2408fa1a10dedd.pkl,1
D:\08_Dataset\Internal\mar2020\pickle_files\e67a2fb521a3d653144e4825061bda3a59fb1197.pkl,1
D:\08_Dataset\Internal\mar2020\pickle_files\7c9ba2490587c5c5e5367a32b7b19dcfd0be6e3e.pkl,1
D:\08_Dataset\Internal\mar2020\pickle_files\2adcb08a1d7ea92b07327d3a0a5193cbcc6b25c6.pkl,1
D:\08_Dataset\Internal\mar2020\pickle_files\a74376dccddde0c4074eebc2845d2c2ff3c3f89d.pkl,1
D:\08_Dataset\Internal\mar2020\pickle_files\d7ad8f0ba91c0e1cb1199f4fd7f946eb74a50873.pkl,1
D:\08_Dataset\Internal\mar2020\pickle_files\1b59bad93311afb26e160515a5ca2f0398118f70.pkl,1
D:\08_Dataset\Internal\mar2020\pickle_files\20b2d05bc17dd81d8065d5bbd79cb77950f6706f.pkl,1
D:\08_Dataset\Internal\mar2020\pickle_files\2600b18a5a6b0696527816e6b7ded0a7ea854459.pkl,1
D:\08_Dataset\Internal\mar2020\pickle_files\29eae7c3c14fda0af5284850413eb1a0cf79dbd2.pkl,1
D:\08_Dataset\Internal\mar2020\pickle_files\9ca45c9cd3c216d536e072dbbdab7b9dd186f723.pkl,1
D:\08_Dataset\Internal\mar2020\pickle_files\8d53bd8f34a896d1f8762aa7c1f0cec75a9eeb1d.pkl,1
D:\08_Dataset\Internal\mar2020\pickle_files\432e6298ba1e44017f99d9280e762fadcb1c23bf.pkl,1
D:\08_Dataset\Internal\mar2020\pickle_files\78224cb97dbd31196851c6e6dc5fe1ef7fbd5ae0.pkl,1
D:\08_Dataset\Internal\mar2020\pickle_files\851d14c35080fcd0e2e17ede68808de1e0690bb1.pkl,1
D:\08_Dataset\Internal\mar2020\pickle_files\1404e5632d886f6758e65b19e933526b7645525c.pkl,1
D:\08_Dataset\Internal\mar2020\pickle_files\2cfbcd93ebeb90f265ba77df410c68d7abffd247.pkl,1
D:\08_Dataset\Internal\mar2020\pickle_files\efdc690edb936796425cf501564fdf1bd4e2aca6.pkl,1
D:\08_Dataset\Internal\mar2020\pickle_files\3ce1ca1ea72a31b76d054b95746233f00ac0b72f.pkl,1
D:\08_Dataset\Internal\mar2020\pickle_files\3ff9f4d81d7eee9fc5a1da0b6b5647a5a0585aff.pkl,1
D:\08_Dataset\Internal\mar2020\pickle_files\a98f07b7e27bb343ed6822b663c4596793baa099.pkl,1
D:\08_Dataset\Internal\mar2020\pickle_files\2ccaacd9a5f9b5a25581cda4a3243ebf48400288.pkl,1
D:\08_Dataset\Internal\mar2020\pickle_files\26d892cebccea73352f35d47c78cfcc4a37ea30c.pkl,1
D:\08_Dataset\Internal\mar2020\pickle_files\b32dbe5cac9bd65748396c97b8ba61bbfe64fbdb.pkl,1
D:\08_Dataset\Internal\mar2020\pickle_files\b9cf96d614b7a9a7153b2b67d2f101b2ef8312ea.pkl,1
D:\08_Dataset\Internal\mar2020\pickle_files\e08a386943446d2bbc960c10ba224f1fe3b08bdd.pkl,1
D:\08_Dataset\Internal\mar2020\pickle_files\703151b3e5c80bd13133726d455b7cd83f1a49db.pkl,1
D:\08_Dataset\Internal\mar2020\pickle_files\eb1e9f6f294b31edd59d6322bfd08498a35a4c5e.pkl,1
D:\08_Dataset\Internal\mar2020\pickle_files\390432426e0193e8235ccf3a8bfeffa8100498ea.pkl,1
D:\08_Dataset\Internal\mar2020\pickle_files\9ea5902a2bbf6263c9f186018038ee3f36061f46.pkl,1
D:\08_Dataset\Internal\mar2020\pickle_files\56ed0b26eb4d29abaa8cd61461c46359ef3c39f6.pkl,1
D:\08_Dataset\Internal\mar2020\pickle_files\ba409c17c28b13e3a0afaae32d7837b733c545fb.pkl,1
D:\08_Dataset\Internal\mar2020\pickle_files\981703005359281e6f64078799584a82afa41927.pkl,1
D:\08_Dataset\Internal\mar2020\pickle_files\90af9e5eb9557765ae77960b774e671dddd90d1d.pkl,1
D:\08_Dataset\Internal\mar2020\pickle_files\db2db78e8e562cf9eac47d46bab5966cf5bcac15.pkl,1
D:\08_Dataset\Internal\mar2020\pickle_files\b60d00ea7885b240c840797b189b562fcc8a00a3.pkl,1
D:\08_Dataset\Internal\mar2020\pickle_files\40d1ca307f516365c07e020833223ef79ab73e23.pkl,1
D:\08_Dataset\Internal\mar2020\pickle_files\bcdd997d07436ba0731038e379df971fdba83b0c.pkl,1
D:\08_Dataset\Internal\mar2020\pickle_files\26297a009b68a9ae6c2da9708d842b5e3ba59718.pkl,1
D:\08_Dataset\Internal\mar2020\pickle_files\c1558ef149497e96e635eb173e9cb220b35a392a.pkl,1
D:\08_Dataset\Internal\mar2020\pickle_files\c91e544455d4a513bd46794531785fbdf4ce05dc.pkl,1
D:\08_Dataset\Internal\mar2020\pickle_files\4b60f78d40f3ae0d4f3c2fc8d78cc2b37901e0c0.pkl,1
D:\08_Dataset\Internal\mar2020\pickle_files\47fde63fd18a324f5b2387f49f98bb10666da22d.pkl,1
D:\08_Dataset\Internal\mar2020\pickle_files\194dcd6f4746b126493447d782c5c92e18955f10.pkl,1
D:\08_Dataset\Internal\mar2020\pickle_files\a41291254551e26309a0d6ddfdfc8f7add83fe7e.pkl,1
D:\08_Dataset\Internal\mar2020\pickle_files\1d26ba407bcbb4ede33c08c069ccfd700536067a.pkl,1
D:\08_Dataset\Internal\mar2020\pickle_files\17021a8dc18d4475d23af11bb645fff16240e33b.pkl,1
D:\08_Dataset\Internal\mar2020\pickle_files\068086dcf960c6e44965d99a36cacc6093b95849.pkl,1
D:\08_Dataset\Internal\mar2020\pickle_files\78897ef567b5a12d6026b4210f783675e259fc9a.pkl,1
D:\08_Dataset\Internal\mar2020\pickle_files\43a5bd51a55dab1d4abab9b766f436646d427dfb.pkl,1
D:\08_Dataset\Internal\mar2020\pickle_files\c388b55266815d389e3f852bc46b99d355de69a4.pkl,1
D:\08_Dataset\Internal\mar2020\pickle_files\41b5513a68b7c45a377fb5cb5047570e0b715ec2.pkl,1
D:\08_Dataset\Internal\mar2020\pickle_files\71f23b71d1774de07cee731672ff7bf4df727e16.pkl,1
D:\08_Dataset\Internal\mar2020\pickle_files\b6bfe7cf0a24868b91f93a3b0ae6221bfdfed9c2.pkl,1
D:\08_Dataset\Internal\mar2020\pickle_files\bc82ae93018640ec499b89e1980ef70f3b5c8a55.pkl,1
D:\08_Dataset\Internal\mar2020\pickle_files\7a55bc4ae064c84adec3a1d1047c5c06d5a849df.pkl,1
D:\08_Dataset\Internal\mar2020\pickle_files\3aa550428194e7dfe684f597ac9cebcd5341a076.pkl,1
D:\08_Dataset\Internal\mar2020\pickle_files\fb6ce358259447d47f3b21ce16ea4803c8f73785.pkl,1
D:\08_Dataset\Internal\mar2020\pickle_files\8f68f4a3dc53fc2066a9f5b9b363058fa94c107b.pkl,1
D:\08_Dataset\Internal\mar2020\pickle_files\5917a11228129b7efc3e438e71d5f181334f7c1e.pkl,1
D:\08_Dataset\Internal\mar2020\pickle_files\bf06a52e1da62e030d9d6ebe6be2e2c573da7bcf.pkl,1
D:\08_Dataset\Internal\mar2020\pickle_files\9a27f5fd271000a314c4c926c53fb67f669b89ba.pkl,1
D:\08_Dataset\Internal\mar2020\pickle_files\a5e03e8f6aef266bcd11d54ccd1259ae6fabbcba.pkl,1
D:\08_Dataset\Internal\mar2020\pickle_files\6888ba5fac08cf5ecbda915654672f77dbf57faa.pkl,1
D:\08_Dataset\Internal\mar2020\pickle_files\25ffed43d2fc63a2c074c167df4c56dce75784b4.pkl,1
D:\08_Dataset\Internal\mar2020\pickle_files\b66cab02decbce519b9830a418ba6911bfa293d8.pkl,1
D:\08_Dataset\Internal\mar2020\pickle_files\17e9ae7951a06c30abe10ece05e9946643a26ebe.pkl,1
D:\08_Dataset\Internal\mar2020\pickle_files\1d2a9448a7e1f7b783452a17799a12f2a0562551.pkl,1
D:\08_Dataset\Internal\mar2020\pickle_files\4c388caa4a2905e6de428c6b91a712d9517e9bd9.pkl,1
D:\08_Dataset\Internal\mar2020\pickle_files\f5280f6c77c91b219225f57337401e4a5d4513ca.pkl,1
D:\08_Dataset\Internal\mar2020\pickle_files\17031ea0cd0c7f4c48f36069f180247af844c487.pkl,1
D:\08_Dataset\Internal\mar2020\pickle_files\6194f23cf102ea396f6acfa3e5dee4a241665101.pkl,1
D:\08_Dataset\Internal\mar2020\pickle_files\617536d27c4e996cb3da64f9920cbdbe3c669ca5.pkl,1
D:\08_Dataset\Internal\mar2020\pickle_files\98205fc346d09578086f5fc302e78681ce27e38f.pkl,1
D:\08_Dataset\Internal\mar2020\pickle_files\e2b5d2ae51f4d2b1663a9c72a05f4a46fb8c8214.pkl,1
D:\08_Dataset\Internal\mar2020\pickle_files\1d6fbe9e03f9d1cbcb4dc1b3bd72fe5eee196234.pkl,1
D:\08_Dataset\Internal\mar2020\pickle_files\6791b7bf0ac7ab47425fc1510de35e50a2112b06.pkl,1
D:\08_Dataset\Internal\mar2020\pickle_files\ef24118b6fb64dba4e2ad49b2553a0a88a5f6c8b.pkl,1
D:\08_Dataset\Internal\mar2020\pickle_files\a93a94a645fe80c7891247c42978cd9ca9ace8fc.pkl,1
D:\08_Dataset\Internal\mar2020\pickle_files\80ab2d4e3e9229f6c2e86d64989cd5411e12fd74.pkl,1
D:\08_Dataset\Internal\mar2020\pickle_files\9317486b29c4acb11f986a9c5ed307f060553fd6.pkl,1
D:\08_Dataset\Internal\mar2020\pickle_files\75a45fef55d8f98f57a10d2afa8b3da3e235c8d0.pkl,1
D:\08_Dataset\Internal\mar2020\pickle_files\cbf308132af4b4ba5d76bdbf2b0bf1c112a4547e.pkl,1
D:\08_Dataset\Internal\mar2020\pickle_files\b94245a83c9b71912735e4c04a75912f622d0597.pkl,1
D:\08_Dataset\Internal\mar2020\pickle_files\e024363a6b6b9a5db1b467e63aece3065087f059.pkl,1
D:\08_Dataset\Internal\mar2020\pickle_files\c42323580386dcc634060145dd5682a4186850b6.pkl,1
D:\08_Dataset\Internal\mar2020\pickle_files\95b7e675cdef3b37a645895526e269b453a823fc.pkl,1
D:\08_Dataset\Internal\mar2020\pickle_files\e15659991de2bfcc2d7484cc9de7f497e6210781.pkl,1
D:\08_Dataset\Internal\mar2020\pickle_files\c127bf20bb3d8f5eb4be388d05e44202763d7ebe.pkl,1
D:\08_Dataset\Internal\mar2020\pickle_files\00acec4eabe30a0439e0c726e5b9e7bc71a02589.pkl,1
D:\08_Dataset\Internal\mar2020\pickle_files\ab6c312dcb2d48dae232ca36e966b60f669890d6.pkl,1
D:\08_Dataset\Internal\mar2020\pickle_files\1394330c2651f70c167fb0c8ac877e1ba1f70dbc.pkl,1
D:\08_Dataset\Internal\mar2020\pickle_files\dbb58462da0bde69f3082a7791e762c3625ae766.pkl,1
D:\08_Dataset\Internal\mar2020\pickle_files\f21ee8bf01cc3458d600e1950652bc458979b592.pkl,1
D:\08_Dataset\Internal\mar2020\pickle_files\0eaec33d2b4fd8086e8a80e90d4f447029cbe9de.pkl,1
D:\08_Dataset\Internal\mar2020\pickle_files\1702e017c441ceb1a87862df7a136bd88923319a.pkl,1
D:\08_Dataset\Internal\mar2020\pickle_files\962f6c6718a367e25342959554fd58348361c15d.pkl,1
D:\08_Dataset\Internal\mar2020\pickle_files\f6c78796333fa1461207b08f756aba79b23e5dc1.pkl,1
D:\08_Dataset\Internal\mar2020\pickle_files\83b849824d138480d30f18da4eec2c6cf0b619fb.pkl,1
D:\08_Dataset\Internal\mar2020\pickle_files\7fa1bcaff11eb54055eb4ea09f4052217aeb8d66.pkl,1
D:\08_Dataset\Internal\mar2020\pickle_files\ad7aa1acc3c9b5f1815c757b5dab952241ae8625.pkl,1
D:\08_Dataset\Internal\mar2020\pickle_files\64d7e8a313cfcb32e3f22e24c20d81c6bf4ea20f.pkl,1
D:\08_Dataset\Internal\mar2020\pickle_files\624ea85346d087b6dd2d45da32ef805f533c7c94.pkl,1
D:\08_Dataset\Internal\mar2020\pickle_files\077c6355e8339df93a7e64f108b49c630ded19e5.pkl,1
D:\08_Dataset\Internal\mar2020\pickle_files\365aaa23dee997637b08d7c0123aa33c263801d4.pkl,1
D:\08_Dataset\Internal\mar2020\pickle_files\4a1965e1edda5242f72135a37a06140a827eb643.pkl,1
D:\08_Dataset\Internal\mar2020\pickle_files\0d30b9c3ccef1febf62e5d4b81cc0ef34710266a.pkl,1
D:\08_Dataset\Internal\mar2020\pickle_files\db14791258fb3682ccdda433b4ee302c89390960.pkl,1
D:\08_Dataset\Internal\mar2020\pickle_files\1fe3dbed66fa32bda0ee372308816c7a5cc21fa2.pkl,1
D:\08_Dataset\Internal\mar2020\pickle_files\0e244a2451f8a3f3ab3a19bb6790722117ca2938.pkl,1
D:\08_Dataset\Internal\mar2020\pickle_files\3d92c4398a46d0e0f841a8c385c81b5ce4c617d8.pkl,1
D:\08_Dataset\Internal\mar2020\pickle_files\f5768e13409691692a2238683dabd0820009a15c.pkl,1
D:\08_Dataset\Internal\mar2020\pickle_files\1bd2dc935017c7a1ee7008178845c5ba71c71a3d.pkl,1
D:\08_Dataset\Internal\mar2020\pickle_files\b704d9504824b81c2bc358280aecce5c6efb1a9b.pkl,1
D:\08_Dataset\Internal\mar2020\pickle_files\8a252a4234ecc2fa96b46d582d5b7a17c5bed2f9.pkl,1
D:\08_Dataset\Internal\mar2020\pickle_files\e7990aac3babf752ca6ace7a48bb7b624435cf34.pkl,1
D:\08_Dataset\Internal\mar2020\pickle_files\ad3edd069855da8b5dfa012e063ab01be103e238.pkl,1
D:\08_Dataset\Internal\mar2020\pickle_files\613755c7daa5d47cb988d1ce7b271ec124f12c98.pkl,1
D:\08_Dataset\Internal\mar2020\pickle_files\614b6251919503d37c45a0d3ea73e670a287d311.pkl,1
D:\08_Dataset\Internal\mar2020\pickle_files\602129b8d641aac4d7a61d93e9be899a67297591.pkl,1
D:\08_Dataset\Internal\mar2020\pickle_files\c8d2368510bfe152fafd82d3966f8480af8990f7.pkl,1
D:\08_Dataset\Internal\mar2020\pickle_files\2cb1911970824dd44e02f55ac5fe91090a5e8d9a.pkl,1
D:\08_Dataset\Internal\mar2020\pickle_files\05adc646a022065202426a6b63db88711446c019.pkl,1
D:\08_Dataset\Internal\mar2020\pickle_files\5edf3c07aef262bb8e7459b590a9872a88ed7d21.pkl,1
D:\08_Dataset\Internal\mar2020\pickle_files\25fb208b65e2a12b86d5bd194a1439bfb6892f0d.pkl,1
D:\08_Dataset\Internal\mar2020\pickle_files\b7b3930e09fea482402d37f299feebe150030333.pkl,1
D:\08_Dataset\Internal\mar2020\pickle_files\a6bb21215a195016aa694b9c2b316b8b359eba3f.pkl,1
D:\08_Dataset\Internal\mar2020\pickle_files\4840ff4808818f87b812a29205bcaeae0daa9f94.pkl,1
D:\08_Dataset\Internal\mar2020\pickle_files\18a7a0002569810bf5047aa71c0933f40fede61b.pkl,1
D:\08_Dataset\Internal\mar2020\pickle_files\f5ca5f9c4bc3f0fb7870702e6363524d3f7d7f0a.pkl,1
D:\08_Dataset\Internal\mar2020\pickle_files\d0e5ded552ed93b0bea7714fd6cfee0be8c70ad5.pkl,1
D:\08_Dataset\Internal\mar2020\pickle_files\6ab4bc76e1abcfcc765a2856345dba1126a8000e.pkl,1
D:\08_Dataset\Internal\mar2020\pickle_files\0494376f3aaf3542ab7256eb1d742bc47ca5a1c5.pkl,1
D:\08_Dataset\Internal\mar2020\pickle_files\eb50aa8847d91bd244debbcd1d4d83d294e440a2.pkl,1
D:\08_Dataset\Internal\mar2020\pickle_files\24b6b65299d180a143fd8a5111243a15e95154c7.pkl,1
D:\08_Dataset\Internal\mar2020\pickle_files\48544eada009d173a975fe88604c0023a754a8b3.pkl,1
D:\08_Dataset\Internal\mar2020\pickle_files\ac99ece5dc096bbd30d5d25ad8436a359a168cb8.pkl,1
D:\08_Dataset\Internal\mar2020\pickle_files\b206685255bfc06fbfd779dc85349a872628f272.pkl,1
D:\08_Dataset\Internal\mar2020\pickle_files\9a856fdbf78b4eef44acd094323efced488c3e94.pkl,1
D:\08_Dataset\Internal\mar2020\pickle_files\928d48f4ac9062f2d90fdf85815f12ad9a31a4e6.pkl,1
D:\08_Dataset\Internal\mar2020\pickle_files\a870152b35430f9ae58761677bed557278ef21d7.pkl,1
D:\08_Dataset\Internal\mar2020\pickle_files\32437769592335b174e1a796e57c70df2d1c9526.pkl,1
D:\08_Dataset\Internal\mar2020\pickle_files\0482d33d8a7d71dbaf81929df1d802cbcf7ba95c.pkl,1
D:\08_Dataset\Internal\mar2020\pickle_files\97c7b6b8660a8b2e9acfa77ded5eae38e3195748.pkl,1
D:\08_Dataset\Internal\mar2020\pickle_files\1cb7f02f7e430610413cefe2457b716220894423.pkl,1
D:\08_Dataset\Internal\mar2020\pickle_files\d1b35a99216050abeafc596029c715528a36e054.pkl,1
D:\08_Dataset\Internal\mar2020\pickle_files\79217c41e532f1487d17d51aaac3afbad3612ab5.pkl,1
D:\08_Dataset\Internal\mar2020\pickle_files\71e59294f3230774ed9e46e9d40e355f700b0ee8.pkl,1
D:\08_Dataset\Internal\mar2020\pickle_files\9cbb8c269415495b88d3e3880f8b7b23b1521cb2.pkl,1
D:\08_Dataset\Internal\mar2020\pickle_files\b4bb1ef171603e25f38a885b9e89ead7bbec7e0c.pkl,1
D:\08_Dataset\Internal\mar2020\pickle_files\fab3daa695defc3ba0c2ff850acc6b95c149ff53.pkl,1
D:\08_Dataset\Internal\mar2020\pickle_files\6a73133eaa91ad7fd03f5d0edce3d157dc42e5e3.pkl,1
D:\08_Dataset\Internal\mar2020\pickle_files\00908977a10ec2d098a23691366bb6ed54a5914d.pkl,1
D:\08_Dataset\Internal\mar2020\pickle_files\d9db81459d5a407e4fc33ac31a2ee90167a506b3.pkl,1
D:\08_Dataset\Internal\mar2020\pickle_files\277fef0f08795f2dd0f1af2dbee5b2bb5d370f42.pkl,1
D:\08_Dataset\Internal\mar2020\pickle_files\be32b1000a23b3a30141e851b37dcee0b5343ee4.pkl,1
D:\08_Dataset\Internal\mar2020\pickle_files\aad05daac7cf4f3496e317f446ec5c7f2969390a.pkl,1
D:\08_Dataset\Internal\mar2020\pickle_files\fe1317a8b6fafcd7ea83348eb043f3d65b91e9c6.pkl,1
D:\08_Dataset\Internal\mar2020\pickle_files\122c0f8266f8049a027693feb31da6c674ec89dd.pkl,1
D:\08_Dataset\Internal\mar2020\pickle_files\72d553f10e09a835301088e4ac3b83423306e228.pkl,1
D:\08_Dataset\Internal\mar2020\pickle_files\60ba6a78426564fe808a79fdbb47b2d522f557ce.pkl,1
D:\08_Dataset\Internal\mar2020\pickle_files\07fbf493f80af4f615e0fb627332de0f26d3f92d.pkl,1
D:\08_Dataset\Internal\mar2020\pickle_files\bcd009c00ff2de967976597bc20e2f6c7f2c6fc2.pkl,1
D:\08_Dataset\Internal\mar2020\pickle_files\e2ae5b6ebce190d33801e59421f8608d22b8459d.pkl,1
D:\08_Dataset\Internal\mar2020\pickle_files\683b7ae56c4e119b96c821fa894993fa9c29875a.pkl,1
D:\08_Dataset\Internal\mar2020\pickle_files\eab5e7564a5c5158990c9a897761390264e415f3.pkl,1
D:\08_Dataset\Internal\mar2020\pickle_files\d86d028021b32e699d36a3574ec667f66e20c129.pkl,1
D:\08_Dataset\Internal\mar2020\pickle_files\3d5b09d88d7478f9c686f8a6c9b6ff326b819c3a.pkl,1
D:\08_Dataset\Internal\mar2020\pickle_files\10e0314a9cc3b1ad349555c833eac7ab0515f057.pkl,1
D:\08_Dataset\Internal\mar2020\pickle_files\ca4695d03ad7e54c61f1284c672d291cd4bf3eec.pkl,1
D:\08_Dataset\Internal\mar2020\pickle_files\d5cad79b4a7c4117890f9fdc4ff560270e2d31af.pkl,1
D:\08_Dataset\Internal\mar2020\pickle_files\299e31008476f02597e3a6c7662bcb42db8b2bb0.pkl,1
D:\08_Dataset\Internal\mar2020\pickle_files\189007c4e7494f48bf8567c99a09b251891d76cc.pkl,1
D:\08_Dataset\Internal\mar2020\pickle_files\05bb593a9f4f89ec283d532a81801098115fafb5.pkl,1
D:\08_Dataset\Internal\mar2020\pickle_files\24aa7ae39f91ac2c4c19c1881b54dc0a3d991dae.pkl,1
D:\08_Dataset\Internal\mar2020\pickle_files\b59bb9affa4e1c8b809ce6c2e7645ce719cae9a7.pkl,1
D:\08_Dataset\Internal\mar2020\pickle_files\3ada7a856489bc435c681324a985aa98bc90bcb9.pkl,1
D:\08_Dataset\Internal\mar2020\pickle_files\0dd94b82bed01c7b345cd0ca31cc1c7022396f0b.pkl,1
D:\08_Dataset\Internal\mar2020\pickle_files\d832d30239f8cabd5a4548dfe40ea3e3363fb536.pkl,1
D:\08_Dataset\Internal\mar2020\pickle_files\bba4dd94693c80a0c4d403752b8c9790d876eceb.pkl,1
D:\08_Dataset\Internal\mar2020\pickle_files\9509d1c894e3e9774c2fe075ad40c4275ae5ce24.pkl,1
D:\08_Dataset\Internal\mar2020\pickle_files\aa9df47f49b2acfb341269328349514f615eb66e.pkl,1
D:\08_Dataset\Internal\mar2020\pickle_files\99e793648a282316ccca73608a5db57b8460ee7b.pkl,1
D:\08_Dataset\Internal\mar2020\pickle_files\e3dcca092888dc1511d4166b45764f1afc5e999d.pkl,1
D:\08_Dataset\Internal\mar2020\pickle_files\fb3516984dec5da03c65b754300a94b901ff6d8e.pkl,1
D:\08_Dataset\Internal\mar2020\pickle_files\481e4f78e7e42b3569e913d543e2c4599a8d4ddf.pkl,1
D:\08_Dataset\Internal\mar2020\pickle_files\c85e5ef978858e3c8c57ac39d62f1f11fc08b88b.pkl,1
D:\08_Dataset\Internal\mar2020\pickle_files\8ec68f7b7177b84b0c5f53e10d53ee6368bbd206.pkl,1
D:\08_Dataset\Internal\mar2020\pickle_files\aad841a69a016973d6c68bdf57efe25ef051905b.pkl,1
D:\08_Dataset\Internal\mar2020\pickle_files\75b6cdd686319297a1f13ac598281ed91c4dcbe6.pkl,1
D:\08_Dataset\Internal\mar2020\pickle_files\b02132e2c7bbdceda918c5158d569b86d2fe776f.pkl,1
D:\08_Dataset\Internal\mar2020\pickle_files\21e13cde07143a1af6cdefed86c81afc43c6c918.pkl,1
D:\08_Dataset\Internal\mar2020\pickle_files\bbb3713b3f21d08cea37a3664e2ecfb4a50af849.pkl,1
D:\08_Dataset\Internal\mar2020\pickle_files\6f1f4f13a916a9b47f2271effcf4ab65e54a15ea.pkl,1
D:\08_Dataset\Internal\mar2020\pickle_files\765fd4a63af4eaaed62e1b98fdc506250f1b241f.pkl,1
D:\08_Dataset\Internal\mar2020\pickle_files\c14dc26be619af31b7f8cbeb76dac06fe0b9c827.pkl,1
D:\08_Dataset\Internal\mar2020\pickle_files\5de3d0272b174325290b8c6ab13e4c87229f743e.pkl,1
D:\08_Dataset\Internal\mar2020\pickle_files\d6da07c1d1291e561026f72e94ebf634adc1441a.pkl,1
D:\08_Dataset\Internal\mar2020\pickle_files\bd364bbcc7441289efa1e1f3e509e237c6346ec8.pkl,1
D:\08_Dataset\Internal\mar2020\pickle_files\5b57be9a5ae60f76e1d4a34669f527e360356fc7.pkl,1
D:\08_Dataset\Internal\mar2020\pickle_files\c679fb3b75e21a6a1c2ada70dc22d326b52da212.pkl,1
D:\08_Dataset\Internal\mar2020\pickle_files\82e1407de9a66fed04f9dd1d547308c89dc71f0c.pkl,1
D:\08_Dataset\Internal\mar2020\pickle_files\272be916659e6c445de7132553d6628fb4718b75.pkl,1
D:\08_Dataset\Internal\mar2020\pickle_files\502b7c77f7ad672130e00db5bfd957f464d0fd1c.pkl,1
D:\08_Dataset\Internal\mar2020\pickle_files\ca93360fd89eaac638f2fd1526d175c4a57617ac.pkl,1
D:\08_Dataset\Internal\mar2020\pickle_files\15d8e640c6c4439e6ee20305737479a0d6861cd0.pkl,1
D:\08_Dataset\Internal\mar2020\pickle_files\91cfa519458dd6d603289007c9ba20c2a32603db.pkl,1
D:\08_Dataset\Internal\mar2020\pickle_files\76c5655f146587c51854486b9ab716f963e0e6ec.pkl,1
D:\08_Dataset\Internal\mar2020\pickle_files\74ea126eff3db145b8254599637f4ad70f486d27.pkl,1
D:\08_Dataset\Internal\mar2020\pickle_files\dcc74225d9886ab7e7ae121796c230991dbc4557.pkl,1
D:\08_Dataset\Internal\mar2020\pickle_files\cb67d8f327258c4567aedacacf2801afa4c3fc64.pkl,1
D:\08_Dataset\Internal\mar2020\pickle_files\5cd655a148cbe412fa5c3985032524f7f37c29df.pkl,1
D:\08_Dataset\Internal\mar2020\pickle_files\8cea650ab3c279454251d88f1cf70cf78034a4bd.pkl,1
D:\08_Dataset\Internal\mar2020\pickle_files\b9d7456991f372cf2f415b6cf1c607815872750c.pkl,1
D:\08_Dataset\Internal\mar2020\pickle_files\9eb4e94bd535cace2d3dedc090a115f66ebd06d2.pkl,1
D:\08_Dataset\Internal\mar2020\pickle_files\e5356ec338269fb7c618baea85d6ba1ee45477d5.pkl,1
D:\08_Dataset\Internal\mar2020\pickle_files\f78ca9660e7e4760c9cc81d087507e8269994d64.pkl,1
D:\08_Dataset\Internal\mar2020\pickle_files\684f2ff25b73fe3a575d24bd3ececb38bad84533.pkl,1
D:\08_Dataset\Internal\mar2020\pickle_files\ea48d6e2f39a1827e6e61fb79f3b79586cd157a2.pkl,1
D:\08_Dataset\Internal\mar2020\pickle_files\280ff99667c84e693c7dee9ca1ec8557265ed24b.pkl,1
D:\08_Dataset\Internal\mar2020\pickle_files\f5dba73fedcabe7adb6f2073cc8f1c8ad2568058.pkl,1
D:\08_Dataset\Internal\mar2020\pickle_files\db2ad52c200fdd50c18ea6e213feb98d455d1b91.pkl,1
D:\08_Dataset\Internal\mar2020\pickle_files\9a7569fc828456c419c8cb0ced841b1ba2ebacdb.pkl,1
D:\08_Dataset\Internal\mar2020\pickle_files\131fa6954be7e9ae7da9c492445283c047801044.pkl,1
D:\08_Dataset\Internal\mar2020\pickle_files\e3b64be96c318827d51ce053327bbf687502a32b.pkl,1
D:\08_Dataset\Internal\mar2020\pickle_files\d1d6d4204f8e6ab1d951f83a57ccac1847c581e8.pkl,1
D:\08_Dataset\Internal\mar2020\pickle_files\fe1f51d692f7c15574edd0cb6c8f03c8c1403dc4.pkl,1
D:\08_Dataset\Internal\mar2020\pickle_files\07883672376a98757213dd20a2660fc794f1b42a.pkl,1
D:\08_Dataset\Internal\mar2020\pickle_files\59eafebefc40bcbf7044ccbf7fa75fca02268892.pkl,1
D:\08_Dataset\Internal\mar2020\pickle_files\68f7d7e734e0fe0ad9820bb63c4a9afe563e6188.pkl,1
D:\08_Dataset\Internal\mar2020\pickle_files\39a4cafcab032f5e62e11dec1adcf0935a75e031.pkl,1
D:\08_Dataset\Internal\mar2020\pickle_files\bc14a10b23ef807fd20483388178caea98e20bd1.pkl,1
D:\08_Dataset\Internal\mar2020\pickle_files\9f8356265de169c2106eb163768b664f96dd1f6f.pkl,1
D:\08_Dataset\Internal\mar2020\pickle_files\36c59be4385b2573dc06a5a21c5d5b4d8f68b81e.pkl,1
D:\08_Dataset\Internal\mar2020\pickle_files\5b78c62acf9ea06e22e0b1c01b9dde5cda77a661.pkl,1
D:\08_Dataset\Internal\mar2020\pickle_files\0e0324d7b42299fe2825a6b0718a74ff9ff9b2ed.pkl,1
D:\08_Dataset\Internal\mar2020\pickle_files\480ae9c66dd9293bf201356cf31ab9ff5018fc69.pkl,1
D:\08_Dataset\Internal\mar2020\pickle_files\067bb4f9be9ed59dc2571ce488376db366f43f5d.pkl,1
D:\08_Dataset\Internal\mar2020\pickle_files\306432de2980816059eb59cb0f03fdb5cade22ac.pkl,1
D:\08_Dataset\Internal\mar2020\pickle_files\00420421949fdb0a0e34c2055ab652ad128f65f5.pkl,1
D:\08_Dataset\Internal\mar2020\pickle_files\1d456b724333ad9131f0d907f5911289be7d7ec6.pkl,1
D:\08_Dataset\Internal\mar2020\pickle_files\1ae4f7f2fb8a93ef4d0b8eb68c5eaf51df093dd9.pkl,1
D:\08_Dataset\Internal\mar2020\pickle_files\fc7aec9787d6f304538723cc8b9d52421febfc9e.pkl,1
D:\08_Dataset\Internal\mar2020\pickle_files\9aa21c6072c40ac6352e362123691f7d8cf04999.pkl,1
D:\08_Dataset\Internal\mar2020\pickle_files\dcb73deaf4ed6bb9d5674bd016c7c4ced5006079.pkl,1
D:\08_Dataset\Internal\mar2020\pickle_files\f4d12df1da3b98f7b4a7f2436174445f67e6eb4c.pkl,1
D:\08_Dataset\Internal\mar2020\pickle_files\5d4d4d07622c2da8fbe8535bf2369f62363f5e9f.pkl,1
D:\08_Dataset\Internal\mar2020\pickle_files\d55419b1e1f520bc16f206d60fc3a165b1f6c68c.pkl,1
D:\08_Dataset\Internal\mar2020\pickle_files\2314ad9c010293fd8e541a03199edeae3f900cb5.pkl,1
D:\08_Dataset\Internal\mar2020\pickle_files\631b2ab4bf67f727df6d7c254bd58cf346229891.pkl,1
D:\08_Dataset\Internal\mar2020\pickle_files\a9d0dc68995ebdd3f43f072f0c734335381dea03.pkl,1
D:\08_Dataset\Internal\mar2020\pickle_files\1b8ebac3f8a5f2d6f2fa4573b2c5528955587b0a.pkl,1
D:\08_Dataset\Internal\mar2020\pickle_files\5257389f0c51d9508e8c4e3132f69333464feb7a.pkl,1
D:\08_Dataset\Internal\mar2020\pickle_files\d7450efdfd8ae97299955367d75c744e96f5f55f.pkl,1
D:\08_Dataset\Internal\mar2020\pickle_files\3d7de80ef270cdf6cbdcfacf0b0e56824607c6fe.pkl,1
D:\08_Dataset\Internal\mar2020\pickle_files\0d200fff976b355d5d79b9338c020a4d542cb4d4.pkl,1
D:\08_Dataset\Internal\mar2020\pickle_files\fb01624f02c32db0a9f7377184f4f8154eef9fd5.pkl,1
D:\08_Dataset\Internal\mar2020\pickle_files\227cec8c8c1d7504b24becc0235aba561a7b04c2.pkl,1
D:\08_Dataset\Internal\mar2020\pickle_files\4387ec57c45e504befa09d6559139f8343119684.pkl,1
D:\08_Dataset\Internal\mar2020\pickle_files\0a2df843052a3818ac156025d2108b43fcffb9e2.pkl,1
D:\08_Dataset\Internal\mar2020\pickle_files\c2361eca05b3fe2056fec084a4bee98aa5ccd005.pkl,1
D:\08_Dataset\Internal\mar2020\pickle_files\dd97ed48797b5a594f6668c60cbc8315fd2a0cb9.pkl,1
D:\08_Dataset\Internal\mar2020\pickle_files\b1059d236bdeca7b789693b27109cae1da84d024.pkl,1
D:\08_Dataset\Internal\mar2020\pickle_files\788383fefaba19c48c418f3c9402c8e28070f153.pkl,1
D:\08_Dataset\Internal\mar2020\pickle_files\34435c47d7039aa5bc6359945482198a965c4d66.pkl,1
D:\08_Dataset\Internal\mar2020\pickle_files\40080468e0f807ac2fbd6a3ccdbd1f61d80e5c93.pkl,1
D:\08_Dataset\Internal\mar2020\pickle_files\e5c271f1793fd9ab23c06d85611e26b6c198103c.pkl,1
D:\08_Dataset\Internal\mar2020\pickle_files\2a7bdc67979b6fc8dfddc3fbf296ff8ac9c29a9c.pkl,1
D:\08_Dataset\Internal\mar2020\pickle_files\16fd9074a1355dad62c2fb1834292d62907a0cfd.pkl,1
D:\08_Dataset\Internal\mar2020\pickle_files\aa38ede1fedd2bc005a6695b9c1ae085ef3e842b.pkl,1
D:\08_Dataset\Internal\mar2020\pickle_files\8eed00d72db402ed7fe81607a18092197f8b25f7.pkl,1
D:\08_Dataset\Internal\mar2020\pickle_files\0eec7961ecfec1472a0dcafed583f8c98e0f880b.pkl,1
D:\08_Dataset\Internal\mar2020\pickle_files\6c099e4deec716d41d63823eb89a888abdc02aaa.pkl,1
D:\08_Dataset\Internal\mar2020\pickle_files\0e9497e400bc89bbcf32c9c14dc852fa87d00661.pkl,1
D:\08_Dataset\Internal\mar2020\pickle_files\38d5529e4b1cb35acb7695c1cde0f0bbf37ada21.pkl,1
D:\08_Dataset\Internal\mar2020\pickle_files\1d18352c7b337b774d937db9d515f1781d42e262.pkl,1
D:\08_Dataset\Internal\mar2020\pickle_files\5025839488b0182ae4343b8905e509435d2fbae7.pkl,1
D:\08_Dataset\Internal\mar2020\pickle_files\f3c37fefa5429af8caabe8bca64236b57b0e82d6.pkl,1
D:\08_Dataset\Internal\mar2020\pickle_files\40247e62257b6580fef37798b1e50e0aea52aab4.pkl,1
D:\08_Dataset\Internal\mar2020\pickle_files\79d24dd482952457e1e8b83e260414f23eb8e1bf.pkl,1
D:\08_Dataset\Internal\mar2020\pickle_files\7666e270f8246d5c2912f6cce8d7b2b4c002c36a.pkl,1
D:\08_Dataset\Internal\mar2020\pickle_files\d4314d8d54cbe72057d645769e40f4aff16f02e8.pkl,1
D:\08_Dataset\Internal\mar2020\pickle_files\93232bd0aede3294c9c78caee2236912e374d439.pkl,1
D:\08_Dataset\Internal\mar2020\pickle_files\854fd20721f6b620fd844f7c6b2ad3bb27109079.pkl,1
D:\08_Dataset\Internal\mar2020\pickle_files\0b1e141e52eb4de48f2e77056b0d0dc3783ed700.pkl,1
D:\08_Dataset\Internal\mar2020\pickle_files\e614ed5a6f80f02596c0686f4425a45c1c93c625.pkl,1
D:\08_Dataset\Internal\mar2020\pickle_files\c98a343182577921c12d0756373ff5cca0e630a7.pkl,1
D:\08_Dataset\Internal\mar2020\pickle_files\582b5c824d42ec7ae777a029f9a258f7e11d9a05.pkl,1
D:\08_Dataset\Internal\mar2020\pickle_files\973e3038c7360b386f53d8d3a2820843ec2a1d3f.pkl,1
D:\08_Dataset\Internal\mar2020\pickle_files\1cd90783a6cfcc5533c270847a148805d4b2707e.pkl,1
D:\08_Dataset\Internal\mar2020\pickle_files\88f926d4e5ced2514889ddc6828f0581479d646e.pkl,1
D:\08_Dataset\Internal\mar2020\pickle_files\3d98a9198c246b2722be07b108fa6ab983ad8e8e.pkl,1
D:\08_Dataset\Internal\mar2020\pickle_files\bb340daccd3fcd9dfd01eed6cd83f2b413f14c68.pkl,1
D:\08_Dataset\Internal\mar2020\pickle_files\9c08bbb6a98af90a5554cfef8d1cc55f4adb6235.pkl,1
D:\08_Dataset\Internal\mar2020\pickle_files\b54e1ce9f0ba0c0ffca87e1403dba14eae924015.pkl,1
D:\08_Dataset\Internal\mar2020\pickle_files\befb24e574db2f6d98cdc0a739f7b4c36d5aab0c.pkl,1
D:\08_Dataset\Internal\mar2020\pickle_files\5a60a359698846fb35cb0e4babe5908921767ed7.pkl,1
D:\08_Dataset\Internal\mar2020\pickle_files\da47f90fd38a55802397c239ef9ffca9b9176df3.pkl,1
D:\08_Dataset\Internal\mar2020\pickle_files\d1f798680559ff3d969e4864125a3894b2d2c57d.pkl,1
D:\08_Dataset\Internal\mar2020\pickle_files\2b2cad517f5b537989bf2d8571ea4990d64a78b1.pkl,1
D:\08_Dataset\Internal\mar2020\pickle_files\9bc8537c29ad632419176e3453ae5f47f6d14f6f.pkl,1
D:\08_Dataset\Internal\mar2020\pickle_files\948c97becdb6ac3c698a03e3c28c0ad06a42b2e4.pkl,1
D:\08_Dataset\Internal\mar2020\pickle_files\d5bf3a743276cffbcd4902892cc338ce096c6ace.pkl,1
D:\08_Dataset\Internal\mar2020\pickle_files\d778943b3338c1af6ba19294e1ac65e023c1836a.pkl,1
D:\08_Dataset\Internal\mar2020\pickle_files\e8fdaf048d546ae45ff2825637291722a620a446.pkl,1
D:\08_Dataset\Internal\mar2020\pickle_files\0f032b2e3a71d36a83d1e66c3b488439c06dda78.pkl,1
D:\08_Dataset\Internal\mar2020\pickle_files\df75249d2cb52e98ced962d2256b1b2c7f9703b6.pkl,1
D:\08_Dataset\Internal\mar2020\pickle_files\3d20cbe455023f9080799da41d862129f2779688.pkl,1
D:\08_Dataset\Internal\mar2020\pickle_files\d3a8bb027a99a45f2c9ca3f2a5abd8863a53b127.pkl,1
D:\08_Dataset\Internal\mar2020\pickle_files\f2e4bd0a7d114dcded4fdb58877989533f3eaffd.pkl,1
D:\08_Dataset\Internal\mar2020\pickle_files\d956d1241ab0f6841c55c7110b19d4c96dfbc2bf.pkl,1
D:\08_Dataset\Internal\mar2020\pickle_files\bf5406aeb7248ddc2d9d83931c548634e3dba9d8.pkl,1
D:\08_Dataset\Internal\mar2020\pickle_files\f89a788a876082a79abe3934da6e094f6d4fc8fd.pkl,1
D:\08_Dataset\Internal\mar2020\pickle_files\adca1b61ac6e4a219c57816ca30a88f4f9a79444.pkl,1
D:\08_Dataset\Internal\mar2020\pickle_files\595d54d062b146841436b3d51e1fd8afff24d0a3.pkl,1
D:\08_Dataset\Internal\mar2020\pickle_files\c2fd65330f0c04d348ddc861824f578766de28ca.pkl,1
D:\08_Dataset\Internal\mar2020\pickle_files\b5dff6c414b27d344dd6486a46086216c7672a16.pkl,1
D:\08_Dataset\Internal\mar2020\pickle_files\400332e85a06825a768ebee99f9df92e4ea7b215.pkl,1
D:\08_Dataset\Internal\mar2020\pickle_files\1983b77baeaee8f07d8ba4609256693d5b7a0a08.pkl,1
D:\08_Dataset\Internal\mar2020\pickle_files\51f7f6f158727a89006694ccfec9d8aef6774c27.pkl,1
D:\08_Dataset\Internal\mar2020\pickle_files\b44698158f73120c68852ea4fd2b8494540ae952.pkl,1
D:\08_Dataset\Internal\mar2020\pickle_files\597762923972a13d6de919110d5bde5d0a97a1f8.pkl,1
D:\08_Dataset\Internal\mar2020\pickle_files\4b4744acc410483793786d89d1fb4d62678f0e91.pkl,1
D:\08_Dataset\Internal\mar2020\pickle_files\526f5be6d0654350a8b2f5e42cebd09d4b8cd46e.pkl,1
D:\08_Dataset\Internal\mar2020\pickle_files\272d8e613c9c3f87421d7a4fcc7f35a894009357.pkl,1
D:\08_Dataset\Internal\mar2020\pickle_files\c35e40f2b9d6dba12679f18972cd2dc8159df11a.pkl,1
D:\08_Dataset\Internal\mar2020\pickle_files\77c4f12f3a57ff7f06f61b431580cd53b475a3de.pkl,1
D:\08_Dataset\Internal\mar2020\pickle_files\ec38565a971ab7ee7c5790e8593daf296b4fd5fd.pkl,1
D:\08_Dataset\Internal\mar2020\pickle_files\21a2acf879b8e9820398eae815e8ef4d2c55bf7b.pkl,1
D:\08_Dataset\Internal\mar2020\pickle_files\295bd62f299556382eeb3964efd66ffdaad55256.pkl,1
D:\08_Dataset\Internal\mar2020\pickle_files\6679ece73fe3432248f5be2a4827417a24af6fd1.pkl,1
D:\08_Dataset\Internal\mar2020\pickle_files\1dcfe7886296d84757530704adfdf64c4459f6cd.pkl,1
D:\08_Dataset\Internal\mar2020\pickle_files\a2974e9fa3f91a5ea4a8620c35d0d8f7922d4114.pkl,1
D:\08_Dataset\Internal\mar2020\pickle_files\c70eb99de2574fdc117638168e444ab3d33042ba.pkl,1
D:\08_Dataset\Internal\mar2020\pickle_files\41d63e6db5065961f788460e8c43c342b84f98b2.pkl,1
D:\08_Dataset\Internal\mar2020\pickle_files\1a13b403d844e90d922dcf49583b22e2a3d7b4d1.pkl,1
D:\08_Dataset\Internal\mar2020\pickle_files\f0a782fa9f89836ac6a3c485dbb44cca2ba2d9a8.pkl,1
D:\08_Dataset\Internal\mar2020\pickle_files\2401f84a990c7ef33d7612b1497bc2fe4a45a03e.pkl,1
D:\08_Dataset\Internal\mar2020\pickle_files\4f0679d9559aa88cd93bbf600fcd4e34e00386a0.pkl,1
D:\08_Dataset\Internal\mar2020\pickle_files\559ac962acc5436dad7edccfa20a73b3b04808af.pkl,1
D:\08_Dataset\Internal\mar2020\pickle_files\3227815638b1e69c86fbe75fda52630268d3ba96.pkl,1
D:\08_Dataset\Internal\mar2020\pickle_files\811848b5bc9ee58b0efebf39b86d96547c3879a7.pkl,1
D:\08_Dataset\Internal\mar2020\pickle_files\6578e0c871b5ad2ec2b8a5d3b94dc62c06b254eb.pkl,1
D:\08_Dataset\Internal\mar2020\pickle_files\1f07df332e885b834bda627280dbb27b27e84e78.pkl,1
D:\08_Dataset\Internal\mar2020\pickle_files\74738b01318bc7d6f00fbd5353be7e8727ae44a4.pkl,1
D:\08_Dataset\Internal\mar2020\pickle_files\0970e23480c9efe76250fa468582994f20c10891.pkl,1
D:\08_Dataset\Internal\mar2020\pickle_files\ca84b7ae650bcf137c048ab9beb474c334fd7811.pkl,1
D:\08_Dataset\Internal\mar2020\pickle_files\fcb42352fad15288f2ee54dfcff9363a0b268e31.pkl,1
D:\08_Dataset\Internal\mar2020\pickle_files\cd809fcb356700e423087b553dded581eafd31b7.pkl,1
D:\08_Dataset\Internal\mar2020\pickle_files\390bf245a0032720dec81fb73db1db522f89be7d.pkl,1
D:\08_Dataset\Internal\mar2020\pickle_files\6ce02c727e0e3308fd7549e24960483e17f7820a.pkl,1
D:\08_Dataset\Internal\mar2020\pickle_files\07411cf710346eb203b20bb0a2cd56c46cef5cd5.pkl,1
D:\08_Dataset\Internal\mar2020\pickle_files\45368e257f4404bcd28f753f0e4da71077747121.pkl,1
D:\08_Dataset\Internal\mar2020\pickle_files\2c304392e3e0fc97fe21fe29e2104df954bc8fd7.pkl,1
D:\08_Dataset\Internal\mar2020\pickle_files\dee36e4794f8c2ddad525c580881044e907dc4ea.pkl,1
D:\08_Dataset\Internal\mar2020\pickle_files\69372febb88783cb3d5b1fc0739e8db18581be6b.pkl,1
D:\08_Dataset\Internal\mar2020\pickle_files\83d85097a7478cede310ba2b784ab9265879e4ed.pkl,1
D:\08_Dataset\Internal\mar2020\pickle_files\271d38d611ac3b7cf9b702f53f80da8433fadd0d.pkl,1
D:\08_Dataset\Internal\mar2020\pickle_files\78235688c250672a95cb5712a99ac5050da5c133.pkl,1
D:\08_Dataset\Internal\mar2020\pickle_files\dd1d0d85a6dda0dc838556d5ebd69952df5f2e52.pkl,1
D:\08_Dataset\Internal\mar2020\pickle_files\26a67f064cf5f452fbd08732434a8c8bc24fbd00.pkl,1
D:\08_Dataset\Internal\mar2020\pickle_files\5c1ef71a373ffab7628abd42a1df96b66c241e3a.pkl,1
D:\08_Dataset\Internal\mar2020\pickle_files\f7929998b37777d8b33835714d6d9fe1706f0813.pkl,1
D:\08_Dataset\Internal\mar2020\pickle_files\fa876edd83e44b959670d6e753030ec56eeac479.pkl,1
D:\08_Dataset\Internal\mar2020\pickle_files\af70e4c0683074d325251b051264e9ad63cead98.pkl,1
D:\08_Dataset\Internal\mar2020\pickle_files\9d418162aef301ec338247c991bd49bfce36bbc1.pkl,1
D:\08_Dataset\Internal\mar2020\pickle_files\d910b2f85ae618537c96e31d8599d67b0c76e13d.pkl,1
D:\08_Dataset\Internal\mar2020\pickle_files\b81bf67e8818337379823fe6a4ee532309b209ca.pkl,1
D:\08_Dataset\Internal\mar2020\pickle_files\ee76d8b337527d6927fcc5f78c00407b1db0a63f.pkl,1
D:\08_Dataset\Internal\mar2020\pickle_files\37435e47d3a2a5a865ef739912cf77cdf0554bf8.pkl,1
D:\08_Dataset\Internal\mar2020\pickle_files\20f54a0adcb5623ce67d69aa0eb34fc2056ef17f.pkl,1
D:\08_Dataset\Internal\mar2020\pickle_files\aae937437b6a3185aacb5b53e72bbdc07abcd537.pkl,1
D:\08_Dataset\Internal\mar2020\pickle_files\a589758657e6bac06cde2e59cef253b562e95d23.pkl,1
D:\08_Dataset\Internal\mar2020\pickle_files\27a36733123430db8d0184172c919897a36dfcbb.pkl,1
D:\08_Dataset\Internal\mar2020\pickle_files\4edb16b788748a44d3b06802541ccd51c033a7bc.pkl,1
D:\08_Dataset\Internal\mar2020\pickle_files\cf49ae99abc5546b43f1e0799408daf8e2fb2caa.pkl,1
D:\08_Dataset\Internal\mar2020\pickle_files\d18a7cef67f52ff45d94d410fff4754eda59b6d6.pkl,1
D:\08_Dataset\Internal\mar2020\pickle_files\a3184833ad5d34f8c9fcc984ada14b35880f2e22.pkl,1
D:\08_Dataset\Internal\mar2020\pickle_files\1d9572185be46ad81967d390807203da2fcb46d4.pkl,1
D:\08_Dataset\Internal\mar2020\pickle_files\92bf31c2a954c31c5cf70fa2a29192b18c68e0da.pkl,1
D:\08_Dataset\Internal\mar2020\pickle_files\e9eb6696a52f07f5278d9e4f230ec0b0aa5c69cd.pkl,1
D:\08_Dataset\Internal\mar2020\pickle_files\ad94577a9235d0fe45be73b00fc6739a4d2a9e07.pkl,1
D:\08_Dataset\Internal\mar2020\pickle_files\e5b570bc7db270ea02162e8e50b95a03850edeb8.pkl,1
D:\08_Dataset\Internal\mar2020\pickle_files\362b5e898da924758e4ae97ef1e1c002f69d65c2.pkl,1
D:\08_Dataset\Internal\mar2020\pickle_files\d821752d36003389ba4e819eb670c968aa2edb77.pkl,1
D:\08_Dataset\Internal\mar2020\pickle_files\d1dea07cbe3448c06d4c609d9c872cc7623b9fc2.pkl,1
D:\08_Dataset\Internal\mar2020\pickle_files\119241ef46edfa636a4216614e38cf50e68b8443.pkl,1
D:\08_Dataset\Internal\mar2020\pickle_files\d548e08c82d700131ea4b22343438347ad959ad3.pkl,1
D:\08_Dataset\Internal\mar2020\pickle_files\80a3b6ceb59fd125dc715c8de2e0eb1127aaaa10.pkl,1
D:\08_Dataset\Internal\mar2020\pickle_files\8bfc80418826fc6467d07bce87b59f54bf1a7486.pkl,1
D:\08_Dataset\Internal\mar2020\pickle_files\607f5641700ade177caeed310f29385b9a792e2f.pkl,1
D:\08_Dataset\Internal\mar2020\pickle_files\b96e568a7d5d85270d6246db2403da8ce4a88dd3.pkl,1
D:\08_Dataset\Internal\mar2020\pickle_files\dd70f2e5f4dfb46590a6b942f38f4a603b5be825.pkl,1
D:\08_Dataset\Internal\mar2020\pickle_files\672ed72886e863e8d9d1e697f07738c5347388cc.pkl,1
D:\08_Dataset\Internal\mar2020\pickle_files\0619df7a57a273a60797ecd03ec19475394381b8.pkl,1
D:\08_Dataset\Internal\mar2020\pickle_files\29df00309c38eef677a41c4998b1418c82cd9f34.pkl,1
D:\08_Dataset\Internal\mar2020\pickle_files\3f82fab422c57abf59728fd0d5d535cc16c603e2.pkl,1
D:\08_Dataset\Internal\mar2020\pickle_files\ce60acc7e7d03213f9912170820a1af5e1231463.pkl,1
D:\08_Dataset\Internal\mar2020\pickle_files\f85e59b238275036a4e2251a91692321bea09e87.pkl,1
D:\08_Dataset\Internal\mar2020\pickle_files\dd8622c30cea9591cf2ce0ab759041fdef56e019.pkl,1
D:\08_Dataset\Internal\mar2020\pickle_files\1e1b7c16a00c07cd3156557a7c0aab954b66e8e6.pkl,1
D:\08_Dataset\Internal\mar2020\pickle_files\d53d57b3bb2fd9cab712e923cb9334f4c0c514f0.pkl,1
D:\08_Dataset\Internal\mar2020\pickle_files\1f1dc1c77e44d6a7093db544756d76007ca446ab.pkl,1
D:\08_Dataset\Internal\mar2020\pickle_files\8fa3be75b0977aa957a8e19d8cd260c73dd4b733.pkl,1
D:\08_Dataset\Internal\mar2020\pickle_files\e9e21f22f3e3e81b82dcb0fdaa1f480538152827.pkl,1
D:\08_Dataset\Internal\mar2020\pickle_files\a4caf02078096b3ae5bacc8f87b1e3609503cd89.pkl,1
D:\08_Dataset\Internal\mar2020\pickle_files\a0c24654150c7b23ac5b927e1917755d1c1aa7be.pkl,1
D:\08_Dataset\Internal\mar2020\pickle_files\41e377fcf03a9a087599981fee10a97bcdd6d7dd.pkl,1
D:\08_Dataset\Internal\mar2020\pickle_files\c60764d1bed2126f1c802e1b4402615efa2975e6.pkl,1
D:\08_Dataset\Internal\mar2020\pickle_files\8af27f5236f7fb1617099872921be756c704f293.pkl,1
D:\08_Dataset\Internal\mar2020\pickle_files\2889b7374873e95801ed40dda8f4c6a8decea893.pkl,1
D:\08_Dataset\Internal\mar2020\pickle_files\0cec7b9532d275c0af70e99296dc6cd0cbe7371d.pkl,1
D:\08_Dataset\Internal\mar2020\pickle_files\0c0bcb49d0ffff4f41c68af4d9d749a8c2a10700.pkl,1
D:\08_Dataset\Internal\mar2020\pickle_files\2af195e4370cf0c28c28c5c2d5d2d67367c181ee.pkl,1
D:\08_Dataset\Internal\mar2020\pickle_files\994de887f8cac888b4d4c4be9918f444a9dbd683.pkl,1
D:\08_Dataset\Internal\mar2020\pickle_files\8bbd5098a499ceb0f594fcaa97cce08275594071.pkl,1
D:\08_Dataset\Internal\mar2020\pickle_files\9d679ee98e63be335e341ddd7b40201b4af8c948.pkl,1
D:\08_Dataset\Internal\mar2020\pickle_files\1e047ef65118a90e56b4f8b9e470a11f2e805ba8.pkl,1
D:\08_Dataset\Internal\mar2020\pickle_files\6cc4d5184e0cb5a448b098f10f6125662a6067e8.pkl,1
D:\08_Dataset\Internal\mar2020\pickle_files\a4f91427f27de487a9ac2f6791e49abdd0640a24.pkl,1
D:\08_Dataset\Internal\mar2020\pickle_files\82d92ceb6e28e1ae8185d051f788213137232678.pkl,1
D:\08_Dataset\Internal\mar2020\pickle_files\6bf16521e9e31917767496a08eae6eb6046ee4b6.pkl,1
D:\08_Dataset\Internal\mar2020\pickle_files\c6df2534fe3719d0f34998749b66fb92a425e104.pkl,1
D:\08_Dataset\Internal\mar2020\pickle_files\ab743bc7955a9ef33b11e8e9d593ad49ee0f61c5.pkl,1
D:\08_Dataset\Internal\mar2020\pickle_files\03b0568e460ebf79c28cdc886ed26bb9dac585eb.pkl,1
D:\08_Dataset\Internal\mar2020\pickle_files\478b5f5fc45d0f1831fe0df9e25cf7f8fda882f7.pkl,1
D:\08_Dataset\Internal\mar2020\pickle_files\740c736b0737157f4454bcdcd32d5b57d724494f.pkl,1
D:\08_Dataset\Internal\mar2020\pickle_files\314d1a300a496c001b1ce1042fef66f9d0f3a266.pkl,1
D:\08_Dataset\Internal\mar2020\pickle_files\e041ff2e62157c246cb3bdda45812bd624a83c33.pkl,1
D:\08_Dataset\Internal\mar2020\pickle_files\15aee1ba4da9b41761f099dd13a78b866eed13bb.pkl,1
D:\08_Dataset\Internal\mar2020\pickle_files\e37b72351524113c1ff8228afd9340d014a67dc6.pkl,1
D:\08_Dataset\Internal\mar2020\pickle_files\2b1ae900eb055c07f0848057133d7b86d56bc15e.pkl,1
D:\08_Dataset\Internal\mar2020\pickle_files\e134e07b4d34be60c51542f893e27e7c138bbcb6.pkl,1
D:\08_Dataset\Internal\mar2020\pickle_files\36e5df67ec0bb1e7dab620e76a623eb5926babed.pkl,1
D:\08_Dataset\Internal\mar2020\pickle_files\9a98712e78021d224a4e19c6d91fb61b26dd81dd.pkl,1
D:\08_Dataset\Internal\mar2020\pickle_files\1fa704cbdd54f25c6161f10a4876e7bfc70d7764.pkl,1
D:\08_Dataset\Internal\mar2020\pickle_files\83ec591a97fd64ad9e4ac5921e4c36d78c6f2301.pkl,1
D:\08_Dataset\Internal\mar2020\pickle_files\ce3494d7c82d82313616684b0efbb408aed8260d.pkl,1
D:\08_Dataset\Internal\mar2020\pickle_files\d9d0dfcf7c9b2298f24a4551b81238ca0228ffff.pkl,1
D:\08_Dataset\Internal\mar2020\pickle_files\e01190ec74a1e12027ba86d0e3cf5c8ff9c51e19.pkl,1
D:\08_Dataset\Internal\mar2020\pickle_files\08d195776225e6308ba1f7dc17822df2b1cf0eb7.pkl,1
D:\08_Dataset\Internal\mar2020\pickle_files\b92b39e0282c60dab5fcb03497f48dd8e2665ec3.pkl,1
D:\08_Dataset\Internal\mar2020\pickle_files\874cae66106c93befc7d87773968e956651724e8.pkl,1
D:\08_Dataset\Internal\mar2020\pickle_files\cfbe5a285c52808fba1fc537e19d95f615d49c2e.pkl,1
D:\08_Dataset\Internal\mar2020\pickle_files\b622dd54adc0846ce86e1722a7f7ebeda88879b3.pkl,1
D:\08_Dataset\Internal\mar2020\pickle_files\dd3700dd49c1945cac0a3840bd90bb42049a7370.pkl,1
D:\08_Dataset\Internal\mar2020\pickle_files\0811e408c68180f1f7f66cd6bde7527e9a89f1c6.pkl,1
D:\08_Dataset\Internal\mar2020\pickle_files\d0b0566608ea8837a5dfd884ef211fb2e1643b15.pkl,1
D:\08_Dataset\Internal\mar2020\pickle_files\5473436f90a50593f029a2039331a65531632afb.pkl,1
D:\08_Dataset\Internal\mar2020\pickle_files\8c2354dca821b55ae8d4e7ff6903f8ef2dfb2650.pkl,1
D:\08_Dataset\Internal\mar2020\pickle_files\7df39819d4ee4ad77e0a09c24f116d21aed794fa.pkl,1
D:\08_Dataset\Internal\mar2020\pickle_files\7e05140e19c33a2d199c96b822943a469842bb1c.pkl,1
D:\08_Dataset\Internal\mar2020\pickle_files\af163d4b59e7d28820833cd61adb7527a810fc07.pkl,1
D:\08_Dataset\Internal\mar2020\pickle_files\19feba03dffc8125c15cc0822ff260c41ce6ed78.pkl,1
D:\08_Dataset\Internal\mar2020\pickle_files\5b894a9e8352fca38475011da10e2cc0e0271154.pkl,1
D:\08_Dataset\Internal\mar2020\pickle_files\676be5bf13b50f702b4b6ea12213e95193c1a619.pkl,1
D:\08_Dataset\Internal\mar2020\pickle_files\6607b6956fb5a97c8e61fb950689ade8162f2822.pkl,1
D:\08_Dataset\Internal\mar2020\pickle_files\b1bf1835ec4ac92aa085e8e8f6bd3094e2c712cc.pkl,1
D:\08_Dataset\Internal\mar2020\pickle_files\917d89edf4f82f55a989a4277034c9094fce15e0.pkl,1
D:\08_Dataset\Internal\mar2020\pickle_files\8a8da48a850cb56112786201ce2e88f09af6fa05.pkl,1
D:\08_Dataset\Internal\mar2020\pickle_files\0bb4b04cfc8ad6b247749c7e0cb377c7fcd150e0.pkl,1
D:\08_Dataset\Internal\mar2020\pickle_files\ffaef2c4ac6478b3689482667c1cff5911d104aa.pkl,1
D:\08_Dataset\Internal\mar2020\pickle_files\f658d9a060f028264172b95579a08f7fde320052.pkl,1
D:\08_Dataset\Internal\mar2020\pickle_files\2967f465db9fbc104c3b6886449f9034a66f5393.pkl,1
D:\08_Dataset\Internal\mar2020\pickle_files\ff396e39052c32e8acf3cd3c2ed2cb9998a1471d.pkl,1
D:\08_Dataset\Internal\mar2020\pickle_files\84e4cc3503da47a3b6e63f80d9e2bbb51767f647.pkl,1
D:\08_Dataset\Internal\mar2020\pickle_files\064bc72098a4f46474c69732237f47b3050c54a3.pkl,1
D:\08_Dataset\Internal\mar2020\pickle_files\e6d0730267759d25735d800d0bf758574ab7bae3.pkl,1
D:\08_Dataset\Internal\mar2020\pickle_files\4a309cc529d805431c287071048f62ae3df5837d.pkl,1
D:\08_Dataset\Internal\mar2020\pickle_files\b2cef0f0b9abc008b447a99fc29e0b6d3c55aa16.pkl,1
D:\08_Dataset\Internal\mar2020\pickle_files\5cf344c6022eb2d7c38a69cea3b5e1f2c86dc244.pkl,1
D:\08_Dataset\Internal\mar2020\pickle_files\45f14f372837bf62ecef5ddfe10ad9a2c320af9f.pkl,1
D:\08_Dataset\Internal\mar2020\pickle_files\90898017e5b9412ddedd687fa23f0bd1b326a3f3.pkl,1
D:\08_Dataset\Internal\mar2020\pickle_files\1d4c8cf553ec0cd38559413735201dc632b4574e.pkl,1
D:\08_Dataset\Internal\mar2020\pickle_files\040110966cda3ca34fc0730a679ee7f8ad40e149.pkl,1
D:\08_Dataset\Internal\mar2020\pickle_files\fedd437f283dc95a3ee0d8bbad0bb6f73295c443.pkl,1
D:\08_Dataset\Internal\mar2020\pickle_files\26e266f96066fa908c7ffce8479bae9211272363.pkl,1
D:\08_Dataset\Internal\mar2020\pickle_files\9cbfaa73285efacd7e567b66c735d5515f2118b3.pkl,1
D:\08_Dataset\Internal\mar2020\pickle_files\2cd1c22d59875079f977dd652d387352b6e9fb4e.pkl,1
D:\08_Dataset\Internal\mar2020\pickle_files\b9a80d14b5235cfe15f759d3a9d7a6f4ed09cc27.pkl,1
D:\08_Dataset\Internal\mar2020\pickle_files\07cd348e3308d9cbe8a57df92311d81194524bb6.pkl,1
D:\08_Dataset\Internal\mar2020\pickle_files\6dcf17f20740c0296061d99fc773c347735074eb.pkl,1
D:\08_Dataset\Internal\mar2020\pickle_files\45576732cdf52b51dbade75fb1dcf22dba897a7a.pkl,1
D:\08_Dataset\Internal\mar2020\pickle_files\a0f6f39d4cf3f67edbce6776206e475089a8d99b.pkl,1
D:\08_Dataset\Internal\mar2020\pickle_files\1ed73ab089e17ddddb5f460c91a2a571fc56980a.pkl,1
D:\08_Dataset\Internal\mar2020\pickle_files\3ff19b9d7af8252ad75f90ceea375f98e92f474e.pkl,1
D:\08_Dataset\Internal\mar2020\pickle_files\3a18c81185e2c5a7026e870b2ff391c6984ab33b.pkl,1
D:\08_Dataset\Internal\mar2020\pickle_files\2d5cf83d227fc7aedb40b33958104c7f97e2f738.pkl,1
D:\08_Dataset\Internal\mar2020\pickle_files\95eeeae98155e9bbf6d3531cedaef7053a5b8f91.pkl,1
D:\08_Dataset\Internal\mar2020\pickle_files\652af40c8bba3911cbd4e892e65ea6aec69cd2b4.pkl,1
D:\08_Dataset\Internal\mar2020\pickle_files\2c2b6bb7ace37e423421eb256c00401e51a82353.pkl,1
D:\08_Dataset\Internal\mar2020\pickle_files\2d62a88531cef145acd7377fdf6df3b0ec342cf8.pkl,1
D:\08_Dataset\Internal\mar2020\pickle_files\1b3990902d4f3273acfd7e6a9647638396e20ab7.pkl,1
D:\08_Dataset\Internal\mar2020\pickle_files\3d70f6393447973aaf4f17c763ca332762f4518f.pkl,1
D:\08_Dataset\Internal\mar2020\pickle_files\46b9e7123b33cf1c6b51b6abbf263ab6ea0acc84.pkl,1
D:\08_Dataset\Internal\mar2020\pickle_files\21e47f52ef5f619e0864aeb3c702b7e31004c187.pkl,1
D:\08_Dataset\Internal\mar2020\pickle_files\377bd1f90bf0d03aca7d2d6ec7dd53977b7ad92c.pkl,1
D:\08_Dataset\Internal\mar2020\pickle_files\7cc1575b0abb99391cb669e2c4191d75683a8c47.pkl,1
D:\08_Dataset\Internal\mar2020\pickle_files\309180eee8e38d6d2c83ed7632f0395bedd6cae2.pkl,1
D:\08_Dataset\Internal\mar2020\pickle_files\aefec8e940e983e574d91ed016b18cca40e9059f.pkl,1
D:\08_Dataset\Internal\mar2020\pickle_files\c4d94df3a3b5de9db79676e1e54a32c0ddb5a57c.pkl,1
D:\08_Dataset\Internal\mar2020\pickle_files\df638d26536ea0286c75d4fb3bd25bf27e9d5068.pkl,1
D:\08_Dataset\Internal\mar2020\pickle_files\e89f2f7f7e226a869a60bec822db5cafb26d36db.pkl,1
D:\08_Dataset\Internal\mar2020\pickle_files\62fdde4cdfe7db6a65a7c35c0178b633abb44a76.pkl,1
D:\08_Dataset\Internal\mar2020\pickle_files\649725b5f838c1062255642e1fe769399ad3c411.pkl,1
D:\08_Dataset\Internal\mar2020\pickle_files\dfb8cf3f665c8193e7cdbb2a3381f6f5bd603ce6.pkl,1
D:\08_Dataset\Internal\mar2020\pickle_files\de5fd34223a7838c8a62f87417f489803c35c9a7.pkl,1
D:\08_Dataset\Internal\mar2020\pickle_files\83d33c90324dddab0a05ee8a2facff57da6a995f.pkl,1
D:\08_Dataset\Internal\mar2020\pickle_files\68bfd577a2204d55a9b50b367d3ab8b891803adf.pkl,1
D:\08_Dataset\Internal\mar2020\pickle_files\5ad433e926df36e310bf7626aa350a5d8bb7a313.pkl,1
D:\08_Dataset\Internal\mar2020\pickle_files\f9bd23d6c7b36c05f25c65061b5adcae7fec430c.pkl,1
D:\08_Dataset\Internal\mar2020\pickle_files\da7064a1609903d4081ee6695b7fd2491e592694.pkl,1
D:\08_Dataset\Internal\mar2020\pickle_files\b2e3fe9d9428a7a41252074b9e7b3bdfd3bd3040.pkl,1
D:\08_Dataset\Internal\mar2020\pickle_files\4b1622f0988b6b10a28925d93e454cefa9734a5a.pkl,1
D:\08_Dataset\Internal\mar2020\pickle_files\8a5c3a171f4e8b29e06bb15f0934fb703dd5a230.pkl,1
D:\08_Dataset\Internal\mar2020\pickle_files\628ce9f2bdf939054ee825265d4b71be04983e78.pkl,1
D:\08_Dataset\Internal\mar2020\pickle_files\b226522f7f57fd25ac6acb693325765d1701e36c.pkl,1
D:\08_Dataset\Internal\mar2020\pickle_files\d44f5cc529dee9a39052bcf196921c6e685a3594.pkl,1
D:\08_Dataset\Internal\mar2020\pickle_files\6bff9071c895f505391670030274e9acafd138c6.pkl,1
D:\08_Dataset\Internal\mar2020\pickle_files\48b6692d89e64f513a48b51dc84bf14cb535b84b.pkl,1
D:\08_Dataset\Internal\mar2020\pickle_files\d0a7cf365e7f0a6f36b70aa4ca84446e7b8ca738.pkl,1
D:\08_Dataset\Internal\mar2020\pickle_files\9d3cc5a61b1ed7a6ea3696a74eb44c0d522ff033.pkl,1
D:\08_Dataset\Internal\mar2020\pickle_files\057bcb3464461d903aeaf482ed7529df4d5a6458.pkl,1
D:\08_Dataset\Internal\mar2020\pickle_files\b48fb55ae2cd1906b6091f0bd96a25236d63866a.pkl,1
D:\08_Dataset\Internal\mar2020\pickle_files\a58b99b956ac7a3b4d9bbe76bfac21ba370dd456.pkl,1
D:\08_Dataset\Internal\mar2020\pickle_files\57ca75f7aa49106f28204d932de07e9f9b50534e.pkl,1
D:\08_Dataset\Internal\mar2020\pickle_files\849bc44ffc89128177ec9f8784b397fd79622c83.pkl,1
D:\08_Dataset\Internal\mar2020\pickle_files\d12fc6ee1804d6b1896005868d7b16d81cdc7ea3.pkl,1
D:\08_Dataset\Internal\mar2020\pickle_files\e67b6be8f322db3d4c47ba8f8456012c9642cf3a.pkl,1
D:\08_Dataset\Internal\mar2020\pickle_files\8f4f21579cb6db943ededc1164776f0234c8fa1d.pkl,1
D:\08_Dataset\Internal\mar2020\pickle_files\cd55cc80e454cb7e2e8c4f2a9ffe81d35f586aaa.pkl,1
D:\08_Dataset\Internal\mar2020\pickle_files\257dbb4c370e8807626ba25f886430317201941b.pkl,1
D:\08_Dataset\Internal\mar2020\pickle_files\6b08e5226d3457c5bfb1e9d17c828242a6a44456.pkl,1
D:\08_Dataset\Internal\mar2020\pickle_files\a82b435203f2f0f60818d33b594b2ced1f1427dc.pkl,1
D:\08_Dataset\Internal\mar2020\pickle_files\cb06bdb56ccc2de0660d3973f6baa88c0cc5e1d0.pkl,1
D:\08_Dataset\Internal\mar2020\pickle_files\18a9c0f18cc6dd863aff80c70edaae8ffb668a16.pkl,1
D:\08_Dataset\Internal\mar2020\pickle_files\ea4951e05d90c82ab707efc61ef225773598feca.pkl,1
D:\08_Dataset\Internal\mar2020\pickle_files\e15aa2427bfedec1a98cabea9c59a7a53c31077e.pkl,1
D:\08_Dataset\Internal\mar2020\pickle_files\07a4b474f15af216597ae2f6f3c06d8eb8ea1572.pkl,1
D:\08_Dataset\Internal\mar2020\pickle_files\ea041db4a11d0dccfafa9c619165d909fe191f92.pkl,1
D:\08_Dataset\Internal\mar2020\pickle_files\1e599fe5cfae385b2c9d001ad10ca02d147875eb.pkl,1
D:\08_Dataset\Internal\mar2020\pickle_files\4e55f78461e19358a2f33d5444770bb218d94962.pkl,1
D:\08_Dataset\Internal\mar2020\pickle_files\dcb9a3c4390fd27705eb6464d226d845f9460d87.pkl,1
D:\08_Dataset\Internal\mar2020\pickle_files\1f4637359746a6d8a4a62c6e62e4d2d7e9043c00.pkl,1
D:\08_Dataset\Internal\mar2020\pickle_files\40eac4b7b07859ea9d0ce2ba27738a3c201241cf.pkl,1
D:\08_Dataset\Internal\mar2020\pickle_files\e561a00aafe2b17a9e35160d0d01e426a32dac4c.pkl,1
D:\08_Dataset\Internal\mar2020\pickle_files\075662556d17cb6c2acfede14a7057571c3c279b.pkl,1
D:\08_Dataset\Internal\mar2020\pickle_files\edbb4a747514944ad8ea1c7c37f0c7d45226a878.pkl,1
D:\08_Dataset\Internal\mar2020\pickle_files\b85143b36e5774fa773103094e4a0ff0cc946842.pkl,1
D:\08_Dataset\Internal\mar2020\pickle_files\fb80a9d2251a4c10fcf40c5862f2d843433255c2.pkl,1
D:\08_Dataset\Internal\mar2020\pickle_files\942a3b94575d63f0e16a3f30875c931a7a679bbd.pkl,1
D:\08_Dataset\Internal\mar2020\pickle_files\4fc1a6bb7b4bfa4f246474c686817f7afed631d9.pkl,1
D:\08_Dataset\Internal\mar2020\pickle_files\622be965a7f2a6e45d6fd4f3bd984997bc3d8097.pkl,1
D:\08_Dataset\Internal\mar2020\pickle_files\4853e6aa16370ddbd26460e9b95b2684638e3f28.pkl,1
D:\08_Dataset\Internal\mar2020\pickle_files\ed3a2847b1ebc0b5a059e04c2aa4934e39558804.pkl,1
D:\08_Dataset\Internal\mar2020\pickle_files\3a07b7564a316c805372b33138a76a299f4e5706.pkl,1
D:\08_Dataset\Internal\mar2020\pickle_files\50b11553a031c39d161ae65530c01dbdd3b57cdf.pkl,1
D:\08_Dataset\Internal\mar2020\pickle_files\5b14b7e0a68a0f13eacc1c96e4dcf04a21887159.pkl,1
D:\08_Dataset\Internal\mar2020\pickle_files\9e819f43e3919b675dbebbaafeb3eecf40543057.pkl,1
D:\08_Dataset\Internal\mar2020\pickle_files\7887d0496e3947f0ea974ad2d571b2d88175489c.pkl,1
D:\08_Dataset\Internal\mar2020\pickle_files\9af629d7e8e2d2db4e0656e0faec0cf38f513a91.pkl,1
D:\08_Dataset\Internal\mar2020\pickle_files\c63d613c880c3440d69ab79cfee4a4f7635dcc6d.pkl,1
D:\08_Dataset\Internal\mar2020\pickle_files\63f7b29f9633760e173aab59949bea50111ca703.pkl,1
D:\08_Dataset\Internal\mar2020\pickle_files\68a05ea5f6086fa906e6b48a5cde4905d3b96863.pkl,1
D:\08_Dataset\Internal\mar2020\pickle_files\26b0959a5826e83e2128ee4d031cde617dc72605.pkl,1
D:\08_Dataset\Internal\mar2020\pickle_files\1dc6ab589235bc243b3da58c46c728b0422dba01.pkl,1
D:\08_Dataset\Internal\mar2020\pickle_files\a60a7914be93617b631388f005a1ecf840104839.pkl,1
D:\08_Dataset\Internal\mar2020\pickle_files\457de0f3efd81ed950cd190f1a56aff436097744.pkl,1
D:\08_Dataset\Internal\mar2020\pickle_files\c240f3a76cad8b15c4d52eb12eb67ba909a4a673.pkl,1
D:\08_Dataset\Internal\mar2020\pickle_files\cae60328510824629b854390382ad5f019c82eb8.pkl,1
D:\08_Dataset\Internal\mar2020\pickle_files\eb8035d5633fd044151c50a9acdfc51db93e88a1.pkl,1
D:\08_Dataset\Internal\mar2020\pickle_files\2c01237e90ecbe69561b61fe063a01e160dfcc0e.pkl,1
D:\08_Dataset\Internal\mar2020\pickle_files\c218ed53b9e2692d45c68df0c24b4dacab2c509e.pkl,1
D:\08_Dataset\Internal\mar2020\pickle_files\43a3a8b13934771b21949e6520c25eb6fce7b995.pkl,1
D:\08_Dataset\Internal\mar2020\pickle_files\405b48d17c6c9bdd9a1488f953e3d8a7543a6cb5.pkl,1
D:\08_Dataset\Internal\mar2020\pickle_files\a948cd2486326feb7e8dfec132b0ecd673b24bf4.pkl,1
D:\08_Dataset\Internal\mar2020\pickle_files\b32ec897c5693c80c79ed70a754ab1caece36818.pkl,1
D:\08_Dataset\Internal\mar2020\pickle_files\fabc29a42dc2a84b68e3b6ba69d94dafffc9e195.pkl,1
D:\08_Dataset\Internal\mar2020\pickle_files\c9ee96ea5ff173d651d6cd518efd1475e83e8baa.pkl,1
D:\08_Dataset\Internal\mar2020\pickle_files\757cd457006a2657b8aedb27e61d85cd590bb068.pkl,1
D:\08_Dataset\Internal\mar2020\pickle_files\64641efb80e16a043933d258189e32f92f6ffbec.pkl,1
D:\08_Dataset\Internal\mar2020\pickle_files\653d1c71766efc3ed61770ad9f85325683700ba5.pkl,1
D:\08_Dataset\Internal\mar2020\pickle_files\f27b7c128a7e7d52b7d1001ee8b876feca6ae5fc.pkl,1
D:\08_Dataset\Internal\mar2020\pickle_files\6dda45c6b2100fa38908e89bee9a4e8a447030bc.pkl,1
D:\08_Dataset\Internal\mar2020\pickle_files\04a7043a0639dbd26048ba4b3176188b9776e4de.pkl,1
D:\08_Dataset\Internal\mar2020\pickle_files\a43d3b821dcda119fbf12bcfe851e867e658c5e2.pkl,1
D:\08_Dataset\Internal\mar2020\pickle_files\5c6e80009e19d28495106e891c6e29ec9ddbae4c.pkl,1
D:\08_Dataset\Internal\mar2020\pickle_files\ab14038d77f09f4d0e93055b33f70cf93647efa6.pkl,1
D:\08_Dataset\Internal\mar2020\pickle_files\55e67534f0939368eb69b2aac815d0c52acac6e1.pkl,1
D:\08_Dataset\Internal\mar2020\pickle_files\ea697ca2fce1c16c68645b925c7fd5c55181c5be.pkl,1
D:\08_Dataset\Internal\mar2020\pickle_files\fddf2bf45aab68b11af90ad0d1732311cf02bbce.pkl,1
D:\08_Dataset\Internal\mar2020\pickle_files\d890d6e0aa6af98feb656d6ef2596c201fc71897.pkl,1
D:\08_Dataset\Internal\mar2020\pickle_files\cb00e8b8838e899118780cebd796859c8ec0fa3e.pkl,1
D:\08_Dataset\Internal\mar2020\pickle_files\8a73034a854344e84277733558e9ea53cac796f8.pkl,1
D:\08_Dataset\Internal\mar2020\pickle_files\78bcb283c90afc82c87a8e9625d5666c0bd36ab2.pkl,1
D:\08_Dataset\Internal\mar2020\pickle_files\30ae18e21b3098028836605b9cca709a1a0e22a9.pkl,1
D:\08_Dataset\Internal\mar2020\pickle_files\d0bf29af114ee939009029c086b94cc5a85b4bf5.pkl,1
D:\08_Dataset\Internal\mar2020\pickle_files\61fd00c9b16beda8a97e2682ea2eb7942b91f20c.pkl,1
D:\08_Dataset\Internal\mar2020\pickle_files\2e39b607aaa79d7bf3ef9f50b2b16bb35a2a3983.pkl,1
D:\08_Dataset\Internal\mar2020\pickle_files\981b979716795ef304801bf7d17e28ab910413cc.pkl,1
D:\08_Dataset\Internal\mar2020\pickle_files\4427308ad1a8f721ef760446e6f436bba081613f.pkl,1
D:\08_Dataset\Internal\mar2020\pickle_files\171c4e1958213da566701f86cd89eefee4e494c9.pkl,1
D:\08_Dataset\Internal\mar2020\pickle_files\574f959da486ec4e1285c81dd46469e9fe24fbdc.pkl,1
D:\08_Dataset\Internal\mar2020\pickle_files\c4df35d8d8b9d342510243b6dc84bbea2d7e434e.pkl,1
D:\08_Dataset\Internal\mar2020\pickle_files\d08a100b0290c06977cb3990941683657e9fed34.pkl,1
D:\08_Dataset\Internal\mar2020\pickle_files\4806ecb93b397154bacccb1f490b5e81e34d75ab.pkl,1
D:\08_Dataset\Internal\mar2020\pickle_files\749846a020327aa5d64c8af4528e2875d36550d5.pkl,1
D:\08_Dataset\Internal\mar2020\pickle_files\d57edf0c56b8375b38f79707af87b4087e7e5b26.pkl,1
D:\08_Dataset\Internal\mar2020\pickle_files\ae3068374e06adc8eb781a62663ca841a98e14dd.pkl,1
D:\08_Dataset\Internal\mar2020\pickle_files\5b1741b9ed216a3ee56c0d2e1ddecb1b3b99d2a8.pkl,1
D:\08_Dataset\Internal\mar2020\pickle_files\a5154efa9d2bea72ff023aef54d26a74a61b9642.pkl,1
D:\08_Dataset\Internal\mar2020\pickle_files\fc86f1ba3e011e83717a9755f4112ce51cd39b83.pkl,1
D:\08_Dataset\Internal\mar2020\pickle_files\b3233088cd0f78b1b170b333dcd47e23deb7d4b2.pkl,1
D:\08_Dataset\Internal\mar2020\pickle_files\f016b3adab62c5e828a3c5a151058dcdb9aeb008.pkl,1
D:\08_Dataset\Internal\mar2020\pickle_files\4618c0906da4f37b55c473cc22cd0d93712871ae.pkl,1
D:\08_Dataset\Internal\mar2020\pickle_files\02cc747906ca70475e89f12cf0acfc060680720f.pkl,1
D:\08_Dataset\Internal\mar2020\pickle_files\3f0d16159f1d50bede67b7fb64c1e1eec36c8a2a.pkl,1
D:\08_Dataset\Internal\mar2020\pickle_files\7287043b7db05b6c7a8c47168ad2a91c7fb4f225.pkl,1
D:\08_Dataset\Internal\mar2020\pickle_files\36f8973d58db398c16932b7430e8af3da16e6731.pkl,1
D:\08_Dataset\Internal\mar2020\pickle_files\2895eda3aec9df1c47620b9c23ade8c9ca406ebd.pkl,1
D:\08_Dataset\Internal\mar2020\pickle_files\0b0dd5298ddac4d0d2ece4878d14a81370dcae09.pkl,1
D:\08_Dataset\Internal\mar2020\pickle_files\69f5757f0e9fe9b5f32f0fb182ee074e926de7a4.pkl,1
D:\08_Dataset\Internal\mar2020\pickle_files\9aaa5d27eb1ecc1299bcacd777cc427f54588430.pkl,1
D:\08_Dataset\Internal\mar2020\pickle_files\3d9d264d59c886c4547724fadc72c9fa843d894b.pkl,1
D:\08_Dataset\Internal\mar2020\pickle_files\c5277120b7bab25fa039db539c12f684e48b2d06.pkl,1
D:\08_Dataset\Internal\mar2020\pickle_files\aee15222baea35959e4d779223dc9872e188663e.pkl,1
D:\08_Dataset\Internal\mar2020\pickle_files\0aa6bec560458ac894205ca1608818ffb2276d4b.pkl,1
D:\08_Dataset\Internal\mar2020\pickle_files\40d7839c0467345d9bf5a3f691d0666a8928c335.pkl,1
D:\08_Dataset\Internal\mar2020\pickle_files\0d46982f2a0b5a4b19c1bbe0171740078ec71380.pkl,1
D:\08_Dataset\Internal\mar2020\pickle_files\09f9ec8882abf1ff25a202b7bb7c9c6acb124fe9.pkl,1
D:\08_Dataset\Internal\mar2020\pickle_files\389f9cc6259e82659a3e99271ff75cff8c1f63a1.pkl,1
D:\08_Dataset\Internal\mar2020\pickle_files\644cdc9cccfa6938ea9ab852ad0085adbda04255.pkl,1
D:\08_Dataset\Internal\mar2020\pickle_files\72be40f169cbc778cc7f0705d301d0561f6ab41f.pkl,1
D:\08_Dataset\Internal\mar2020\pickle_files\875dc0bd798bf63657a416701c5046dd1a8a6395.pkl,1
D:\08_Dataset\Internal\mar2020\pickle_files\7a9c4761e1d6f2f4ef3592413087b2485e29b4e6.pkl,1
D:\08_Dataset\Internal\mar2020\pickle_files\a6f0ed0c39177df8844604c68fab5f1db8fef8eb.pkl,1
D:\08_Dataset\Internal\mar2020\pickle_files\644d6a3d3390c1bbf34b9302ddf94313ea13ff2e.pkl,1
D:\08_Dataset\Internal\mar2020\pickle_files\141dbb9c5c6098ba78b96f09c9707ae2effb2002.pkl,1
D:\08_Dataset\Internal\mar2020\pickle_files\844539812edb08af55964974158a6567bd2593bf.pkl,1
D:\08_Dataset\Internal\mar2020\pickle_files\b70b6c67d3407fd975d5aaccc541c65a51453661.pkl,1
D:\08_Dataset\Internal\mar2020\pickle_files\83b2cb7218df130cb40197f3ef387f118df46fcd.pkl,1
D:\08_Dataset\Internal\mar2020\pickle_files\780b6c25e5b719df7bdc9c36b805618a57f2bdbb.pkl,1
D:\08_Dataset\Internal\mar2020\pickle_files\fa523d4b8d6cf7c14a9e6781242374c53daf524d.pkl,1
D:\08_Dataset\Internal\mar2020\pickle_files\6602fc58bb44526cec1352d6d7ce08f44464b855.pkl,1
D:\08_Dataset\Internal\mar2020\pickle_files\a67a6cfdf88ea74228c18867a5280378434a523c.pkl,1
D:\08_Dataset\Internal\mar2020\pickle_files\530df4b410b84b1cd12d550eb5f9d0c89e2ac954.pkl,1
D:\08_Dataset\Internal\mar2020\pickle_files\ce5e2516a2b32ebea32ffe7b0e43f832d61bf196.pkl,1
D:\08_Dataset\Internal\mar2020\pickle_files\a3ae8fc3094ee369cf08ebbabb237c9874ded731.pkl,1
D:\08_Dataset\Internal\mar2020\pickle_files\fceef703ee71f7992e245077abbfec24e35fdca7.pkl,1
D:\08_Dataset\Internal\mar2020\pickle_files\f95b4813f7ff25cb645b6198bb3423bd01a3a80a.pkl,1
D:\08_Dataset\Internal\mar2020\pickle_files\e655b3012d00b04fbee2c29f20bb10c780dceb96.pkl,1
D:\08_Dataset\Internal\mar2020\pickle_files\2259bc94f8394aa6c3ea681c18216f9bb81de129.pkl,1
D:\08_Dataset\Internal\mar2020\pickle_files\89c1d04d3d788bcc58fce557af2e19a9f7fb3861.pkl,1
D:\08_Dataset\Internal\mar2020\pickle_files\cce636c7b8c53faddc9b1a7d7d48dcf5d2ac1219.pkl,1
D:\08_Dataset\Internal\mar2020\pickle_files\96d6eee742b0d909e8b627f03f45c3dbfff1cc93.pkl,1
D:\08_Dataset\Internal\mar2020\pickle_files\e82b8212beebe02448490775eccb44258fc0770f.pkl,1
D:\08_Dataset\Internal\mar2020\pickle_files\072436f023f397ab9ab9e74342901122c8d0cd1d.pkl,1
D:\08_Dataset\Internal\mar2020\pickle_files\5da834a77462765cd9e9dd7e1fcc6fd970b6d06e.pkl,1
D:\08_Dataset\Internal\mar2020\pickle_files\e8e1e5f9f791fc6a65cbb866aee61f583493d581.pkl,1
D:\08_Dataset\Internal\mar2020\pickle_files\0c1e62796b56118df57ab631be26b7ab3bfceda4.pkl,1
D:\08_Dataset\Internal\mar2020\pickle_files\034b4a0304f093fbf533f22a0e31805e6f3e33ac.pkl,1
D:\08_Dataset\Internal\mar2020\pickle_files\5490b591116bc3b013a4ad9746e665def73bc0b3.pkl,1
D:\08_Dataset\Internal\mar2020\pickle_files\cc05147e7aee49dc5b2fa716a9a894ae2f1284d1.pkl,1
D:\08_Dataset\Internal\mar2020\pickle_files\2afa2d0cc9b6290821a08d0f2ce665fe314395da.pkl,1
D:\08_Dataset\Internal\mar2020\pickle_files\b12af4386924eab3e5bfb6db258286e4db002bcd.pkl,1
D:\08_Dataset\Internal\mar2020\pickle_files\6b7e8361a0c562f6c72d376062b1bb5c05f759f7.pkl,1
D:\08_Dataset\Internal\mar2020\pickle_files\9c79ff67c13c82f78c5d0ee622d3200209aa6bfa.pkl,1
D:\08_Dataset\Internal\mar2020\pickle_files\1791c4f87406a8449c8735d1b68d801ce684eb0b.pkl,1
D:\08_Dataset\Internal\mar2020\pickle_files\b072859ef0639ede1fb626dc046ff64ef75eb262.pkl,1
D:\08_Dataset\Internal\mar2020\pickle_files\85c8ca1f35db64c50bf27848588a2a213b902648.pkl,1
D:\08_Dataset\Internal\mar2020\pickle_files\71805c4807989750dc24b41c03842833d95ac9c3.pkl,1
D:\08_Dataset\Internal\mar2020\pickle_files\a1c85e72df1e51470fe6d7e88f895300b6195c83.pkl,1
D:\08_Dataset\Internal\mar2020\pickle_files\cc18e9613ed213c156290fc329d7641a5aae1ffa.pkl,1
D:\08_Dataset\Internal\mar2020\pickle_files\90973ff8a55a1b71f455f9d4ed3f58dd9125569a.pkl,1
D:\08_Dataset\Internal\mar2020\pickle_files\e21424b735994e39a6465464b083c3c67bf8e3e0.pkl,1
D:\08_Dataset\Internal\mar2020\pickle_files\316f00aaf1cdb7902bf8c58b87d06fcd72835547.pkl,1
D:\08_Dataset\Internal\mar2020\pickle_files\98321b6bbc8a8e3a7500f466c7ce435c0531762d.pkl,1
D:\08_Dataset\Internal\mar2020\pickle_files\a8022c1a60b1238d0fe4211036bc99b274882d1f.pkl,1
D:\08_Dataset\Internal\mar2020\pickle_files\cd3a9128ae80c3290c74ddda6658c3a06d60a4e2.pkl,1
D:\08_Dataset\Internal\mar2020\pickle_files\4333f73c6f516653b1eac334de9da6dc0ab89176.pkl,1
D:\08_Dataset\Internal\mar2020\pickle_files\e2c85880ec82e041cd125846d4d9fdd625a9deb6.pkl,1
D:\08_Dataset\Internal\mar2020\pickle_files\174643e483fa138447765d6a1dadb6a507a7c751.pkl,1
D:\08_Dataset\Internal\mar2020\pickle_files\cb0faafc5996f4297612461d97d82a05e095d8f4.pkl,1
D:\08_Dataset\Internal\mar2020\pickle_files\f7e20e9bbe552c3377ca11f563b0403b6220d7e3.pkl,1
D:\08_Dataset\Internal\mar2020\pickle_files\8ae2e5bb496909f590e3069efc0bd8390eaf7027.pkl,1
D:\08_Dataset\Internal\mar2020\pickle_files\f54a7888c6c6ca1f52736ddcc0b064e0879a7c5f.pkl,1
D:\08_Dataset\Internal\mar2020\pickle_files\e9b631ca4dc92d3a2cfd5a81dae33b815c16543b.pkl,1
D:\08_Dataset\Internal\mar2020\pickle_files\c01341a001301860e5467a06400e981afbdc93a4.pkl,1
D:\08_Dataset\Internal\mar2020\pickle_files\99d8d882098feda914fc5fe53ef6fe551a3bd510.pkl,1
D:\08_Dataset\Internal\mar2020\pickle_files\bc60129807a4a37f4d25aa2bdddb9bc75e109094.pkl,1
D:\08_Dataset\Internal\mar2020\pickle_files\0943d04922198b85ce3846c2c0b3ab2d5fe4f674.pkl,1
D:\08_Dataset\Internal\mar2020\pickle_files\52ede7ce48938f1cd1e79b21187e9ee1fe1d3ecd.pkl,1
D:\08_Dataset\Internal\mar2020\pickle_files\b741336396a09f062e0dcb4b948ff3600ca7b49b.pkl,1
D:\08_Dataset\Internal\mar2020\pickle_files\82df45a1f13fba2a8cca26d47b3cbff34b8b19af.pkl,1
D:\08_Dataset\Internal\mar2020\pickle_files\7b2b81a86c9c6faeaf5f1f321d6996d920ad3290.pkl,1
D:\08_Dataset\Internal\mar2020\pickle_files\719e0dfa703de045411d7433d4c2ea824ec8819d.pkl,1
D:\08_Dataset\Internal\mar2020\pickle_files\f53ce092e5a6d1711cc7d0dc76008874e573b2bf.pkl,1
D:\08_Dataset\Internal\mar2020\pickle_files\44e214b71652656513eb3688dc87bd18e4f8e38b.pkl,1
D:\08_Dataset\Internal\mar2020\pickle_files\ebd69af5209a8514edcc0f41ebc600ce291e2b88.pkl,1
D:\08_Dataset\Internal\mar2020\pickle_files\1eadf49b57b3c2909a538b7988d885caa847c746.pkl,1
D:\08_Dataset\Internal\mar2020\pickle_files\c565c0f344b9d53e4ba3c32cd7c5b2e19bbcc29b.pkl,1
D:\08_Dataset\Internal\mar2020\pickle_files\f2a087105bd5ca1a1d130ee7af5c6b2f3cd4e822.pkl,1
D:\08_Dataset\Internal\mar2020\pickle_files\f5294cd1af497bae4db5e3a58d6483b9cb4ff407.pkl,1
D:\08_Dataset\Internal\mar2020\pickle_files\31385e731831f2c08a40cc6f5f3cfb86fe8b34f1.pkl,1
D:\08_Dataset\Internal\mar2020\pickle_files\8f83b7f645edc5bbd5426b48c3f52a2c59a27b01.pkl,1
D:\08_Dataset\Internal\mar2020\pickle_files\dee6a89954d9756cd2232827f9f1c5eebaf76f31.pkl,1
D:\08_Dataset\Internal\mar2020\pickle_files\fca0889a1bc1b0f5a143c8529e070aad6c937f62.pkl,1
D:\08_Dataset\Internal\mar2020\pickle_files\fabc04df6d6460c2dc7b9bf4c8e8a7f6274bbe88.pkl,1
D:\08_Dataset\Internal\mar2020\pickle_files\8070d24a4a8a53f4ca57d41d2032ad404866c0d0.pkl,1
D:\08_Dataset\Internal\mar2020\pickle_files\e6439f331c36a30763dfd1c710554e9001a36555.pkl,1
D:\08_Dataset\Internal\mar2020\pickle_files\4545187193526e282505049045fdadf32f2101ea.pkl,1
D:\08_Dataset\Internal\mar2020\pickle_files\5a6ba924e6bd671756cd7fce46acff9264e3dd42.pkl,1
D:\08_Dataset\Internal\mar2020\pickle_files\d3c8a788bc8d12e062f4cfc9c6d9919806d1985d.pkl,1
D:\08_Dataset\Internal\mar2020\pickle_files\8590095eba00388a8cba161da0b08441af08b437.pkl,1
D:\08_Dataset\Internal\mar2020\pickle_files\fb4a53b31c729b11dbfd58116be7e00fd833c1cb.pkl,1
D:\08_Dataset\Internal\mar2020\pickle_files\deaa6cf1fad5d5d28cbec5820376357b5cbbc9d0.pkl,1
D:\08_Dataset\Internal\mar2020\pickle_files\ffa8ad001667c1457789ece09964961763a448b7.pkl,1
D:\08_Dataset\Internal\mar2020\pickle_files\821b5fbbf9cb1804b7fa5effedc7586b9e69cf23.pkl,1
D:\08_Dataset\Internal\mar2020\pickle_files\1454a44661619a3e4c66114fe56eacd5bccfd871.pkl,1
D:\08_Dataset\Internal\mar2020\pickle_files\851785218f5460bbd2d451be0513cefec58856d1.pkl,1
D:\08_Dataset\Internal\mar2020\pickle_files\6feb18f0f89cef1eef337eec2f928244ec60ccbc.pkl,1
D:\08_Dataset\Internal\mar2020\pickle_files\d0a29168d1e70f92abbaca508732fa8fd1dbdb67.pkl,1
D:\08_Dataset\Internal\mar2020\pickle_files\932626c157b7d3607941e435c03dcdd3c472d9d4.pkl,1
D:\08_Dataset\Internal\mar2020\pickle_files\aa7564de7eb5d83e1b186dd231b3991ee7a53ba8.pkl,1
D:\08_Dataset\Internal\mar2020\pickle_files\b9a0ae9fe54acdea4fa4cfcac49485122207be5c.pkl,1
D:\08_Dataset\Internal\mar2020\pickle_files\c2218a66ded5ba050adf0e0a634415737e1b2cc7.pkl,1
D:\08_Dataset\Internal\mar2020\pickle_files\589ed820b7e5b738f22a614ffd98480729bfbf54.pkl,1
D:\08_Dataset\Internal\mar2020\pickle_files\75ef086696561d788ac0c435dbd41fa5eefaefe2.pkl,1
D:\08_Dataset\Internal\mar2020\pickle_files\a6f61c16cd78229f0dd137c40e50fc06d6564f83.pkl,1
D:\08_Dataset\Internal\mar2020\pickle_files\0bfa7c8768dd03e2c4034c7cb71128c014f9de08.pkl,1
D:\08_Dataset\Internal\mar2020\pickle_files\3f3e622c5291759daa1d8ebbd17ac3eff6f2060d.pkl,1
D:\08_Dataset\Internal\mar2020\pickle_files\d3bb5e30515ed72113df97d21a4e3558518187f9.pkl,1
D:\08_Dataset\Internal\mar2020\pickle_files\81778f285ed8219d3aa42761899c6cd9df450210.pkl,1
D:\08_Dataset\Internal\mar2020\pickle_files\fa880980c6748741982cc94ffceeb77bebef1469.pkl,1
D:\08_Dataset\Internal\mar2020\pickle_files\f8d0c5ce9fdf11710bbaf265c69a6bd01393dfe9.pkl,1
D:\08_Dataset\Internal\mar2020\pickle_files\2c017b1b23d9e9a7c55efa78f90ab9dba57a5fae.pkl,1
D:\08_Dataset\Internal\mar2020\pickle_files\7b8b7bfb02522b1badab8dbc00190ce770f20668.pkl,1
D:\08_Dataset\Internal\mar2020\pickle_files\b63bab094265ef2e0e6c82f30cc11e1cc9d50bfb.pkl,1
D:\08_Dataset\Internal\mar2020\pickle_files\9d696d027b8d45ad3bedbedc9d1c992f3457bec2.pkl,1
D:\08_Dataset\Internal\mar2020\pickle_files\13efbd8d2c06d9d2a74b0f0a562993a7f87094ee.pkl,1
D:\08_Dataset\Internal\mar2020\pickle_files\b3bcdece93fc4603a26f5f966c3795eaf0f2f7a4.pkl,1
D:\08_Dataset\Internal\mar2020\pickle_files\fccd1c9b6619309a69f3f96f7378541670798706.pkl,1
D:\08_Dataset\Internal\mar2020\pickle_files\50b8211c19c02a24d50ee0e86b18b72fee94172a.pkl,1
D:\08_Dataset\Internal\mar2020\pickle_files\9d952490322646ff27f281477b59941161653108.pkl,1
D:\08_Dataset\Internal\mar2020\pickle_files\2232dfdca28e63f514423224fa43f36aa9cc13a5.pkl,1
D:\08_Dataset\Internal\mar2020\pickle_files\ec0836de932157b671442eb434ac1df236a5acc4.pkl,1
D:\08_Dataset\Internal\mar2020\pickle_files\7a0e9ee3d9b368c028929af041184eb7b5adf457.pkl,1
D:\08_Dataset\Internal\mar2020\pickle_files\94a9d935dc2dc2d66603b270e97ba072387df60a.pkl,1
D:\08_Dataset\Internal\mar2020\pickle_files\0ebab3086afa9c19a3edb81327031337493183f4.pkl,1
D:\08_Dataset\Internal\mar2020\pickle_files\ce271b543bc133a9b49d122288c6af0c8052dcf1.pkl,1
D:\08_Dataset\Internal\mar2020\pickle_files\c86ade850ec4520d6898a8167a430bfffd2155c5.pkl,1
D:\08_Dataset\Internal\mar2020\pickle_files\4c9aa5373a92ceccafa96166cd476219e49f2a39.pkl,1
D:\08_Dataset\Internal\mar2020\pickle_files\e688940c611634042d844b4ffd3dfc2e54554b8c.pkl,1
D:\08_Dataset\Internal\mar2020\pickle_files\0db2b067a9d7ac917e39c08fb0c7bb1e19487de3.pkl,1
D:\08_Dataset\Internal\mar2020\pickle_files\8d1c5b544e5e1946b47febc5a17aead5dfac6c31.pkl,1
D:\08_Dataset\Internal\mar2020\pickle_files\26dca8f5f820967d4d12fea51cf6c29e82b423fe.pkl,1
D:\08_Dataset\Internal\mar2020\pickle_files\8c7930973abfe1bc4e434b42cc6b304b1e0abed1.pkl,1
D:\08_Dataset\Internal\mar2020\pickle_files\0101a0229f5cb6b16b44bf51bb055da82378363f.pkl,1
D:\08_Dataset\Internal\mar2020\pickle_files\3cae7cba06071359c416efa8b24792f78455a8a8.pkl,1
D:\08_Dataset\Internal\mar2020\pickle_files\ce07baba3a82aa044c08cc54411170adffe86674.pkl,1
D:\08_Dataset\Internal\mar2020\pickle_files\dc04960fdd16a30f41032a6e220d0adfb5a26b1d.pkl,1
D:\08_Dataset\Internal\mar2020\pickle_files\8cc02b5bed6f528147f977524ee86db3379516ad.pkl,1
D:\08_Dataset\Internal\mar2020\pickle_files\a37494a1b4425e54983a2095b88549ff1edecdbb.pkl,1
D:\08_Dataset\Internal\mar2020\pickle_files\e64e0fbe530cfff7ee2861e26a6dece1b6bf2ecc.pkl,1
D:\08_Dataset\Internal\mar2020\pickle_files\32069d38d52f40169cbcba7486d02d1e575d00ec.pkl,1
D:\08_Dataset\Internal\mar2020\pickle_files\3bbf08be382cc2db5384634a0037aa464f5ef38d.pkl,1
D:\08_Dataset\Internal\mar2020\pickle_files\ee375aa6ebbfdf50511b9b874ad17c179ae46bdc.pkl,1
D:\08_Dataset\Internal\mar2020\pickle_files\7bbe0fc7ace0fb48da8680d5426b4d3857ec6dc9.pkl,1
D:\08_Dataset\Internal\mar2020\pickle_files\bb77de2355469032cb25baa2507bf7d7e96c77e4.pkl,1
D:\08_Dataset\Internal\mar2020\pickle_files\8a8c70120d85157c6cbf9896e0924bb4d7e67d98.pkl,1
D:\08_Dataset\Internal\mar2020\pickle_files\22ce87c08880b538dcb7b06200afc496ae87057f.pkl,1
D:\08_Dataset\Internal\mar2020\pickle_files\b2cd98f7ade8ad37932aaaae4166bad5416ee1f7.pkl,1
D:\08_Dataset\Internal\mar2020\pickle_files\a258e8d628eb420d392da461d3f845c99c47d6a2.pkl,1
D:\08_Dataset\Internal\mar2020\pickle_files\cdf85fb053d66e97eedef89bf34a9f798983dcae.pkl,1
D:\08_Dataset\Internal\mar2020\pickle_files\4a90ce39ef5121403f5b064efeb26c4d2d3b6ad9.pkl,1
D:\08_Dataset\Internal\mar2020\pickle_files\31ce36870c551f09054f231f43a3d09594229b1b.pkl,1
D:\08_Dataset\Internal\mar2020\pickle_files\5ceea17e4f07c0fd48570550461c66d9089d9d30.pkl,1
D:\08_Dataset\Internal\mar2020\pickle_files\43df776909691c90ad80c28f485e1cf062f894ed.pkl,1
D:\08_Dataset\Internal\mar2020\pickle_files\c366a2083cadd9f5bd194ed11f1cbd5d1db46af4.pkl,1
D:\08_Dataset\Internal\mar2020\pickle_files\48fe06066220ff7baa717c5e57fb784791cf1e5d.pkl,1
D:\08_Dataset\Internal\mar2020\pickle_files\0b046432c8b1a77f373452a3be9da9bbf82875e7.pkl,1
D:\08_Dataset\Internal\mar2020\pickle_files\a1f975a966ade3d537760e5b7281e709b0948c7f.pkl,1
D:\08_Dataset\Internal\mar2020\pickle_files\ac50beeaea17c7451557386b518146d7966c4d13.pkl,1
D:\08_Dataset\Internal\mar2020\pickle_files\18d9dc29a9c6695ef93afcbcb3687473642c9fb4.pkl,1
D:\08_Dataset\Internal\mar2020\pickle_files\e97ddb0d41ecac18ab33188baa41f94fde3fd220.pkl,1
D:\08_Dataset\Internal\mar2020\pickle_files\13e56c8affa325747215a4bb9cdd86ca8d406378.pkl,1
D:\08_Dataset\Internal\mar2020\pickle_files\5965840f59d7dda347c5c83ddf5c7c15d8d6e902.pkl,1
D:\08_Dataset\Internal\mar2020\pickle_files\26470c9869fed93a9c69d9182c3d419789071249.pkl,1
D:\08_Dataset\Internal\mar2020\pickle_files\ab90b5e4b89c79ec07daa35967881e10d4bac1a9.pkl,1
D:\08_Dataset\Internal\mar2020\pickle_files\c7027938aa2cb34459c7f500699ee53f50889c8f.pkl,1
D:\08_Dataset\Internal\mar2020\pickle_files\f4d409827f882834098306eb1486585f3f9105cd.pkl,1
D:\08_Dataset\Internal\mar2020\pickle_files\4e9c6ace8f2874b719f9bcd61f5e71ed8d9e2cbc.pkl,1
D:\08_Dataset\Internal\mar2020\pickle_files\0a05e4f472ff5166c80b6d1c36cadff42594584d.pkl,1
D:\08_Dataset\Internal\mar2020\pickle_files\a30dac054dbd691ead20b66a1ab2d8e0d2914718.pkl,1
D:\08_Dataset\Internal\mar2020\pickle_files\470cbfdf5cf9029302db04a5871840e55f2a1bc7.pkl,1
D:\08_Dataset\Internal\mar2020\pickle_files\766a0204100e2bd607dcc38e8a037be30cb7e190.pkl,1
D:\08_Dataset\Internal\mar2020\pickle_files\79f5b5087b540109e915e7038a3a8855b2c571bb.pkl,1
D:\08_Dataset\Internal\mar2020\pickle_files\5ec7e462bf8d4802dbbfd4ba5f4b7160931507c1.pkl,1
D:\08_Dataset\Internal\mar2020\pickle_files\5f75d7f286de4458705cd1a0868dbed3e4810365.pkl,1
D:\08_Dataset\Internal\mar2020\pickle_files\3ae3a44ce96827f7c9841cd12178d8e82c7f736a.pkl,1
D:\08_Dataset\Internal\mar2020\pickle_files\d5e2c5debb7049a0201d36f9cd666f9e9d86cfef.pkl,1
D:\08_Dataset\Internal\mar2020\pickle_files\807a3501d502ea25860cdb5609854f9e256d380d.pkl,1
D:\08_Dataset\Internal\mar2020\pickle_files\6f743acf2090863e5b529e6a1dc22db282b36e19.pkl,1
D:\08_Dataset\Internal\mar2020\pickle_files\67393419d3098d024593bb35da352c7d4b36a355.pkl,1
D:\08_Dataset\Internal\mar2020\pickle_files\7d7874918d524b7407291127e6979dbd1c2b3fe1.pkl,1
D:\08_Dataset\Internal\mar2020\pickle_files\d1ce5a19478576550296325f5467cc8a0cf2d1b3.pkl,1
D:\08_Dataset\Internal\mar2020\pickle_files\ac9079356341fcc1b1c800eece865093d0468089.pkl,1
D:\08_Dataset\Internal\mar2020\pickle_files\1ca1408ba274437914a7bc88f92fbb42265367cd.pkl,1
D:\08_Dataset\Internal\mar2020\pickle_files\1c4caaa83de3b7426aaf5d10dd6df652cad6bbc1.pkl,1
D:\08_Dataset\Internal\mar2020\pickle_files\dc6d5e4c8d36d84689c6172429f8d49ba8ac1723.pkl,1
D:\08_Dataset\Internal\mar2020\pickle_files\69649a61f40f49d3b3adfec4af3f5dcfc7a3d571.pkl,1
D:\08_Dataset\Internal\mar2020\pickle_files\6e172d4d01ebfdd50a94587c4b30e306fa18f0db.pkl,1
D:\08_Dataset\Internal\mar2020\pickle_files\37b484484252784e34502c4c301ce9302aae5e17.pkl,1
D:\08_Dataset\Internal\mar2020\pickle_files\cdeb156dc149b4a3274af367a9e1e0449e5a7a3a.pkl,1
D:\08_Dataset\Internal\mar2020\pickle_files\f5214451b9963a1e681a898add4a79e4e8f28099.pkl,1
D:\08_Dataset\Internal\mar2020\pickle_files\4be3229c8049b44a130061940db371506d62b7d9.pkl,1
D:\08_Dataset\Internal\mar2020\pickle_files\9d58bf234a2149903eb080248e41c34134a08f7b.pkl,1
D:\08_Dataset\Internal\mar2020\pickle_files\fe8aba66b495442d2727a0723a30ea5920bb1c25.pkl,1
D:\08_Dataset\Internal\mar2020\pickle_files\86df1cca32109c24ebb71a302f2e977f8a4eeb03.pkl,1
D:\08_Dataset\Internal\mar2020\pickle_files\8f50d02147862c2492d8a5f443f12900f56a8636.pkl,1
D:\08_Dataset\Internal\mar2020\pickle_files\003d5cac31553160db87a813e68f99f29cf2aad8.pkl,1
D:\08_Dataset\Internal\mar2020\pickle_files\0a963950dee48f626a3add904e33b04350540004.pkl,1
D:\08_Dataset\Internal\mar2020\pickle_files\1654144e703c9a00c97def23d2d61dc965a6da00.pkl,1
D:\08_Dataset\Internal\mar2020\pickle_files\f1788a39af8016705955ab0b8df5d072502f89b8.pkl,1
D:\08_Dataset\Internal\mar2020\pickle_files\7d8b87060859260d37507fdd14ee3709337be91d.pkl,1
D:\08_Dataset\Internal\mar2020\pickle_files\50cb9e73255569b2cc25a5727ca46c6b5031104c.pkl,1
D:\08_Dataset\Internal\mar2020\pickle_files\f33ff7f503402242a7c3f5b6a4010bee04a4ca3f.pkl,1
D:\08_Dataset\Internal\mar2020\pickle_files\38a2b96d0ce03fd7212e6349f75d9a83e1abda31.pkl,1
D:\08_Dataset\Internal\mar2020\pickle_files\2571a57c5ab50affec1d1748373a72c386fd109e.pkl,1
D:\08_Dataset\Internal\mar2020\pickle_files\fe2b744a59ffd99b61796e5c9a0ee02c5187c4cd.pkl,1
D:\08_Dataset\Internal\mar2020\pickle_files\2aba9db943377e1f95d21a77d3332006bebf92b5.pkl,1
D:\08_Dataset\Internal\mar2020\pickle_files\f4a4ce77f24bf4cee7a9d711a3233c47f9e4985d.pkl,1
D:\08_Dataset\Internal\mar2020\pickle_files\1e24df76b4d8191043d37cb3fae8fa0c7f8dea5e.pkl,1
D:\08_Dataset\Internal\mar2020\pickle_files\05c9b2846d89fb376bf74bbded17cd84506f113d.pkl,1
D:\08_Dataset\Internal\mar2020\pickle_files\114187defa447236a2195263e9d5150eed5efe18.pkl,1
D:\08_Dataset\Internal\mar2020\pickle_files\c82c0eb98d2d46e69b62f2eb1a55885c9faef6b3.pkl,1
D:\08_Dataset\Internal\mar2020\pickle_files\43443bf55f3a6a7b8ffd59ffc6822596a0f75ea2.pkl,1
D:\08_Dataset\Internal\mar2020\pickle_files\6dee358c82fc4c40c1b0b676f200366f6f7b9a2f.pkl,1
D:\08_Dataset\Internal\mar2020\pickle_files\248ae76a72cabbeda6393e4b95bd34d22841cc96.pkl,1
D:\08_Dataset\Internal\mar2020\pickle_files\effea383bffc0a07236a0a282efce3c41b84f06a.pkl,1
D:\08_Dataset\Internal\mar2020\pickle_files\47986e5b661cee292fb1afe1c369570653312290.pkl,1
D:\08_Dataset\Internal\mar2020\pickle_files\89942c16cabaf92db0aae46bc15bf99e81893b66.pkl,1
D:\08_Dataset\Internal\mar2020\pickle_files\95e4295fb2b630262ab1761cfdfed3c6149a1506.pkl,1
D:\08_Dataset\Internal\mar2020\pickle_files\e7f2705b5f2d4f06cdc6dbf083701e7ab1b5430c.pkl,1
D:\08_Dataset\Internal\mar2020\pickle_files\c6770c0c8e132a33e599bafb4cd1b8da8800f077.pkl,1
D:\08_Dataset\Internal\mar2020\pickle_files\f3c94e3a93710c9c8c79763f66d025b8b757cb71.pkl,1
D:\08_Dataset\Internal\mar2020\pickle_files\427a0de3dd6a599acb304d62777f552b4848d7e6.pkl,1
D:\08_Dataset\Internal\mar2020\pickle_files\e4fe8e7060cd5e4e5f3c4f1e6e984733c13ea31b.pkl,1
D:\08_Dataset\Internal\mar2020\pickle_files\0ed80af9ce6f52ab906d11849b4c4b2fe41f61be.pkl,1
D:\08_Dataset\Internal\mar2020\pickle_files\b2193e7118a7bf4cc284e3fe70e6f652d8e21185.pkl,1
D:\08_Dataset\Internal\mar2020\pickle_files\4364c42a32d547a108da6c6af8ea49143f4ca180.pkl,1
D:\08_Dataset\Internal\mar2020\pickle_files\60b4a089f32e9f4130c25c6887ce2afe634cdb97.pkl,1
D:\08_Dataset\Internal\mar2020\pickle_files\ff71b97b739926477b2220d1eb56d0fcf8a7eb08.pkl,1
D:\08_Dataset\Internal\mar2020\pickle_files\b2b707ea032ecf2f62de6eff28653b78b055d52a.pkl,1
D:\08_Dataset\Internal\mar2020\pickle_files\e0125682065a53aff567a7ae1cb6c17c13b0adbc.pkl,1
D:\08_Dataset\Internal\mar2020\pickle_files\0aad607aa86b6e266df3ef0ba1302aeb054c7590.pkl,1
D:\08_Dataset\Internal\mar2020\pickle_files\dd52708487d9bb26dcbf0efccc420d8eb1452f93.pkl,1
D:\08_Dataset\Internal\mar2020\pickle_files\6c7507841ecc79e5af45e013264292653bab1700.pkl,1
D:\08_Dataset\Internal\mar2020\pickle_files\d4a79270213d14bfffe0d9d15276c85e9636fd87.pkl,1
D:\08_Dataset\Internal\mar2020\pickle_files\76946e26dfa40a34fb3eb09e954862360d8dc866.pkl,1
D:\08_Dataset\Internal\mar2020\pickle_files\29aacba2015a8be982d85ab5b4f1b4bfd3ff0eb2.pkl,1
D:\08_Dataset\Internal\mar2020\pickle_files\c9b0cd4316b484def08a7d9eb997ca44da33812b.pkl,1
D:\08_Dataset\Internal\mar2020\pickle_files\372cae68b8d4bcd0199503247b89acfc97f8ea28.pkl,1
D:\08_Dataset\Internal\mar2020\pickle_files\0c21401f7a9a7870888ad3092320ff7e122b1ad7.pkl,1
D:\08_Dataset\Internal\mar2020\pickle_files\58c2dec0130382f376907dcfb2e7e1ab01db3aa1.pkl,1
D:\08_Dataset\Internal\mar2020\pickle_files\f5119a6303111fbd13f1cc514aa333a399fc35c0.pkl,1
D:\08_Dataset\Internal\mar2020\pickle_files\30128aad800fc1b9f3f963d73d51f41fc10c41b3.pkl,1
D:\08_Dataset\Internal\mar2020\pickle_files\9f6be39da9178307810ac5051ef9ddb02287ef40.pkl,1
D:\08_Dataset\Internal\mar2020\pickle_files\20abfb856b4d112c9ed18fc24d5d7ca560155301.pkl,1
D:\08_Dataset\Internal\mar2020\pickle_files\76ddae3aeb2c787d88e6f2c881dc79ea46a7f4aa.pkl,1
D:\08_Dataset\Internal\mar2020\pickle_files\9bed550a2ba1073e962fc04b23697c396a18c864.pkl,1
D:\08_Dataset\Internal\mar2020\pickle_files\a9b06a1228f59d38fb4041175b9dbf9842b1d733.pkl,1
D:\08_Dataset\Internal\mar2020\pickle_files\817bed4757d174e5e8676176d67ebfb0bceea53a.pkl,1
D:\08_Dataset\Internal\mar2020\pickle_files\9ef067adae8ddea28f32829124d025d7aa07a8fd.pkl,1
D:\08_Dataset\Internal\mar2020\pickle_files\e1bc491b680b3dcb0622bc998ed9c53195998419.pkl,1
D:\08_Dataset\Internal\mar2020\pickle_files\b7edfb951a71a7348a159c99d57e6b1f1fbc6ca5.pkl,1
D:\08_Dataset\Internal\mar2020\pickle_files\b6629b9571e73a194d65debd293e2aa158d0bfb5.pkl,1
D:\08_Dataset\Internal\mar2020\pickle_files\6f49f99eeb522bea491919b75baf2bb05a7fbaab.pkl,1
D:\08_Dataset\Internal\mar2020\pickle_files\5caa40ed30f9d3c2bebaaf9a20d1b8420d4340f3.pkl,1
D:\08_Dataset\Internal\mar2020\pickle_files\a3fc6c9b24354fd2fdd015c6a5a24eb6546c0efd.pkl,1
D:\08_Dataset\Internal\mar2020\pickle_files\f1666c9b3552ff8d84b9d29d14db15a79715ea04.pkl,1
D:\08_Dataset\Internal\mar2020\pickle_files\fe06ebd291ea54850b2ebbd7689a5569d786b978.pkl,1
D:\08_Dataset\Internal\mar2020\pickle_files\94e892b181b589366349bde70763cf831d26e054.pkl,1
D:\08_Dataset\Internal\mar2020\pickle_files\602697a5333afbd7f767cbc0fd00e69ae28b209a.pkl,1
D:\08_Dataset\Internal\mar2020\pickle_files\23c3a60b6459a7dc5e0d12c7defab2ded4969667.pkl,1
D:\08_Dataset\Internal\mar2020\pickle_files\18317de52387e01f21ce66128f57f94565858e0f.pkl,1
D:\08_Dataset\Internal\mar2020\pickle_files\0ce314555dbe852f6d53f362ef4d4b74a566494e.pkl,1
D:\08_Dataset\Internal\mar2020\pickle_files\b89973c57d217ce293c05a6a2731eb020d058925.pkl,1
D:\08_Dataset\Internal\mar2020\pickle_files\e5e16da4ae3e3a24f4be7a36a37fd3cc5ff24b1b.pkl,1
D:\08_Dataset\Internal\mar2020\pickle_files\3fc52e4ee21ff9f9192ff3ec0b6d61a7769abdfa.pkl,1
D:\08_Dataset\Internal\mar2020\pickle_files\fe3344b326f73f61205cbd974d0f3c67845f2568.pkl,1
D:\08_Dataset\Internal\mar2020\pickle_files\bb93e4e90ce7f8a8a946760f93b2f910997d1450.pkl,1
D:\08_Dataset\Internal\mar2020\pickle_files\3a63a0d825a6c6a5de437c5a48661dcc5d698741.pkl,1
D:\08_Dataset\Internal\mar2020\pickle_files\9fffea791a968aa06d2719bf1837e8d5f670a549.pkl,1
D:\08_Dataset\Internal\mar2020\pickle_files\79e9f1ae1f0208b9cd994a2b49eba1dd592ba5bc.pkl,1
D:\08_Dataset\Internal\mar2020\pickle_files\146590a91eecd587576ffb5dd2417b769263a817.pkl,1
D:\08_Dataset\Internal\mar2020\pickle_files\5eaac312eedb367f376fafb403691026bc522a4e.pkl,1
D:\08_Dataset\Internal\mar2020\pickle_files\3d19859112935ee8b5962cb25526bf09ddbd97eb.pkl,1
D:\08_Dataset\Internal\mar2020\pickle_files\7d09c9a5284d402223867f776261691d9f8b3a16.pkl,1
D:\08_Dataset\Internal\mar2020\pickle_files\b8df1ef44b9b72e968a4224600b0aa5c389227c2.pkl,1
D:\08_Dataset\Internal\mar2020\pickle_files\ca63db719c89df38007857431028193699ebd75e.pkl,1
D:\08_Dataset\Internal\mar2020\pickle_files\d93b50965a2054339d9e611e10f1b2810bb51755.pkl,1
D:\08_Dataset\Internal\mar2020\pickle_files\b912b8d5d901c28fa717998f8383ee3f6e5d61f8.pkl,1
D:\08_Dataset\Internal\mar2020\pickle_files\81014c5f190d0aa11cc104eeb513e0ac6e55f6e5.pkl,1
D:\08_Dataset\Internal\mar2020\pickle_files\d4d1acab059f99bd03e899d2639af06f9bef6ed8.pkl,1
D:\08_Dataset\Internal\mar2020\pickle_files\dd60161c8284eb1242f455ae87fb558a0988cff9.pkl,1
D:\08_Dataset\Internal\mar2020\pickle_files\4a0a38c2eadaa062b1d47db96d666166edb425ee.pkl,1
D:\08_Dataset\Internal\mar2020\pickle_files\01b66a52e68528d0f30e60e05deb06e101edf6cf.pkl,1
D:\08_Dataset\Internal\mar2020\pickle_files\6c72a7e09447a3c00f91a48fa5fd3073db7b45b2.pkl,1
D:\08_Dataset\Internal\mar2020\pickle_files\f664c0cd218d51ec2f35adb5ff29261aa79a5760.pkl,1
D:\08_Dataset\Internal\mar2020\pickle_files\03fbf2132b9d2aba9412af1f0683730cda3b4375.pkl,1
D:\08_Dataset\Internal\mar2020\pickle_files\81e2779ea69e68ffb96987f800b40396daa84247.pkl,1
D:\08_Dataset\Internal\mar2020\pickle_files\fc28b561176d4111ff454d964bb02d714ad32e5b.pkl,1
D:\08_Dataset\Internal\mar2020\pickle_files\a162daab14500ac7e3a1a8e26ad976c574f94c5e.pkl,1
D:\08_Dataset\Internal\mar2020\pickle_files\04b439ed9f6dea50735907ff4aba9888b11c1993.pkl,1
D:\08_Dataset\Internal\mar2020\pickle_files\7260960f74b107315ed5ace62900bf70e4f48e15.pkl,1
D:\08_Dataset\Internal\mar2020\pickle_files\32b7d122136b4715ae4a1579518b5bb4309442ce.pkl,1
D:\08_Dataset\Internal\mar2020\pickle_files\ea2a85ef688b3d5f49604a380f92fd93f1b8845b.pkl,1
D:\08_Dataset\Internal\mar2020\pickle_files\9c974449b56aca3b91daf707cbf955cb90711cab.pkl,1
D:\08_Dataset\Internal\mar2020\pickle_files\d5dc221c8b81b9b5efa7f05487ff606eb4c1f480.pkl,1
D:\08_Dataset\Internal\mar2020\pickle_files\475fffb063f6efc122ca8d5048af02d67e8ea7fa.pkl,1
D:\08_Dataset\Internal\mar2020\pickle_files\5d17ea8bb81814d33270bf6afdb73e3de14c77c4.pkl,1
D:\08_Dataset\Internal\mar2020\pickle_files\7728d740a67ae25183a1e8b1bcd0a72ed9d87227.pkl,1
D:\08_Dataset\Internal\mar2020\pickle_files\39db623eb98c5d70465619dab38e31890b9463c8.pkl,1
D:\08_Dataset\Internal\mar2020\pickle_files\06c5d77b01b4ac1bb0e5dfb315138631529de2bd.pkl,1
D:\08_Dataset\Internal\mar2020\pickle_files\5ec89cb5fa1eb665e489e3f1b5f0ec76a038261a.pkl,1
D:\08_Dataset\Internal\mar2020\pickle_files\c440f5e0291e29381abd203745638a1a4ca46493.pkl,1
D:\08_Dataset\Internal\mar2020\pickle_files\d20f8c9017fe2af91a3e719d27cf072c9fa871d9.pkl,1
D:\08_Dataset\Internal\mar2020\pickle_files\16e77687235ed2ea5e50c141dd76708c05aa7cdf.pkl,1
D:\08_Dataset\Internal\mar2020\pickle_files\607c7371bb573b248b2a13e4084626beafb4987d.pkl,1
D:\08_Dataset\Internal\mar2020\pickle_files\4b1e48f17599d0ec19d8166d8f70f0c2c33bcae7.pkl,1
D:\08_Dataset\Internal\mar2020\pickle_files\9fe429d6348378a905378c3c751224fe328e52dc.pkl,1
D:\08_Dataset\Internal\mar2020\pickle_files\8a54c1a63c9cf3645cd59e19870483b242143b8f.pkl,1
D:\08_Dataset\Internal\mar2020\pickle_files\d0b5639cd0af195b04cf2549239f47ab2c76b83e.pkl,1
D:\08_Dataset\Internal\mar2020\pickle_files\74a1e3a667ba547275df5a7c48e4410d067b153f.pkl,1
D:\08_Dataset\Internal\mar2020\pickle_files\50f7eded2e5ea9d6bd1033b6cb766ff0c79fdbb6.pkl,1
D:\08_Dataset\Internal\mar2020\pickle_files\5eab29a014e55661ae3c99f2b96dafdb49993117.pkl,1
D:\08_Dataset\Internal\mar2020\pickle_files\a804cf44effebca9cd82b0ff68515992ad115c63.pkl,1
D:\08_Dataset\Internal\mar2020\pickle_files\714839e7b0ba7ee17747ac3f92b819badd07be92.pkl,1
D:\08_Dataset\Internal\mar2020\pickle_files\241c2b0db0c356feeff710b46edb6ac6beb88652.pkl,1
D:\08_Dataset\Internal\mar2020\pickle_files\755b6b90a182c107cfbe3aac5fd9a32e6ee8fc98.pkl,1
D:\08_Dataset\Internal\mar2020\pickle_files\f40f37311ede784253423fab114c6ab1216356d7.pkl,1
D:\08_Dataset\Internal\mar2020\pickle_files\c7e960ed7d9cc6dbfa362436f7049d9f36fb578c.pkl,1
D:\08_Dataset\Internal\mar2020\pickle_files\3b578b4eb2fa2648d49cb8c316693f986c9f50fc.pkl,1
D:\08_Dataset\Internal\mar2020\pickle_files\70785c338e9660197194c85851da58f7c6ffbd74.pkl,1
D:\08_Dataset\Internal\mar2020\pickle_files\be71e94e1ec57413aa2a2c48d24d8b548ed5549a.pkl,1
D:\08_Dataset\Internal\mar2020\pickle_files\e4df34f22dd45cb95554f0a7aa66e067f09793f1.pkl,1
D:\08_Dataset\Internal\mar2020\pickle_files\8fadca22e1c6e5eee4d1fc0d8e64dfc88ea3e129.pkl,1
D:\08_Dataset\Internal\mar2020\pickle_files\c4226fe9358e5cd63a97a715952c2cdc7da43a3a.pkl,1
D:\08_Dataset\Internal\mar2020\pickle_files\50eaa571ec1a8640ecf454331949658782c1c6a4.pkl,1
D:\08_Dataset\Internal\mar2020\pickle_files\8d5f912727de35212021edf1cb0a307bbe36bda1.pkl,1
D:\08_Dataset\Internal\mar2020\pickle_files\a4ba0da9a9cc648e0097fffabe320c5fd76ce671.pkl,1
D:\08_Dataset\Internal\mar2020\pickle_files\76b0b2472e89b3ccc3405b984af7153fabe1add5.pkl,1
D:\08_Dataset\Internal\mar2020\pickle_files\f88a2cc4138de6eb341813f7edf2645f1fbb13a5.pkl,1
D:\08_Dataset\Internal\mar2020\pickle_files\30b180cfdcf028fb6599b98ccc02be199d781a2a.pkl,1
D:\08_Dataset\Internal\mar2020\pickle_files\de497209983e2953a5a4e55450af8a9c107eb7f8.pkl,1
D:\08_Dataset\Internal\mar2020\pickle_files\11001df62238533cad8fe95a46c5263155f82666.pkl,1
D:\08_Dataset\Internal\mar2020\pickle_files\5a198dcb43bb79161123406231fb613669d3a9b3.pkl,1
D:\08_Dataset\Internal\mar2020\pickle_files\2538892322b54b10c1829d189ca0037ad1f54b8c.pkl,1
D:\08_Dataset\Internal\mar2020\pickle_files\6458f705b7bb3191b4fd557ad301cb1b1f0b467a.pkl,1
D:\08_Dataset\Internal\mar2020\pickle_files\a1101c0ee297fd072256626ad32c55dcb898f3ed.pkl,1
D:\08_Dataset\Internal\mar2020\pickle_files\b2d48efdc7937a1db497fc71001ab7f0d026deb9.pkl,1
D:\08_Dataset\Internal\mar2020\pickle_files\341292f1739eadd5ad0e2ddd0ccf57334b661a1b.pkl,1
D:\08_Dataset\Internal\mar2020\pickle_files\209f27abd8a9bc871cd2ab6de1f18d5f6d9f7e48.pkl,1
D:\08_Dataset\Internal\mar2020\pickle_files\26c38597f2cb6834387ca97164d35404e238b7a1.pkl,1
D:\08_Dataset\Internal\mar2020\pickle_files\82de0eb029fdcd06c9a126333e4b64f87291ab9a.pkl,1
D:\08_Dataset\Internal\mar2020\pickle_files\c45f89e57851feb0d5d7e8d6d33a72d5d838b4fb.pkl,1
D:\08_Dataset\Internal\mar2020\pickle_files\f0c3c2b56a7e1fb66aeba83cbf510b4db8968334.pkl,1
D:\08_Dataset\Internal\mar2020\pickle_files\f8f9a191584ff22b310938574435e753dbcea248.pkl,1
D:\08_Dataset\Internal\mar2020\pickle_files\5d34810df3c37094ed0723de56ffd0dcdde54515.pkl,1
D:\08_Dataset\Internal\mar2020\pickle_files\2c804c2c0ef42f79c9a86e7bdd693c0d18711bfe.pkl,1
D:\08_Dataset\Internal\mar2020\pickle_files\76d4ea1a1bfab2b8dae81c36a153b324d1c4f635.pkl,1
D:\08_Dataset\Internal\mar2020\pickle_files\c500b7c9b21ac380011e18885775bfe0e92a6f8b.pkl,1
D:\08_Dataset\Internal\mar2020\pickle_files\cbc0ca7079fafe854ad0473e5a45d39db2fe85ba.pkl,1
D:\08_Dataset\Internal\mar2020\pickle_files\21855dba09813cee8bafe6b04747ffa2066de0e2.pkl,1
D:\08_Dataset\Internal\mar2020\pickle_files\e843dfb2791086a19ee9b1fcd52a96282fffc282.pkl,1
D:\08_Dataset\Internal\mar2020\pickle_files\ac7c240fd09892a48d2ec8d34ae1dc518c993fdd.pkl,1
D:\08_Dataset\Internal\mar2020\pickle_files\82374b1cdfc9d071453b0786592510ab5cee0e4d.pkl,1
D:\08_Dataset\Internal\mar2020\pickle_files\e9dc68bdb96a56b5f7d0528931a3c85e7f957040.pkl,1
D:\08_Dataset\Internal\mar2020\pickle_files\fa6e99e014eb004cb02b4c1a53f8327844754622.pkl,1
D:\08_Dataset\Internal\mar2020\pickle_files\a221d1602ecc63f5ad9260733b895e262419b284.pkl,1
D:\08_Dataset\Internal\mar2020\pickle_files\08e6b581ad76152b032e2dc7192ea8b5dd75f1c9.pkl,1
D:\08_Dataset\Internal\mar2020\pickle_files\584107e6fa1c2ece8cced9eb0b1885aae3f08fdf.pkl,1
D:\08_Dataset\Internal\mar2020\pickle_files\2d19697d7aee0a57dfbcc4692852e754029e6a0b.pkl,1
D:\08_Dataset\Internal\mar2020\pickle_files\d6cfc795be1ca0e3741d7ea1e4c116eee1904639.pkl,1
D:\08_Dataset\Internal\mar2020\pickle_files\1525aad81565d13822f15051f59eeb82cbcc417c.pkl,1
D:\08_Dataset\Internal\mar2020\pickle_files\296c9df65bfde3ffc1ef749c96a3375812b2a4f8.pkl,1
D:\08_Dataset\Internal\mar2020\pickle_files\0fc8ef1041f8406c0ef9104ccc5fd0d628e16811.pkl,1
D:\08_Dataset\Internal\mar2020\pickle_files\088fea21c4ef55b5e7af31eb5297e767ef1141a4.pkl,1
D:\08_Dataset\Internal\mar2020\pickle_files\24362a6e84989f4276aadb299a8a1b5147d20c43.pkl,1
D:\08_Dataset\Internal\mar2020\pickle_files\30290a9f79913ee3aa58c2eccc00bdda326304ee.pkl,1
D:\08_Dataset\Internal\mar2020\pickle_files\9057e08b548a2598567a4826aa9ae470d6ad1dc5.pkl,1
D:\08_Dataset\Internal\mar2020\pickle_files\32d255a92db9a1bdfcbd468c7c4ef1a6da94a56b.pkl,1
D:\08_Dataset\Internal\mar2020\pickle_files\1951e7b725899a27cb7ccfa53d516424d1db3512.pkl,1
D:\08_Dataset\Internal\mar2020\pickle_files\e78018f73a2070ebe8ebb804769a4eedf8c06676.pkl,1
D:\08_Dataset\Internal\mar2020\pickle_files\def97b7368c879fba5a21ed26a85f961aa05de14.pkl,1
D:\08_Dataset\Internal\mar2020\pickle_files\414f4c89866fd00c372a9dd24f4609568f771a44.pkl,1
D:\08_Dataset\Internal\mar2020\pickle_files\f867a812bdae89d1a81102aec2b151fe3801a6d8.pkl,1
D:\08_Dataset\Internal\mar2020\pickle_files\1154b1519ada284d8a838c066c7c598ae23091e7.pkl,1
D:\08_Dataset\Internal\mar2020\pickle_files\e5b0e8f605d13abbdfa24077a059fa0befadbe56.pkl,1
D:\08_Dataset\Internal\mar2020\pickle_files\651446a27e7c96daed228f0abc74f0898bdf1389.pkl,1
D:\08_Dataset\Internal\mar2020\pickle_files\cc4238b6b62184e0ddacccec8c7c1c79cd5fddfc.pkl,1
D:\08_Dataset\Internal\mar2020\pickle_files\dba38ce19c9e782b3a06df0d05d8da0ab5dd7ab9.pkl,1
D:\08_Dataset\Internal\mar2020\pickle_files\e9633763c67180e62bceaa7680f6b7f91fc94ef9.pkl,1
D:\08_Dataset\Internal\mar2020\pickle_files\df05fef87ca341335bdfa45139e457c5f796958e.pkl,1
D:\08_Dataset\Internal\mar2020\pickle_files\e10e9ef22d58f5548d49a74aab1dc718707ae3e3.pkl,1
D:\08_Dataset\Internal\mar2020\pickle_files\7e7c8884608e76a6a7f7a5b7885d76b5aa8e76f8.pkl,1
D:\08_Dataset\Internal\mar2020\pickle_files\78987dd54c856e8720ab8b9fa74fb824dcc91ea5.pkl,1
D:\08_Dataset\Internal\mar2020\pickle_files\78aea912791dd72f00a297b8d340639d6755c7e0.pkl,1
D:\08_Dataset\Internal\mar2020\pickle_files\1974dbd9356adfcda973e440830e9a8eb1b17132.pkl,1
D:\08_Dataset\Internal\mar2020\pickle_files\80953abca4fe039bf7113ca563befce0f7db43fe.pkl,1
D:\08_Dataset\Internal\mar2020\pickle_files\5b835d8fc6ed75d9e78328de742da722ad1abe57.pkl,1
D:\08_Dataset\Internal\mar2020\pickle_files\4e2e9f8b04daf8d88134cd6131c8617bf11fcd94.pkl,1
D:\08_Dataset\Internal\mar2020\pickle_files\958d5a36bbe41e572c859192bfc6cbbae0b13917.pkl,1
D:\08_Dataset\Internal\mar2020\pickle_files\8c5825af875cf3aabb3ab508b07bd4977c3deb45.pkl,1
D:\08_Dataset\Internal\mar2020\pickle_files\dda38e0676391d49360ff936b3607c313c9879bf.pkl,1
D:\08_Dataset\Internal\mar2020\pickle_files\30ac04fe44fda2ee225ddd88febda998b2c2dbb8.pkl,1
D:\08_Dataset\Internal\mar2020\pickle_files\38fe4f2e78e038f263e72edcb987460348cc0016.pkl,1
D:\08_Dataset\Internal\mar2020\pickle_files\c3a040f1cd1784c5f0e2dd74a6ef7468e9efafa7.pkl,1
D:\08_Dataset\Internal\mar2020\pickle_files\9557fa56e2b45eac9aabc38300b824b9708d3012.pkl,1
D:\08_Dataset\Internal\mar2020\pickle_files\38dd7a1b50f19f8c14200aafba0b245858c15bf1.pkl,1
D:\08_Dataset\Internal\mar2020\pickle_files\b1c967a444b74b0e10b77a41bcf833d61e423f65.pkl,1
D:\08_Dataset\Internal\mar2020\pickle_files\f2a96e824e22f130359e5a2eacd7e20084170bb4.pkl,1
D:\08_Dataset\Internal\mar2020\pickle_files\80a611a2409fb71cb04fe57dff1f516172187a4c.pkl,1
D:\08_Dataset\Internal\mar2020\pickle_files\4e0cb67c48134c430c648f59c9ccc2c8e18e9c4c.pkl,1
D:\08_Dataset\Internal\mar2020\pickle_files\223ec92446c04de6f3c70d418f2822bb6efffd88.pkl,1
D:\08_Dataset\Internal\mar2020\pickle_files\b6e708396dac91600969f9df40f362e59d229de0.pkl,1
D:\08_Dataset\Internal\mar2020\pickle_files\1a200fe85dbe300b4aea03c2c762bf4e92bc9086.pkl,1
D:\08_Dataset\Internal\mar2020\pickle_files\d67012ef6914975b524f76344cebfd750942bb69.pkl,1
D:\08_Dataset\Internal\mar2020\pickle_files\7f42189174866adfebbf6d6d1892e36358c2a3f1.pkl,1
D:\08_Dataset\Internal\mar2020\pickle_files\c8a1dd8ca372102bcd633087628d3ab5b207d066.pkl,1
D:\08_Dataset\Internal\mar2020\pickle_files\4e604d59a3421f47604994cf99277f9df436b5bf.pkl,1
D:\08_Dataset\Internal\mar2020\pickle_files\bb5237ece66fdf2e48d36292a33b37c96188e10b.pkl,1
D:\08_Dataset\Internal\mar2020\pickle_files\a05e80c12b99711df6e88dee77996cb25d3ce2b9.pkl,1
D:\08_Dataset\Internal\mar2020\pickle_files\b9d6f95f33baf95e5375f931fd5be205f978668f.pkl,1
D:\08_Dataset\Internal\mar2020\pickle_files\437434711fdf4716550aa1581dcaff991635f07b.pkl,1
D:\08_Dataset\Internal\mar2020\pickle_files\50152de6e69d06bcc310185270bace351bdcb262.pkl,1
D:\08_Dataset\Internal\mar2020\pickle_files\69de6b15bfc7afed30cf568609a81282158f8934.pkl,1
D:\08_Dataset\Internal\mar2020\pickle_files\4c047c703880d90fbd6498bbf33bff971851af08.pkl,1
D:\08_Dataset\Internal\mar2020\pickle_files\c6f6bf163225a707ea9bd1a0179eac7e3db7e011.pkl,1
D:\08_Dataset\Internal\mar2020\pickle_files\cd48894c837ba5d63ec3bd401ac5f5e52f27aa64.pkl,1
D:\08_Dataset\Internal\mar2020\pickle_files\bdc9f884a0d1a5eb3f2a9e383312ec58edeeba05.pkl,1
D:\08_Dataset\Internal\mar2020\pickle_files\2c827b0ece572aa5ca5d8b2fa76ffb7493b58287.pkl,1
D:\08_Dataset\Internal\mar2020\pickle_files\953d0bb4fff7a251815b7a4fce605bb3fc8ccea5.pkl,1
D:\08_Dataset\Internal\mar2020\pickle_files\31678e99e892ae21920a631ee10728a4d755dc41.pkl,1
D:\08_Dataset\Internal\mar2020\pickle_files\8aaccdc22c2dbbea8e503fbb946822531d1166e2.pkl,1
D:\08_Dataset\Internal\mar2020\pickle_files\f95d31e6c972741ea5a62e88acb2404e0f21c3a9.pkl,1
D:\08_Dataset\Internal\mar2020\pickle_files\a78f5320fbb2e2776dfa6871b5a523434c404a6b.pkl,1
D:\08_Dataset\Internal\mar2020\pickle_files\db79b71a074ea429505bcb522c799a4331cfbb51.pkl,1
D:\08_Dataset\Internal\mar2020\pickle_files\9dd7cb014fc591263450fd9620025cae37a7fa8d.pkl,1
D:\08_Dataset\Internal\mar2020\pickle_files\13e4c572e4cd90a9b23845557f267c094c4dc044.pkl,1
D:\08_Dataset\Internal\mar2020\pickle_files\839576dd5db879f9fa0e58b5e1fe90f9858cd2e4.pkl,1
D:\08_Dataset\Internal\mar2020\pickle_files\28a6f42fab86e66b4df6eb4290fe8bc9f968ff7d.pkl,1
D:\08_Dataset\Internal\mar2020\pickle_files\3cd57776968b2a0b321955948a19deca04dcfc51.pkl,1
D:\08_Dataset\Internal\mar2020\pickle_files\07bcee36c6f6d22f73c83ca916ba3a4b5f2b1420.pkl,1
D:\08_Dataset\Internal\mar2020\pickle_files\91cd6507077581593756bd70426a1b878780efd1.pkl,1
D:\08_Dataset\Internal\mar2020\pickle_files\9323d7df1cde78edbca94502038f4e25aed9f3d3.pkl,1
D:\08_Dataset\Internal\mar2020\pickle_files\c92c3997867cdcc2ba4da31c424bdf4005688ff1.pkl,1
D:\08_Dataset\Internal\mar2020\pickle_files\dbf32124699db2fd8bfb5aa90f2d4c02e8df400c.pkl,1
D:\08_Dataset\Internal\mar2020\pickle_files\20576f6e7aa61cf4f4d44c134522daaea37bc76e.pkl,1
D:\08_Dataset\Internal\mar2020\pickle_files\b6a9dd2f2cce2f45483202e86a5e424cd87b2adc.pkl,1
D:\08_Dataset\Internal\mar2020\pickle_files\da74c1302280c9005c67b57216a42adce850eb8f.pkl,1
D:\08_Dataset\Internal\mar2020\pickle_files\28d2deb3a052d5a3c450d81c1b60cfb683c51ef1.pkl,1
D:\08_Dataset\Internal\mar2020\pickle_files\a2bc0a0bf939bc5fa15dbeda0cf42e00290478a3.pkl,1
D:\08_Dataset\Internal\mar2020\pickle_files\7eca41b1a967babb23811a7548eb1033731a2589.pkl,1
D:\08_Dataset\Internal\mar2020\pickle_files\542fe1ec833bc1ff42bb0b0b188f92c25f895efd.pkl,1
D:\08_Dataset\Internal\mar2020\pickle_files\28ace05f56e1880ae550bb1703afad3a7b59dfee.pkl,1
D:\08_Dataset\Internal\mar2020\pickle_files\d54f70e375c3572662cd32183df3581fa8225c67.pkl,1
D:\08_Dataset\Internal\mar2020\pickle_files\3aba43669056e758e259b4fedaf16f44d65b7a16.pkl,1
D:\08_Dataset\Internal\mar2020\pickle_files\d8ff274ce7c656fe9243c58bacdbddea9e131da3.pkl,1
D:\08_Dataset\Internal\mar2020\pickle_files\7a6792c1306636edae0b898c9395d0d742585ee2.pkl,1
D:\08_Dataset\Internal\mar2020\pickle_files\47765237f8fd122215c6401573f025160bf1aeb5.pkl,1
D:\08_Dataset\Internal\mar2020\pickle_files\ffa82de1ebefcaec1158e0cfc17c12e991ca4ac2.pkl,1
D:\08_Dataset\Internal\mar2020\pickle_files\8a8bc08bab976a69d0468263042260e68af480c0.pkl,1
D:\08_Dataset\Internal\mar2020\pickle_files\3a860088907c3639add0b90a0b68f139e9932053.pkl,1
D:\08_Dataset\Internal\mar2020\pickle_files\8a5758be454cfc8429c5d5048d9fe2df01018f08.pkl,1
D:\08_Dataset\Internal\mar2020\pickle_files\e3e426f156b16795ebc218c83b80d1abadc2f05c.pkl,1
D:\08_Dataset\Internal\mar2020\pickle_files\7b6968179f382a14350d2227cb17af33316f8fd4.pkl,1
D:\08_Dataset\Internal\mar2020\pickle_files\f1215c1a4cdd09467fe7bf75b05d21d23e956dcd.pkl,1
D:\08_Dataset\Internal\mar2020\pickle_files\ca07c67835e4498df9da6761e090aca6cd0e1152.pkl,1
D:\08_Dataset\Internal\mar2020\pickle_files\bd62bc9088a0d12f2b46cc1a1a01b03273991130.pkl,1
D:\08_Dataset\Internal\mar2020\pickle_files\1a5e01db22ad563ed99d6a85440d5fee00d40695.pkl,1
D:\08_Dataset\Internal\mar2020\pickle_files\69c5cc2c176364220acd1da1afaa65a7a3bdbf09.pkl,1
D:\08_Dataset\Internal\mar2020\pickle_files\a15aa3fbf50b01e09b8e53d1b3b26d0b88f9ea48.pkl,1
D:\08_Dataset\Internal\mar2020\pickle_files\5916bf585305efae5afd09eaf34dd776f4e73fc6.pkl,1
D:\08_Dataset\Internal\mar2020\pickle_files\d5cf795dbab0ab10a54cc3f5440448afed43566c.pkl,1
D:\08_Dataset\Internal\mar2020\pickle_files\daa9030bdd0602aa41c46a2884a6ce56404cb936.pkl,1
D:\08_Dataset\Internal\mar2020\pickle_files\77a98d99a1873f4512e410f3c0e87ad46ccb6103.pkl,1
D:\08_Dataset\Internal\mar2020\pickle_files\4c7d407c7302b67d830590fd7d9e1e1a20ef1d61.pkl,1
D:\08_Dataset\Internal\mar2020\pickle_files\688e812e17b8aaeaedc41e01cca45956cc7201b8.pkl,1
D:\08_Dataset\Internal\mar2020\pickle_files\ca7cba16d34aa8fd4d886b0e7e5d86e4e60c6000.pkl,1
D:\08_Dataset\Internal\mar2020\pickle_files\01a446f963f8eeb638af6ce8f25cd5e935c5104f.pkl,1
D:\08_Dataset\Internal\mar2020\pickle_files\77aaef350dc30030bd096ffad110623a93cc2daa.pkl,1
D:\08_Dataset\Internal\mar2020\pickle_files\e82843a3ad0e09a9d53cc28fec0fa4c5792228ff.pkl,1
D:\08_Dataset\Internal\mar2020\pickle_files\8ceef10f985939b777e49b8f21731f264aeb8a17.pkl,1
D:\08_Dataset\Internal\mar2020\pickle_files\bad5280c026266022ce98dbdf22cd9aca19a7d8f.pkl,1
D:\08_Dataset\Internal\mar2020\pickle_files\332ece583ecc680ead746d9e40ac57e54619f8e2.pkl,1
D:\08_Dataset\Internal\mar2020\pickle_files\e23e9a9f6d92d9f4e1e42a55cca94b71ee10cbe7.pkl,1
D:\08_Dataset\Internal\mar2020\pickle_files\725ba4453c048ddc5ec515c0dbc165c846f731cf.pkl,1
D:\08_Dataset\Internal\mar2020\pickle_files\e98d5ecba0c82540a9f5004d6619138c3ef2f9bb.pkl,1
D:\08_Dataset\Internal\mar2020\pickle_files\a1de42824b42427cc7034c37f0779e5cd82e2013.pkl,1
D:\08_Dataset\Internal\mar2020\pickle_files\a30930916c75b3fdd8f86c1ef6c162a9d63608c1.pkl,1
D:\08_Dataset\Internal\mar2020\pickle_files\54993c54ec86a197b9e675f3206bcdbfe5ca03da.pkl,1
D:\08_Dataset\Internal\mar2020\pickle_files\d374352a9a6c1f412f8eca96e5e354b1e20efafb.pkl,1
D:\08_Dataset\Internal\mar2020\pickle_files\576556be054cc16297c2506bd56331ecb672fc5e.pkl,1
D:\08_Dataset\Internal\mar2020\pickle_files\fbdb81ffca20df82c61efc2dd7c39837873aa1ec.pkl,1
D:\08_Dataset\Internal\mar2020\pickle_files\f3a94fa4c68d1eb54a65e63d5055250603e75abd.pkl,1
D:\08_Dataset\Internal\mar2020\pickle_files\7a0d03d83f19f29839608bcc24ab6203ba075ea5.pkl,1
D:\08_Dataset\Internal\mar2020\pickle_files\d6f317727322c67727352960e8ed62bd204c39f0.pkl,1
D:\08_Dataset\Internal\mar2020\pickle_files\58229c80c20ad02c9ee92c8af2f1102f90209634.pkl,1
D:\08_Dataset\Internal\mar2020\pickle_files\ed3463a7db95d4b0a40b18ff7d4c3a198afe9c87.pkl,1
D:\08_Dataset\Internal\mar2020\pickle_files\0bb0d7f1b9ddbcdb5e08a11a7333592f6c538666.pkl,1
D:\08_Dataset\Internal\mar2020\pickle_files\b340b28dd8c27b7ccd417835bb2d4bbfdb6b65e1.pkl,1
D:\08_Dataset\Internal\mar2020\pickle_files\500f51cbdb47959806a37b9fcc1e3d9c3987c14e.pkl,1
D:\08_Dataset\Internal\mar2020\pickle_files\bb71aec55571b4d8a32f2d20878379e2370fa477.pkl,1
D:\08_Dataset\Internal\mar2020\pickle_files\610ac123b2b32e28245b4495942dfa6fdccc3a52.pkl,1
D:\08_Dataset\Internal\mar2020\pickle_files\8da311643c455842b4133510c0446d604fa22add.pkl,1
D:\08_Dataset\Internal\mar2020\pickle_files\61ee2a9656ecfc2ba824203dd69887171303f71e.pkl,1
D:\08_Dataset\Internal\mar2020\pickle_files\cc74bd2db9e86d4e3f45e3d70041bd3c132cb463.pkl,1
D:\08_Dataset\Internal\mar2020\pickle_files\42b245a3ed1de7d1b555ca4b3e8fdc7e38b7838d.pkl,1
D:\08_Dataset\Internal\mar2020\pickle_files\b3068651df7c3dd8cc3007ff59835bc963056482.pkl,1
D:\08_Dataset\Internal\mar2020\pickle_files\cb356b0b33eba39db0686e60f9f3cbe68663e679.pkl,1
D:\08_Dataset\Internal\mar2020\pickle_files\5d067c208f79860aa6f797c7ee1978a67d910482.pkl,1
D:\08_Dataset\Internal\mar2020\pickle_files\25ec4b3cb50bdf06afc5d296511445bc3c33106e.pkl,1
D:\08_Dataset\Internal\mar2020\pickle_files\96f3e341fab5aaa8fc1f5c50a313e0650c875f47.pkl,1
D:\08_Dataset\Internal\mar2020\pickle_files\21f10fa28f168af5f09d2c1cb85e0b230c5230c2.pkl,1
D:\08_Dataset\Internal\mar2020\pickle_files\51586e18216b77e83efc178dd8b37f51c55b93f9.pkl,1
D:\08_Dataset\Internal\mar2020\pickle_files\a91dc86f5b4e3da4ea8579c4fbbd278aaff4d0ba.pkl,1
D:\08_Dataset\Internal\mar2020\pickle_files\c27d399058edab2f55cb481054ae5d341c7af1f1.pkl,1
D:\08_Dataset\Internal\mar2020\pickle_files\ab03773930a09b529579b352977d9829860d76ac.pkl,1
D:\08_Dataset\Internal\mar2020\pickle_files\cfa38dcd1a267b948df6be93d75ba5cba558a902.pkl,1
D:\08_Dataset\Internal\mar2020\pickle_files\83510f3a128e892aa8330ab3703b2f228ffa5648.pkl,1
D:\08_Dataset\Internal\mar2020\pickle_files\da1d5da5112aa92f68dccf4d9ca1524a7e68cb64.pkl,1
D:\08_Dataset\Internal\mar2020\pickle_files\5109adb1207140e2a79cb6f0dad5d3caa65577c8.pkl,1
D:\08_Dataset\Internal\mar2020\pickle_files\ecfe6fc23f1e1c470456aa68d4a924fcca14fa49.pkl,1
D:\08_Dataset\Internal\mar2020\pickle_files\e46c69c2c722dbf6b8a4362e1755a0dac2da2b06.pkl,1
D:\08_Dataset\Internal\mar2020\pickle_files\d9c6ab6930182ab80c29e298ca92ca4b57180b57.pkl,1
D:\08_Dataset\Internal\mar2020\pickle_files\61c694ff6dcaf08383aa24c3ccf84b43a9cd795e.pkl,1
D:\08_Dataset\Internal\mar2020\pickle_files\4c0913cd95b2e09fcc98c562215f5eba9e09a3a1.pkl,1
D:\08_Dataset\Internal\mar2020\pickle_files\aed34b8def59068977819f04211114e2128a7edb.pkl,1
D:\08_Dataset\Internal\mar2020\pickle_files\2f68a86982e3c2527af92b260c179a7a68f53b73.pkl,1
D:\08_Dataset\Internal\mar2020\pickle_files\1b6b86f91ed381fdeec693c208ed75d0691e57af.pkl,1
D:\08_Dataset\Internal\mar2020\pickle_files\1d1c238a3adfae4d5ea021860b929985630a21a0.pkl,1
D:\08_Dataset\Internal\mar2020\pickle_files\46bc27d57150f9045a9c1954ae35307595ddbdbc.pkl,1
D:\08_Dataset\Internal\mar2020\pickle_files\fba2b4ab0af883d9d696d87b4b1a92bc8fb777ec.pkl,1
D:\08_Dataset\Internal\mar2020\pickle_files\18f49653aaa5354db0b38e6ef5d8327b8de41508.pkl,1
D:\08_Dataset\Internal\mar2020\pickle_files\e87ef2afd0599f58885b75e22bdf3aa54458afa6.pkl,1
D:\08_Dataset\Internal\mar2020\pickle_files\a9cc3ce9984701c24067a4a7b690b3d256d043bb.pkl,1
D:\08_Dataset\Internal\mar2020\pickle_files\d850fd4c0d9f56a1fe9635b67e9e11ed489a7a49.pkl,1
D:\08_Dataset\Internal\mar2020\pickle_files\600fe4e42fec227b9375be686cccd23623eb471f.pkl,1
D:\08_Dataset\Internal\mar2020\pickle_files\0fe9d3067d9037c788884eae72aba0151bf77956.pkl,1
D:\08_Dataset\Internal\mar2020\pickle_files\bca9cff9053d87b968b4802f23950715c88ec169.pkl,1
D:\08_Dataset\Internal\mar2020\pickle_files\9ffe86ecae0f732fdbaed77bbfb5187fd4e967c3.pkl,1
D:\08_Dataset\Internal\mar2020\pickle_files\7411b50411ad67937a39bccb6cef7facb99746e9.pkl,1
D:\08_Dataset\Internal\mar2020\pickle_files\988e1174541605792b32ac1cdc36bde3ff728b94.pkl,1
D:\08_Dataset\Internal\mar2020\pickle_files\013c0fc078f4d77dd32c7cf8fca68a20d59d083f.pkl,1
D:\08_Dataset\Internal\mar2020\pickle_files\c8e4ce5719be1021c5f383250f90297e16212981.pkl,1
D:\08_Dataset\Internal\mar2020\pickle_files\042ebcc1a3a87096d5efb6ed7c181567d8c0688e.pkl,1
D:\08_Dataset\Internal\mar2020\pickle_files\c89384b597388a1b83a1aa2c8708585ad741e952.pkl,1
D:\08_Dataset\Internal\mar2020\pickle_files\9bf95e62b95e310d2a0a15aee7bbcec22af3f32e.pkl,1
D:\08_Dataset\Internal\mar2020\pickle_files\9cacb1ba69d58b3f5bbc781d599d13146f2ca270.pkl,1
D:\08_Dataset\Internal\mar2020\pickle_files\429973e5a7826f5c66450d0beec2a30c740144ea.pkl,1
D:\08_Dataset\Internal\mar2020\pickle_files\f39a917c95549f9af183a3ad77c50cde3469756b.pkl,1
D:\08_Dataset\Internal\mar2020\pickle_files\dab7c35edaf080602624401b40e60a2e0faddd34.pkl,1
D:\08_Dataset\Internal\mar2020\pickle_files\f1478831b79a18b22981be4376c40a633d7cca41.pkl,1
D:\08_Dataset\Internal\mar2020\pickle_files\4806218371c063f19dceb33e9da0e8197504f50e.pkl,1
D:\08_Dataset\Internal\mar2020\pickle_files\bfcbd52ecae8e99a74bef0d9d8b4ec7910bec85f.pkl,1
D:\08_Dataset\Internal\mar2020\pickle_files\c696e1dc5bb9bd63f9870e0fdbb337ac91d84917.pkl,1
D:\08_Dataset\Internal\mar2020\pickle_files\6197efbcd6d9fe34e2d27c77463ff162023297f3.pkl,1
D:\08_Dataset\Internal\mar2020\pickle_files\e9328f9a096918a710cac8aa4a69bc847de98fe2.pkl,1
D:\08_Dataset\Internal\mar2020\pickle_files\0046d84e778ee462044b6200fd67130c2fe18c95.pkl,1
D:\08_Dataset\Internal\mar2020\pickle_files\8f11216cb78d3e3cd0111062262d4340eda9e943.pkl,1
D:\08_Dataset\Internal\mar2020\pickle_files\cec5588241e640101459184d21ba37dccdcab458.pkl,1
D:\08_Dataset\Internal\mar2020\pickle_files\b6f1c4930d7645dcdc4a1206f439adedf18320cf.pkl,1
D:\08_Dataset\Internal\mar2020\pickle_files\b999d0966a478a99b39d3a94e120c9cacf6203d7.pkl,1
D:\08_Dataset\Internal\mar2020\pickle_files\f531358e05309491ef30173e27463bdc2a0f01ef.pkl,1
D:\08_Dataset\Internal\mar2020\pickle_files\9d2ca2d7fabb18b51dc455b6bf2c55f18675a692.pkl,1
D:\08_Dataset\Internal\mar2020\pickle_files\93adfc69d79cd54d11286b1c0acdd8122c373932.pkl,1
D:\08_Dataset\Internal\mar2020\pickle_files\ad6d99960ba7dc45e625efc5a0fc70566e7981c5.pkl,1
D:\08_Dataset\Internal\mar2020\pickle_files\12ea1efd4bfd4732e5109f6b9b420265b4665f16.pkl,1
D:\08_Dataset\Internal\mar2020\pickle_files\9acd3d22ed32f5531f80543e38ad59e85731eacd.pkl,1
D:\08_Dataset\Internal\mar2020\pickle_files\78b4ce82f88b727b92cb058221f8e377ed8c9be8.pkl,1
D:\08_Dataset\Internal\mar2020\pickle_files\256dadebf1f8bb644296e800d407e6f59dffd694.pkl,1
D:\08_Dataset\Internal\mar2020\pickle_files\e61545f4789ea8dfdb0c37dafa4053d1778f8c71.pkl,1
D:\08_Dataset\Internal\mar2020\pickle_files\956506457a1f49ac3df308ee4de85dca0c75c371.pkl,1
D:\08_Dataset\Internal\mar2020\pickle_files\fa05559ebdc04d4c459178dabd9cdf7c23914d60.pkl,1
D:\08_Dataset\Internal\mar2020\pickle_files\4042f7cddb88570f52860004fd1203c983d79bc6.pkl,1
D:\08_Dataset\Internal\mar2020\pickle_files\e78c64a0d64a4f8b4bb2e1340245389f55985127.pkl,1
D:\08_Dataset\Internal\mar2020\pickle_files\bdf4f92efaf3242a71c0c59f1e8fb4aa736ef94f.pkl,1
D:\08_Dataset\Internal\mar2020\pickle_files\f0b5048721531345b0e581fbbd388ece32d14713.pkl,1
D:\08_Dataset\Internal\mar2020\pickle_files\e722f96fb2528fbebe2068c1f7a605fc2012860e.pkl,1
D:\08_Dataset\Internal\mar2020\pickle_files\1ee9227de382e6847b9e4ee34ed40378cb43c508.pkl,1
D:\08_Dataset\Internal\mar2020\pickle_files\b660396e3946ab5cecd3bce8b47c61fb1f3886bd.pkl,1
D:\08_Dataset\Internal\mar2020\pickle_files\ee574a31ed1358f62095a1bab70ff845541935a8.pkl,1
D:\08_Dataset\Internal\mar2020\pickle_files\bd397fcebede9aa2ee3b1622cbf42ed5eab1016f.pkl,1
D:\08_Dataset\Internal\mar2020\pickle_files\bea55aed1c6c9e88fee84abca9a79d5c15158bb1.pkl,1
D:\08_Dataset\Internal\mar2020\pickle_files\7bb58057fef5edf7d202b73e6c9a36eb847debb3.pkl,1
D:\08_Dataset\Internal\mar2020\pickle_files\d9fd87834e06d9e48a355869254e48f291f206ca.pkl,1
D:\08_Dataset\Internal\mar2020\pickle_files\af78773db6f060621e8eb2671388f7b0b373e4a8.pkl,1
D:\08_Dataset\Internal\mar2020\pickle_files\556e785683358e61e8d9e782f6a4569edd1b5c55.pkl,1
D:\08_Dataset\Internal\mar2020\pickle_files\5d03c7111d1cb03cdf2f195f639c91a564f382c6.pkl,1
D:\08_Dataset\Internal\mar2020\pickle_files\f61e135615bd42dd6b72c26bc8b19e236d0aa3ea.pkl,1
D:\08_Dataset\Internal\mar2020\pickle_files\dc45a43c811c4b1eabc0829704470670abfc8b7f.pkl,1
D:\08_Dataset\Internal\mar2020\pickle_files\ff08f79617be7138e6ba1a5219b38108b053088d.pkl,1
D:\08_Dataset\Internal\mar2020\pickle_files\3bee58f5f16cc01789ffab7b5ed86db79bbdfc25.pkl,1
D:\08_Dataset\Internal\mar2020\pickle_files\0926dfd066f1c6feaeaccfcd7d72ab467449747e.pkl,1
D:\08_Dataset\Internal\mar2020\pickle_files\65972a3f45bf2c4b623ad5db49bb7d14c6688735.pkl,1
D:\08_Dataset\Internal\mar2020\pickle_files\e89607c4f0bcf9ca3c0ddf609ec69f1a718c5b52.pkl,1
D:\08_Dataset\Internal\mar2020\pickle_files\87c64895c6e3403151af384727734d37ae639879.pkl,1
D:\08_Dataset\Internal\mar2020\pickle_files\8182e2028f414d44feeb2294d490391e48d5301b.pkl,1
D:\08_Dataset\Internal\mar2020\pickle_files\5b5af9e145fc92936071bd22e17350e7421b9762.pkl,1
D:\08_Dataset\Internal\mar2020\pickle_files\2db67a5dee79a1bfadf5c5ba46f3c22f4359dcf7.pkl,1
D:\08_Dataset\Internal\mar2020\pickle_files\b3182e12f844aa7ba647692a0daac8a1330084c1.pkl,1
D:\08_Dataset\Internal\mar2020\pickle_files\373fcac5a1b439fe658841a152a6f2eadc697bd6.pkl,1
D:\08_Dataset\Internal\mar2020\pickle_files\9c52a36b0b08aefc04ecc1a1616b016d810e0643.pkl,1
D:\08_Dataset\Internal\mar2020\pickle_files\dc5f6101d3e87ea1d2406e09e1592fef97a78f12.pkl,1
D:\08_Dataset\Internal\mar2020\pickle_files\31dbd10bfc09cf0d0ebf8800221df65772b80094.pkl,1
D:\08_Dataset\Internal\mar2020\pickle_files\d0c122adaf7d603a525b66702effbec6063e5a67.pkl,1
D:\08_Dataset\Internal\mar2020\pickle_files\3aa5f8ec0d9739acfca93fb85e7c3c962befcdf2.pkl,1
D:\08_Dataset\Internal\mar2020\pickle_files\c945ec99950bec3de3484a06dd16314981d7fe9c.pkl,1
D:\08_Dataset\Internal\mar2020\pickle_files\3714bfd17a62f1580a0e5870ad52a2db216f8a6d.pkl,1
D:\08_Dataset\Internal\mar2020\pickle_files\3150e8b6711ca6d2af5a9d672dc5594cfb7b30be.pkl,1
D:\08_Dataset\Internal\mar2020\pickle_files\4797ecf409a584cf24ab553bc7e5777bf206b2b8.pkl,1
D:\08_Dataset\Internal\mar2020\pickle_files\eed7e094bdf36bad4091b493ad004cdedcf0a807.pkl,1
D:\08_Dataset\Internal\mar2020\pickle_files\146bc00b0bff1dd013c2bbaebf887b9a5864010d.pkl,1
D:\08_Dataset\Internal\mar2020\pickle_files\0e7d4722f01e8ee834cc0ac8bed21703c0e7ae31.pkl,1
D:\08_Dataset\Internal\mar2020\pickle_files\55b86eb3c364172d4724371bf899b13023e68ffe.pkl,1
D:\08_Dataset\Internal\mar2020\pickle_files\d907c91a511fe355609975025cfe73282e9b336c.pkl,1
D:\08_Dataset\Internal\mar2020\pickle_files\648764a8a34e4647eb9963872bfda8ff2f3e1d56.pkl,1
D:\08_Dataset\Internal\mar2020\pickle_files\8c139693b03eb4b8cbc4b80d0d2739de967537c7.pkl,1
D:\08_Dataset\Internal\mar2020\pickle_files\6b52cffa2010ac4c5c5de1cc29733a3c56bdf369.pkl,1
D:\08_Dataset\Internal\mar2020\pickle_files\6ef598ced01f96938aa3b9a5697c3180e2fb2450.pkl,1
D:\08_Dataset\Internal\mar2020\pickle_files\0c53b288993ed082cbe73e1dbc34c05f4f0fcd38.pkl,1
D:\08_Dataset\Internal\mar2020\pickle_files\46a607a4eca23c82fbd75da00b139e3ca05e9b94.pkl,1
D:\08_Dataset\Internal\mar2020\pickle_files\3c95727f036b3c185a221ae54f30ee19b27aa09e.pkl,1
D:\08_Dataset\Internal\mar2020\pickle_files\e3a97c34939df073455aa67f5ec2112090868a46.pkl,1
D:\08_Dataset\Internal\mar2020\pickle_files\d8e2db9a6f0c91e82b22fdd739995fd63377e622.pkl,1
D:\08_Dataset\Internal\mar2020\pickle_files\84650d3d125e87da4384a5eacf9c75f9bc6ebb5f.pkl,1
D:\08_Dataset\Internal\mar2020\pickle_files\887d0cf8a408ac838b7392e17b6f5263cb7f0514.pkl,1
D:\08_Dataset\Internal\mar2020\pickle_files\8ddd26907018b1759475264a6ee8eb991a468727.pkl,1
D:\08_Dataset\Internal\mar2020\pickle_files\fc0bc7eada4ac9aadf02854508833637e3d190a5.pkl,1
D:\08_Dataset\Internal\mar2020\pickle_files\fe69c7ddfae734c22cbeffe6b77e1be5c62cfee0.pkl,1
D:\08_Dataset\Internal\mar2020\pickle_files\f76727d822c7e72a53307ac1de2e91990831ea53.pkl,1
D:\08_Dataset\Internal\mar2020\pickle_files\ab9f022ae14f40582cf149c547a4e177f97facaa.pkl,1
D:\08_Dataset\Internal\mar2020\pickle_files\5d09c9a4d12d3dd987f318f246007e227eb2b2b0.pkl,1
D:\08_Dataset\Internal\mar2020\pickle_files\50c4e6c9ee0afd1583302ab65f3970bccbf6f421.pkl,1
D:\08_Dataset\Internal\mar2020\pickle_files\8746dbae2fc2d554a519d9ceeeaa55f4c5464c8d.pkl,1
D:\08_Dataset\Internal\mar2020\pickle_files\3569e9418d9930765d0c5e2a7c052ad200db30d4.pkl,1
D:\08_Dataset\Internal\mar2020\pickle_files\37b151c3a3fc2defb02e8c3a9dc99f162e1b7a51.pkl,1
D:\08_Dataset\Internal\mar2020\pickle_files\3508f4272f3831cfa00e85cd846c2a1ce078038f.pkl,1
D:\08_Dataset\Internal\mar2020\pickle_files\8a8a949785e999c28db2adf3023b388baf745658.pkl,1
D:\08_Dataset\Internal\mar2020\pickle_files\6f5be3c67174b28f8716b66e04466534f70cb6ef.pkl,1
D:\08_Dataset\Internal\mar2020\pickle_files\3d8edc82349e5a04e4d9345b1c4fc9dcb545af3b.pkl,1
D:\08_Dataset\Internal\mar2020\pickle_files\675d7f4bd3a230f8f65adbf42dc13cac90bacad6.pkl,1
D:\08_Dataset\Internal\mar2020\pickle_files\a6d2d9bbd7dfb9c51438245f43c75b14308ef328.pkl,1
D:\08_Dataset\Internal\mar2020\pickle_files\aa16230da1de15cd5e22708448f640f23bf4c71d.pkl,1
D:\08_Dataset\Internal\mar2020\pickle_files\53e6454c1da4f88e7cf8622c9de0aa98899a49ea.pkl,1
D:\08_Dataset\Internal\mar2020\pickle_files\642a80cfc8157fd5c20a125832e1497fd6009791.pkl,1
D:\08_Dataset\Internal\mar2020\pickle_files\4d3243d981dd21e71245b69c36d5d1986ede4172.pkl,1
D:\08_Dataset\Internal\mar2020\pickle_files\29eee79a41622b5d3d71b4fcc83d35276107df07.pkl,1
D:\08_Dataset\Internal\mar2020\pickle_files\403956d8443a6d28b602bdb6acf61c726cee5be0.pkl,1
D:\08_Dataset\Internal\mar2020\pickle_files\79c266837ed235026979dd4fb0b794c8f9ddb3c9.pkl,1
D:\08_Dataset\Internal\mar2020\pickle_files\98d0a2ece8aadbe14e884439b57c164750314c5f.pkl,1
D:\08_Dataset\Internal\mar2020\pickle_files\f91c1340fa1b95581921e56ef53e6c11ad6af73d.pkl,1
D:\08_Dataset\Internal\mar2020\pickle_files\cbd9fd59137cbf484f19b636bffdc1beeed42105.pkl,1
D:\08_Dataset\Internal\mar2020\pickle_files\2f7111a827c0f0a77955d5526f343bf07a513588.pkl,1
D:\08_Dataset\Internal\mar2020\pickle_files\f473f8758754c88de796b49331c6d3fdd5e99b97.pkl,1
D:\08_Dataset\Internal\mar2020\pickle_files\964e2759dcb14a2911ee67dca6802fe40deb5dbd.pkl,1
D:\08_Dataset\Internal\mar2020\pickle_files\cbc95bb85f6f6a7aa07c4d10ddc64970cadaed78.pkl,1
D:\08_Dataset\Internal\mar2020\pickle_files\defabfd728d714dc834448eea8f18ce48b0856c4.pkl,1
D:\08_Dataset\Internal\mar2020\pickle_files\b2e19997e1ed504ab388f5af40c8d9eb31ed49c5.pkl,1
D:\08_Dataset\Internal\mar2020\pickle_files\2f116fb375ef19e38c0108f6b0586f1c487c658c.pkl,1
D:\08_Dataset\Internal\mar2020\pickle_files\a11ef93b28d1812b3bf0a8f2b12dd0d12613a2e3.pkl,1
D:\08_Dataset\Internal\mar2020\pickle_files\ed7bfe6a854dc7a00d075442e9d6e65c78681cf4.pkl,1
D:\08_Dataset\Internal\mar2020\pickle_files\38223ca4e1574a83ba69c7b0387fffedcbcc28e7.pkl,1
D:\08_Dataset\Internal\mar2020\pickle_files\9627f983f34e3b71314f34364924798a37faa119.pkl,1
D:\08_Dataset\Internal\mar2020\pickle_files\95d2db1f818453cc13d43d834691797a5ccafa69.pkl,1
D:\08_Dataset\Internal\mar2020\pickle_files\5324ea0dae797eab036be460883ad73a4adee53b.pkl,1
D:\08_Dataset\Internal\mar2020\pickle_files\2932526497cb9e0fc80fef60270cc0737dffe31f.pkl,1
D:\08_Dataset\Internal\mar2020\pickle_files\249a7890d54ed75d0c732b8e169ab49db4cb0604.pkl,1
D:\08_Dataset\Internal\mar2020\pickle_files\d47dc34f21ec93a19a811194abf855e7447c9f8b.pkl,1
D:\08_Dataset\Internal\mar2020\pickle_files\662da6d26531c68b47bb702c1df7240e79928add.pkl,1
D:\08_Dataset\Internal\mar2020\pickle_files\62405b0992f6abc1ccedfe84b70b93ed81f0d1f0.pkl,1
D:\08_Dataset\Internal\mar2020\pickle_files\603e1b8748f8f7b8bb5e7500f1002fc868472ea3.pkl,1
D:\08_Dataset\Internal\mar2020\pickle_files\9206307f440de20f6ac4c00afa93664330f237fa.pkl,1
D:\08_Dataset\Internal\mar2020\pickle_files\e253738f770fbe735bda01c1f179e3384daf548d.pkl,1
D:\08_Dataset\Internal\mar2020\pickle_files\7dcb3e4a389cb5480abe465b7acb542278d88750.pkl,1
D:\08_Dataset\Internal\mar2020\pickle_files\9e02ff82056a24c508d2ba79d8e9d0bf2ec26545.pkl,1
D:\08_Dataset\Internal\mar2020\pickle_files\0ce83d83866cd4848047e634163bbdab6a1fc264.pkl,1
D:\08_Dataset\Internal\mar2020\pickle_files\6a7211d9a05f6144b29db1c5e849990e80fda510.pkl,1
D:\08_Dataset\Internal\mar2020\pickle_files\34a655698988e999ecf1e3bb1f4513d94b75140f.pkl,1
D:\08_Dataset\Internal\mar2020\pickle_files\e277c007452666f60e10aaa546bb4a3eedf06069.pkl,1
D:\08_Dataset\Internal\mar2020\pickle_files\65657cacff9c53924d15a59e658a362e95bcae68.pkl,1
D:\08_Dataset\Internal\mar2020\pickle_files\61848bb18b637e88d22522b1d3bb903cbd91ba09.pkl,1
D:\08_Dataset\Internal\mar2020\pickle_files\babbe9fb68b11ff4889f8b9bb223fb6c9b4be140.pkl,1
D:\08_Dataset\Internal\mar2020\pickle_files\97c30252834bf154daf986076d7ecb04acd300c7.pkl,1
D:\08_Dataset\Internal\mar2020\pickle_files\c1bc5d86d292065502b031eceaec5cb85c0d6f16.pkl,1
D:\08_Dataset\Internal\mar2020\pickle_files\5248c7b8bbfa2c0a79b1b7eb968707b2f206c76b.pkl,1
D:\08_Dataset\Internal\mar2020\pickle_files\77afc3f3c19c47e1a0f097463ed9c55a0c0d76e1.pkl,1
D:\08_Dataset\Internal\mar2020\pickle_files\7b34ba85ac4e0bbfdc70c61246220bf5d149bde8.pkl,1
D:\08_Dataset\Internal\mar2020\pickle_files\3ef414e817bd6f0a171c28a4cd335d723c09cc4e.pkl,1
D:\08_Dataset\Internal\mar2020\pickle_files\279d446cd648be80ace39950a592f3c0160bd49e.pkl,1
D:\08_Dataset\Internal\mar2020\pickle_files\74be887000b4a04dddc4645d485b0da7c2d70d19.pkl,1
D:\08_Dataset\Internal\mar2020\pickle_files\c157e604537e612c8984c2352768d811513d7931.pkl,1
D:\08_Dataset\Internal\mar2020\pickle_files\6d06131630f96e4a65c3fde0b0c2bc126a0fbf84.pkl,1
D:\08_Dataset\Internal\mar2020\pickle_files\eb2f240963947d1bf54e5529529377e70364601a.pkl,1
D:\08_Dataset\Internal\mar2020\pickle_files\0ac5d636f3e2a87ae02f21467e493df6b732b94b.pkl,1
D:\08_Dataset\Internal\mar2020\pickle_files\6f1348141900e62037ab013b0336e4492b4e4b7c.pkl,1
D:\08_Dataset\Internal\mar2020\pickle_files\02fe2850764d13d2408e62c9bbf90d3d4b0d34d8.pkl,1
D:\08_Dataset\Internal\mar2020\pickle_files\7ed965c91b33b32db944e31b410aaa38126f8d54.pkl,1
D:\08_Dataset\Internal\mar2020\pickle_files\4e4774ba4e9f990abe0bace03e35f315a773d1e5.pkl,1
D:\08_Dataset\Internal\mar2020\pickle_files\19c84fc638754e0123efc47df31696ca2acfda7f.pkl,1
D:\08_Dataset\Internal\mar2020\pickle_files\1e12236e0b5b38b7bfd9ac64f024257353adc672.pkl,1
D:\08_Dataset\Internal\mar2020\pickle_files\abe652de2831343c58bdb2c55b624f1ab2660c98.pkl,1
D:\08_Dataset\Internal\mar2020\pickle_files\85c148eca0c77bd273efd93d6ac81b0e69529e11.pkl,1
D:\08_Dataset\Internal\mar2020\pickle_files\a2138ba71727022c7dcd50468677894cd56e8c41.pkl,1
D:\08_Dataset\Internal\mar2020\pickle_files\5a44e1479f6dab19fa865659c2a48ae4c2388f15.pkl,1
D:\08_Dataset\Internal\mar2020\pickle_files\65c28bd04c44049a2b5fb7db1b6599b376f0b4d0.pkl,1
D:\08_Dataset\Internal\mar2020\pickle_files\7b2d6461ed197a9047974370486fc102000c0a54.pkl,1
D:\08_Dataset\Internal\mar2020\pickle_files\66961e3cfeea0b58f4d762a44bba214b3c2aab89.pkl,1
D:\08_Dataset\Internal\mar2020\pickle_files\5d5e4ba39065be4fafc8bc0d92748b5b642b3824.pkl,1
D:\08_Dataset\Internal\mar2020\pickle_files\df3004ebbea34e764ef6658ff7f6ac3c343419e8.pkl,1
D:\08_Dataset\Internal\mar2020\pickle_files\60e711439585df80408f90391809a461b894df8e.pkl,1
D:\08_Dataset\Internal\mar2020\pickle_files\31c2f7c73dd73c96872ae69488353e848fdd2650.pkl,1
D:\08_Dataset\Internal\mar2020\pickle_files\5fa42fb7abbbabddadffcbb26fef685b13fcc5d0.pkl,1
D:\08_Dataset\Internal\mar2020\pickle_files\6d6b5bd87662a452bcc107168bfcca9eda1fa006.pkl,1
D:\08_Dataset\Internal\mar2020\pickle_files\661126f5152160376ae84f605062b78e87eddf24.pkl,1
D:\08_Dataset\Internal\mar2020\pickle_files\2fcdd46c55ab5f20b9bc7f4635e9181b5cc6aae7.pkl,1
D:\08_Dataset\Internal\mar2020\pickle_files\b17fe3b5505dd815b482dcf42dfc33da10bd802f.pkl,1
D:\08_Dataset\Internal\mar2020\pickle_files\7bce5f4a1e0ff6a36e5f3f419f73218cec819927.pkl,1
D:\08_Dataset\Internal\mar2020\pickle_files\f273c62f8bc44f2950c53c9795f8e344aab3a52c.pkl,1
D:\08_Dataset\Internal\mar2020\pickle_files\16269c769ec2f31c14c3961c05b999b7c2d976e9.pkl,1
D:\08_Dataset\Internal\mar2020\pickle_files\d96704d4de184f841fe40cb870e0ebd6ba620394.pkl,1
D:\08_Dataset\Internal\mar2020\pickle_files\2a8b5b5b4cce427442ce3038cefeb60567ed7f92.pkl,1
D:\08_Dataset\Internal\mar2020\pickle_files\43007fe17b5c6f237fb73021a226bf72fbc3a2d4.pkl,1
D:\08_Dataset\Internal\mar2020\pickle_files\d3c693eacfe2ab24446b32dcb35d5d3efae2392d.pkl,1
D:\08_Dataset\Internal\mar2020\pickle_files\42bd577df66142e583fc9bdd1930fc486a1618de.pkl,1
D:\08_Dataset\Internal\mar2020\pickle_files\f32ba7431407c1909c0bbcc6a24768cdba7424a6.pkl,1
D:\08_Dataset\Internal\mar2020\pickle_files\e019d4c3b98849d276e527b101237e8ec8d6255e.pkl,1
D:\08_Dataset\Internal\mar2020\pickle_files\609d6b5f89092045689577538e0d7bb6aba42e78.pkl,1
D:\08_Dataset\Internal\mar2020\pickle_files\d533488c696edfb4e09bb68079b5de131f7867cd.pkl,1
D:\08_Dataset\Internal\mar2020\pickle_files\c8f014b86ba1a84f863b43886a9d9df7990daca5.pkl,1
D:\08_Dataset\Internal\mar2020\pickle_files\1ba0fbe0e963f27bc3e43d0750e0bf275733c9a5.pkl,1
D:\08_Dataset\Internal\mar2020\pickle_files\19b426ba63f6e7f739110d64d47a7dfbd2539fb4.pkl,1
D:\08_Dataset\Internal\mar2020\pickle_files\e77641a816c504262dbb424e3dbd860469ebf976.pkl,1
D:\08_Dataset\Internal\mar2020\pickle_files\688a38205aa6a12dd7792f8af82e87b4e2661c0d.pkl,1
D:\08_Dataset\Internal\mar2020\pickle_files\4f9273882699683b7cedc70c98df7164fbf1ac79.pkl,1
D:\08_Dataset\Internal\mar2020\pickle_files\a8eff91c073eb229c85b8f357ee1ae03bcc12574.pkl,1
D:\08_Dataset\Internal\mar2020\pickle_files\39edf9da742f71cdeb317ddcfc7e9ba34b3af6ee.pkl,1
D:\08_Dataset\Internal\mar2020\pickle_files\453c466abde610093ff138ae9a7fec95aa2757cd.pkl,1
D:\08_Dataset\Internal\mar2020\pickle_files\6e42ab2ea234c1570f25ad2dbadebc371b06d2aa.pkl,1
D:\08_Dataset\Internal\mar2020\pickle_files\9286acf2228d19edbb64654334e2a6d6dcbd3445.pkl,1
D:\08_Dataset\Internal\mar2020\pickle_files\35900ee6dc677fcf43edc23cadceac94f1be477b.pkl,1
D:\08_Dataset\Internal\mar2020\pickle_files\e434032f0ad1ed46a568807dbf7c1b4a24a2e66b.pkl,1
D:\08_Dataset\Internal\mar2020\pickle_files\aa1cc2ef94f1b8452092524dfe6461ab5267379e.pkl,1
D:\08_Dataset\Internal\mar2020\pickle_files\2651d1683e4bfde57fe22b2b474d78fb91135b1b.pkl,1
D:\08_Dataset\Internal\mar2020\pickle_files\e3af94ec4423baccc88006136d0cfaf1df0c3381.pkl,1
D:\08_Dataset\Internal\mar2020\pickle_files\a044bf28f30cda3377bdc6e123e81d675fd578c9.pkl,1
D:\08_Dataset\Internal\mar2020\pickle_files\4a6d0c4264cf250b3d51a79fbe44d4f8b7c56ca5.pkl,1
D:\08_Dataset\Internal\mar2020\pickle_files\421c63a3e475265f15c48c651a5d33c237e47876.pkl,1
D:\08_Dataset\Internal\mar2020\pickle_files\0f5ace9675fe568023e7c978b0b9c73dc197c854.pkl,1
D:\08_Dataset\Internal\mar2020\pickle_files\278298b2b14689b3e0a2a8fdada40d826e99bb47.pkl,1
D:\08_Dataset\Internal\mar2020\pickle_files\b64f3c543071351a99e51b7221e071ce51aab625.pkl,1
D:\08_Dataset\Internal\mar2020\pickle_files\de94e4327c93a941024520e00e0e0fdbdd4c1aa7.pkl,1
D:\08_Dataset\Internal\mar2020\pickle_files\10bca9e6f4b62a6c7354e27cb550aa441b3a033c.pkl,1
D:\08_Dataset\Internal\mar2020\pickle_files\66126f74b30e14115cbeb22d1fdaed14014ee971.pkl,1
D:\08_Dataset\Internal\mar2020\pickle_files\4041e67b5504bf2ca076ab6a239be19e0e4b6479.pkl,1
D:\08_Dataset\Internal\mar2020\pickle_files\99c8b87bc4e96057fdfccb079d453760cc4e667a.pkl,1
D:\08_Dataset\Internal\mar2020\pickle_files\c71f77e41a4b26da8ad905ea485368d3d2eb2570.pkl,1
D:\08_Dataset\Internal\mar2020\pickle_files\a69d6ccd973cc34ef66dc210ad2dde46b5f07030.pkl,1
D:\08_Dataset\Internal\mar2020\pickle_files\7fc8975f572783b3ee9c6eb18c1c2fd01ae27b74.pkl,1
D:\08_Dataset\Internal\mar2020\pickle_files\62db49a2ad140daabec014576acda82a783e7ee6.pkl,1
D:\08_Dataset\Internal\mar2020\pickle_files\6df85dc5358a712314f4780984446d13acfda574.pkl,1
D:\08_Dataset\Internal\mar2020\pickle_files\b1372a333fc67a1369970dbd3cd35328d50358fe.pkl,1
D:\08_Dataset\Internal\mar2020\pickle_files\7e02907d951fd62e6787b4ca5db0dde89d3e039a.pkl,1
D:\08_Dataset\Internal\mar2020\pickle_files\4a9982925a16c55be5b146d338323e911d847ec6.pkl,1
D:\08_Dataset\Internal\mar2020\pickle_files\47ca142d83b8c360c305b255503e14f7712997c2.pkl,1
D:\08_Dataset\Internal\mar2020\pickle_files\5df89076593b4b2b88debe5e8333b261bc27aa34.pkl,1
D:\08_Dataset\Internal\mar2020\pickle_files\ef808418331455e16bb7042fa47176df8b6d99e9.pkl,1
D:\08_Dataset\Internal\mar2020\pickle_files\5cd181df0d4c26544e648a5f7b33a734252232cb.pkl,1
D:\08_Dataset\Internal\mar2020\pickle_files\3049698b95fe33a6e9397fb3a95a4eabb0888405.pkl,1
D:\08_Dataset\Internal\mar2020\pickle_files\a73890dea205e1e98552254f3e4cf933b17070f5.pkl,1
D:\08_Dataset\Internal\mar2020\pickle_files\d8d1441c04597d4eaed08a596c14ed77eb056ee5.pkl,1
D:\08_Dataset\Internal\mar2020\pickle_files\0c7529af7897fb8e776c701e43d455884907ffaa.pkl,1
D:\08_Dataset\Internal\mar2020\pickle_files\b6b8a939faaee241c29aa39bd322884b400c7af8.pkl,1
D:\08_Dataset\Internal\mar2020\pickle_files\179b7ab54aeb0dae79b55509e2443c8fe11b2187.pkl,1
D:\08_Dataset\Internal\mar2020\pickle_files\5151a1562741fa364ccaf47562bbfc9d74074e24.pkl,1
D:\08_Dataset\Internal\mar2020\pickle_files\5f0be9c825c6353bb902f76d25607552d7f01381.pkl,1
D:\08_Dataset\Internal\mar2020\pickle_files\c1a1917e556cf3cd0d5209a2ae4e18564ba35692.pkl,1
D:\08_Dataset\Internal\mar2020\pickle_files\0445ee30ff6ffe5156c5752ff0ed9eacfd7ea7d3.pkl,1
D:\08_Dataset\Internal\mar2020\pickle_files\fe107b3025999f96a3ec095e926239c386fd8d4e.pkl,1
D:\08_Dataset\Internal\mar2020\pickle_files\5f3455dc33f084db6db30fa243ba8c8887793f1e.pkl,1
D:\08_Dataset\Internal\mar2020\pickle_files\b736091fa7f7859f3907b7e11794a71179257022.pkl,1
D:\08_Dataset\Internal\mar2020\pickle_files\bcfd1e638547529feb6a475c4d0a0657efeb66c8.pkl,1
D:\08_Dataset\Internal\mar2020\pickle_files\6b21a1345e97215daa0143f914af360239790645.pkl,1
D:\08_Dataset\Internal\mar2020\pickle_files\2a5c951bb7fb07766b9b2bac9036e0ad933494a6.pkl,1
D:\08_Dataset\Internal\mar2020\pickle_files\5f7b09bd22ca15c11115c08dc93e37cf0e7be431.pkl,1
D:\08_Dataset\Internal\mar2020\pickle_files\9502ca639a7c581d5cfea9ed8c0a22048b20c8c7.pkl,1
D:\08_Dataset\Internal\mar2020\pickle_files\1f07d9862bf1fb595335d3fcffdd03e39ad37a22.pkl,1
D:\08_Dataset\Internal\mar2020\pickle_files\6c0f0bbfe447c7d48a979da288e03b95ea8dfc1a.pkl,1
D:\08_Dataset\Internal\mar2020\pickle_files\6b24ac60fc75adae5e458668804e134b9d7dceab.pkl,1
D:\08_Dataset\Internal\mar2020\pickle_files\2d24b4eb550c32ad93986d79fd37d558a248db34.pkl,1
D:\08_Dataset\Internal\mar2020\pickle_files\1089d84e162dd9272f71532f799f6dcdecb63e03.pkl,1
D:\08_Dataset\Internal\mar2020\pickle_files\0dc58b6cb92fdd50a5526f6ab85c0dd264f63069.pkl,1
D:\08_Dataset\Internal\mar2020\pickle_files\6d8a0e239f13814b8899bc57edf3e1b5b8b1901d.pkl,1
D:\08_Dataset\Internal\mar2020\pickle_files\8bf1b2343f98c7aecffa6ac11801dcd36c3c3439.pkl,1
D:\08_Dataset\Internal\mar2020\pickle_files\c70efb991f18aeec2343034e7350fcb71e012d6d.pkl,1
D:\08_Dataset\Internal\mar2020\pickle_files\ad7faf5c3b2d0fde9044219166728d4c8833f1b1.pkl,1
D:\08_Dataset\Internal\mar2020\pickle_files\7cc2a9fe9684c4c35492fed292b273a13aa9b657.pkl,1
D:\08_Dataset\Internal\mar2020\pickle_files\8ffb3ff1eb8883e2aa9804f7e32ea482cbd55a17.pkl,1
D:\08_Dataset\Internal\mar2020\pickle_files\b2e317aa2b6ebdce266104baa65441868591233a.pkl,1
D:\08_Dataset\Internal\mar2020\pickle_files\672f6d3a7a55e0a441e72e6bbdabc105b81da91e.pkl,1
D:\08_Dataset\Internal\mar2020\pickle_files\9bf2690d1d5bd804418701f9837523b33c12d9ee.pkl,1
D:\08_Dataset\Internal\mar2020\pickle_files\1fef68ee8a698bb620d653f85fa2213fb62600cb.pkl,1
D:\08_Dataset\Internal\mar2020\pickle_files\cc964fcca617c39ea4d1e9614453da9b0ae9f943.pkl,1
D:\08_Dataset\Internal\mar2020\pickle_files\2810bc7d5c57c881bedd45118827faa1e5c176ea.pkl,1
D:\08_Dataset\Internal\mar2020\pickle_files\13d8bc7b7eec623790ec1e045c0ac83785a9f778.pkl,1
D:\08_Dataset\Internal\mar2020\pickle_files\33ecebfbd8c3d086399ac42164b4696668e07155.pkl,1
D:\08_Dataset\Internal\mar2020\pickle_files\70f9a7f10499874c4a94e8b33c22afcda162bf03.pkl,1
D:\08_Dataset\Internal\mar2020\pickle_files\cebb6fae39ce710c44530c13919bafa59f98adb1.pkl,1
D:\08_Dataset\Internal\mar2020\pickle_files\f6a2d9dbb3f17c93adfeb601f7078ace3ccbf158.pkl,1
D:\08_Dataset\Internal\mar2020\pickle_files\d3dab8305da31baf1207b5cc8d0d73638dfbd6d0.pkl,1
D:\08_Dataset\Internal\mar2020\pickle_files\907f940a182f79a8aae8b71317e619e174ae4147.pkl,1
D:\08_Dataset\Internal\mar2020\pickle_files\a9fd52fdc92721d16e997499921fb80872e0ac95.pkl,1
D:\08_Dataset\Internal\mar2020\pickle_files\d33b0b8b200ba2d5eba00627380fab146feab215.pkl,1
D:\08_Dataset\Internal\mar2020\pickle_files\7376512e66ded3b6fbf3962426e165245acbec78.pkl,1
D:\08_Dataset\Internal\mar2020\pickle_files\06cf5dcdda5e2327003455e0eadb4a3b63c88980.pkl,1
D:\08_Dataset\Internal\mar2020\pickle_files\977e6b8eb4c764bbb823ef6190f635ef2bdc451e.pkl,1
D:\08_Dataset\Internal\mar2020\pickle_files\5aac17649fad6d880e47c5d370dfc961a2081e04.pkl,1
D:\08_Dataset\Internal\mar2020\pickle_files\209383b93d2165e6db791e4dc3ae1647a0f00829.pkl,1
D:\08_Dataset\Internal\mar2020\pickle_files\0db5695319a79dfb86605b0f2dda272e9b66cf4f.pkl,1
D:\08_Dataset\Internal\mar2020\pickle_files\62f6639f7e3ff13d56444f82bdd3f3aa9d127562.pkl,1
D:\08_Dataset\Internal\mar2020\pickle_files\8d356317445ec6271796d386909aed70dfa97f4f.pkl,1
D:\08_Dataset\Internal\mar2020\pickle_files\c909da7d32e900cfc7a642fcb50729ee07ae0239.pkl,1
D:\08_Dataset\Internal\mar2020\pickle_files\15d76e1a40b39809ee4c33cf8557c79ee0e094d7.pkl,1
D:\08_Dataset\Internal\mar2020\pickle_files\e568156eb23b8ab1de9bdd3097aad88369d221d1.pkl,1
D:\08_Dataset\Internal\mar2020\pickle_files\0620c25858f708fde36ff86e23d72e231007d1e4.pkl,1
D:\08_Dataset\Internal\mar2020\pickle_files\395fe8b3591b4360c743f6f5479352a32cf82bd8.pkl,1
D:\08_Dataset\Internal\mar2020\pickle_files\b22bb11341bdfbbe4d18c333f1d5b62ec97b5607.pkl,1
D:\08_Dataset\Internal\mar2020\pickle_files\d6e343aab8369e0ca323e71e730bab160dc92c8e.pkl,1
D:\08_Dataset\Internal\mar2020\pickle_files\ef0e07618fe3f55e3268b0eaa54323733131fede.pkl,1
D:\08_Dataset\Internal\mar2020\pickle_files\c15476c141ee4edd8adc6f76ccd482d6d2d57a2e.pkl,1
D:\08_Dataset\Internal\mar2020\pickle_files\05481a83f5ad3f8cc5d3c8deec2f2e5177b5497b.pkl,1
D:\08_Dataset\Internal\mar2020\pickle_files\ac2a73436eac50e44ebe0a2f4a8114fe2f8162af.pkl,1
D:\08_Dataset\Internal\mar2020\pickle_files\23546fb3ecfc2dc74a71a34b593e65e8289680ad.pkl,1
D:\08_Dataset\Internal\mar2020\pickle_files\e8826a1d12bb43fac4a47832539e6cea93b1db8f.pkl,1
D:\08_Dataset\Internal\mar2020\pickle_files\7cea86c4ee1fde006dfb6f2c013b3ac156933abe.pkl,1
D:\08_Dataset\Internal\mar2020\pickle_files\e7632b57003bd597b635b8501ddbadfd79c5759e.pkl,1
D:\08_Dataset\Internal\mar2020\pickle_files\954f4edca32afefe6d316d13d2e831d3473710f0.pkl,1
D:\08_Dataset\Internal\mar2020\pickle_files\0b4099186af339f6af162e4b3c4e921f5c9a7feb.pkl,1
D:\08_Dataset\Internal\mar2020\pickle_files\2ebeb6cf97553e4c50bdfa7b7b02702ddf0f6413.pkl,1
D:\08_Dataset\Internal\mar2020\pickle_files\44bb3b13048d5d3c94bf771637ff0d7e05dd3d0e.pkl,1
D:\08_Dataset\Internal\mar2020\pickle_files\3e1b240b769e3a3e07d779bc165e831b584ea4e8.pkl,1
D:\08_Dataset\Internal\mar2020\pickle_files\132b8679bb2d65a54d1a2f3c5249d7d24828bbd9.pkl,1
D:\08_Dataset\Internal\mar2020\pickle_files\a903070d8a70de13ac89644cf749299cd6e5a7d2.pkl,1
D:\08_Dataset\Internal\mar2020\pickle_files\feffe78e3a79f9ba88f8f251dafe0a46e2e53941.pkl,1
D:\08_Dataset\Internal\mar2020\pickle_files\017a9341b7bc166a550526a5c030a634b2adc0e8.pkl,1
D:\08_Dataset\Internal\mar2020\pickle_files\e8fed714d9cbba2307ea03241d794f7c872865c2.pkl,1
D:\08_Dataset\Internal\mar2020\pickle_files\0c8b5d490d5936b25f4768e8e2d5333f2182d9cf.pkl,1
D:\08_Dataset\Internal\mar2020\pickle_files\13f739df69f99670eec858a07555d18609929d37.pkl,1
D:\08_Dataset\Internal\mar2020\pickle_files\fb72d2986a21e42d239164be0dd8a93cf11d78f8.pkl,1
D:\08_Dataset\Internal\mar2020\pickle_files\e1cc5c64a16580187cc468eff99e5d4ba7a8ceda.pkl,1
D:\08_Dataset\Internal\mar2020\pickle_files\d10485ce86b2a4fa7ed0df608a02af55dd3296fc.pkl,1
D:\08_Dataset\Internal\mar2020\pickle_files\b9dc88439f3cef43b90bb2cb1227350ed8e02a29.pkl,1
D:\08_Dataset\Internal\mar2020\pickle_files\851331d085b998257636a5ba5229bd16437471fa.pkl,1
D:\08_Dataset\Internal\mar2020\pickle_files\1b32397641d1598cbd6e5dd4291a9ecfda6fa464.pkl,1
D:\08_Dataset\Internal\mar2020\pickle_files\f04aa2ba258b537dc276098cd28f2f45ccc77045.pkl,1
D:\08_Dataset\Internal\mar2020\pickle_files\08eaab8c61c205b6d74d5a7db390ccea3d54dd64.pkl,1
D:\08_Dataset\Internal\mar2020\pickle_files\f58b832173edcd45f3f4aa75a7a03abf41924741.pkl,1
D:\08_Dataset\Internal\mar2020\pickle_files\acd2e783c2e0b951f2f255feba111033862e616d.pkl,1
D:\08_Dataset\Internal\mar2020\pickle_files\637e2c54576b0108e0ff044e589dd559def6d0a4.pkl,1
D:\08_Dataset\Internal\mar2020\pickle_files\aab42a60326967e0414a15601e5628545b88a840.pkl,1
D:\08_Dataset\Internal\mar2020\pickle_files\c15df509dbb662250607418143e97e4704e284c0.pkl,1
D:\08_Dataset\Internal\mar2020\pickle_files\4a7af184f3e362469d2832be83c35d5e84497891.pkl,1
D:\08_Dataset\Internal\mar2020\pickle_files\23a1561bb5ca1640d0e4fa998c88a0619af2d349.pkl,1
D:\08_Dataset\Internal\mar2020\pickle_files\b1e4baa68f6c79f7feadeed3503b0482869ff5dd.pkl,1
D:\08_Dataset\Internal\mar2020\pickle_files\81450c4c703550c20ca463ff962c05370e17db5a.pkl,1
D:\08_Dataset\Internal\mar2020\pickle_files\14df4572dd8d9d17c1603077897d71de164ba062.pkl,1
D:\08_Dataset\Internal\mar2020\pickle_files\28e8cc332e7302cbbf7cd315447465d908e76a50.pkl,1
D:\08_Dataset\Internal\mar2020\pickle_files\5d2b3056b7906ad449ed4badbbfc88142d6cfb73.pkl,1
D:\08_Dataset\Internal\mar2020\pickle_files\678c3d9f45670d9c471ca5bd5ea456c85ebc7393.pkl,1
D:\08_Dataset\Internal\mar2020\pickle_files\35e34675be0ed5ec5c53dae5ab0dfef857e3c7c9.pkl,1
D:\08_Dataset\Internal\mar2020\pickle_files\4bacc79e8b60d92b0caf00d426cc2db268b33dbb.pkl,1
D:\08_Dataset\Internal\mar2020\pickle_files\daeb872c6ee44f81c444da80d850fb882f05d6b1.pkl,1
D:\08_Dataset\Internal\mar2020\pickle_files\d56e30164a53f7f3f6315476d931a74043c4d909.pkl,1
D:\08_Dataset\Internal\mar2020\pickle_files\1d7937490a0ad30a8eaa5073ac5adb855db64a9d.pkl,1
D:\08_Dataset\Internal\mar2020\pickle_files\c3e01ebe56e797b45ff1d93bd95ceb38324a22e5.pkl,1
D:\08_Dataset\Internal\mar2020\pickle_files\047bb21a5b33055220abadf84483402f0aa16a33.pkl,1
D:\08_Dataset\Internal\mar2020\pickle_files\9ca599983da13f3d01c6f7474f586365b0654e50.pkl,1
D:\08_Dataset\Internal\mar2020\pickle_files\688cd0d39baf589db48862855c0acb9aa828ae42.pkl,1
D:\08_Dataset\Internal\mar2020\pickle_files\5a9a6582e42180ffbb8748b0b522aaa9e6820c8b.pkl,1
D:\08_Dataset\Internal\mar2020\pickle_files\b8127c0efdc9b1f3e48776d5768353754ec01c3a.pkl,1
D:\08_Dataset\Internal\mar2020\pickle_files\7523011bd8490f0224d7f7ea402694ffe559bc09.pkl,1
D:\08_Dataset\Internal\mar2020\pickle_files\d10a2877d288849685202665f10663bbbce8b5a6.pkl,1
D:\08_Dataset\Internal\mar2020\pickle_files\069d31f0cdad95ce248ed56821a3e83c26953220.pkl,1
D:\08_Dataset\Internal\mar2020\pickle_files\4c906478adcb60b1d5c60b4c1a4d3493173a8010.pkl,1
D:\08_Dataset\Internal\mar2020\pickle_files\94bbc23c7aca99ebe3273cff94d748a52efe2b75.pkl,1
D:\08_Dataset\Internal\mar2020\pickle_files\39939df728e47d14b9e41398bfc60d3795472b74.pkl,1
D:\08_Dataset\Internal\mar2020\pickle_files\df8fac7f082ac2c3197b86a57f98eaa6cfdafdc0.pkl,1
D:\08_Dataset\Internal\mar2020\pickle_files\b49fa2d2a65cc0436d2acee2dd175935c307298e.pkl,1
D:\08_Dataset\Internal\mar2020\pickle_files\e34f7f67bb53756e5f8385bb3b9454aea4f933cb.pkl,1
D:\08_Dataset\Internal\mar2020\pickle_files\ce33770ee4bb860264dc50afe6bc08bdfd847b45.pkl,1
D:\08_Dataset\Internal\mar2020\pickle_files\ffd767312eb98685aec289b97e3768559767ee86.pkl,1
D:\08_Dataset\Internal\mar2020\pickle_files\a4889233b81bc1e317550b592366d55b189fdce2.pkl,1
D:\08_Dataset\Internal\mar2020\pickle_files\61cfb82f982a8db6e0f2272f2cc0fef752f3e0f4.pkl,1
D:\08_Dataset\Internal\mar2020\pickle_files\1618237a97a8b185652e9970e7d5d4af0be26897.pkl,1
D:\08_Dataset\Internal\mar2020\pickle_files\8d0262f63d29843fe6946d2c1db80c1008e0cb01.pkl,1
D:\08_Dataset\Internal\mar2020\pickle_files\f01811f6385e648db71de6d972372da3fbd73592.pkl,1
D:\08_Dataset\Internal\mar2020\pickle_files\a8a7b0445d2fae601e71fa4902198d7e343e5b2c.pkl,1
D:\08_Dataset\Internal\mar2020\pickle_files\9e0987fc0a06e324f104c6155405e555f56f5087.pkl,1
D:\08_Dataset\Internal\mar2020\pickle_files\ebcbf5df45589693e3fea90bbf7d02ab9db79a69.pkl,1
D:\08_Dataset\Internal\mar2020\pickle_files\13b3c25ebe3b99b3dc943a837118bf0e068a693d.pkl,1
D:\08_Dataset\Internal\mar2020\pickle_files\64bb8c6f5ab50952731691394b0fc0e30229980b.pkl,1
D:\08_Dataset\Internal\mar2020\pickle_files\d856c66c4d28ecc07a3e94b349cfb2c435d7260b.pkl,1
D:\08_Dataset\Internal\mar2020\pickle_files\0b77c061883a0015db180db2103c673c9d5ea05f.pkl,1
D:\08_Dataset\Internal\mar2020\pickle_files\04bb3ece45039bba1fc63937edc30f91d4f6e596.pkl,1
D:\08_Dataset\Internal\mar2020\pickle_files\dcee0912ded8e0764efd61498d94c932aeb0644e.pkl,1
D:\08_Dataset\Internal\mar2020\pickle_files\b9e3b092e14e7a3b549414e42dfc06970c54b8d8.pkl,1
D:\08_Dataset\Internal\mar2020\pickle_files\cbcb2161b48e962935a799b7f5a8176b286254a2.pkl,1
D:\08_Dataset\Internal\mar2020\pickle_files\a0b54d48c18aec0ef537aef65e32b75ea6855697.pkl,1
D:\08_Dataset\Internal\mar2020\pickle_files\ae2a978a7cd82e793e0ff677730f363377a3409f.pkl,1
D:\08_Dataset\Internal\mar2020\pickle_files\e11689f78c078d82d69b128c2d9e1f5ca629f0c3.pkl,1
D:\08_Dataset\Internal\mar2020\pickle_files\5d52d2bd5c34322d84561bdc751a88921e464b95.pkl,1
D:\08_Dataset\Internal\mar2020\pickle_files\168a4eb681dd56d002e15077f31738e3a0bc0bef.pkl,1
D:\08_Dataset\Internal\mar2020\pickle_files\c08345731985969add09b7ea6bb6e06fc6fe0a43.pkl,1
D:\08_Dataset\Internal\mar2020\pickle_files\709a0e114bb4e196852aa091fce65b0b795b0a24.pkl,1
D:\08_Dataset\Internal\mar2020\pickle_files\ab611356abde3bab012a0ce43edc9950089e499a.pkl,1
D:\08_Dataset\Internal\mar2020\pickle_files\8911d8526e0a92aac966930b3a79d6643382818f.pkl,1
D:\08_Dataset\Internal\mar2020\pickle_files\60b341813ea90f5d08a5bced7995790cbd952401.pkl,1
D:\08_Dataset\Internal\mar2020\pickle_files\432e1977e0a2b6e8f6c81e66db84d8c7254fa998.pkl,1
D:\08_Dataset\Internal\mar2020\pickle_files\3fac815f31049d1c6a8159e46e938fc9033ebfab.pkl,1
D:\08_Dataset\Internal\mar2020\pickle_files\a19e96cf36504e788b7bb871cc95be0c5f8789c8.pkl,1
D:\08_Dataset\Internal\mar2020\pickle_files\a77dcb6c7a24d93bf961830d5dc1a139a958263c.pkl,1
D:\08_Dataset\Internal\mar2020\pickle_files\0859997e269bf548bbc08c395db84cef3fed5088.pkl,1
D:\08_Dataset\Internal\mar2020\pickle_files\58594d5d83cf048de6bea0525782f9ec8951474e.pkl,1
D:\08_Dataset\Internal\mar2020\pickle_files\c532e9aad956b9518f4d9ea5f2c354bd1ad002d0.pkl,1
D:\08_Dataset\Internal\mar2020\pickle_files\8dbbee36a2860415e1c53c3f4f32a860ae75ecef.pkl,1
D:\08_Dataset\Internal\mar2020\pickle_files\4ee4c4fee6af696c418529f13ac1194e561a94ea.pkl,1
D:\08_Dataset\Internal\mar2020\pickle_files\877abaf0ffe8f67a2ae5caec014e77c3776676fa.pkl,1
D:\08_Dataset\Internal\mar2020\pickle_files\5d336d4f635af94cb70e9b4bb237eff5d53a577e.pkl,1
D:\08_Dataset\Internal\mar2020\pickle_files\aa3a5bc777c970b8f3fd2d5fb7e71f5d6a00548b.pkl,1
D:\08_Dataset\Internal\mar2020\pickle_files\46b234960edf3c0d01ffc1b050a232a94a57a489.pkl,1
D:\08_Dataset\Internal\mar2020\pickle_files\0ee341b8eecc349ef8dd99c028baa8846b207cc2.pkl,1
D:\08_Dataset\Internal\mar2020\pickle_files\b2fdf0ea44645562762d639efe8a4a8b8ab713ed.pkl,1
D:\08_Dataset\Internal\mar2020\pickle_files\a2946eb68d700b665863cce1d53aa4af4c4e9f00.pkl,1
D:\08_Dataset\Internal\mar2020\pickle_files\e942c1f7fe1c028ea3f2e0c641bad9c21490ed61.pkl,1
D:\08_Dataset\Internal\mar2020\pickle_files\8dbfae96996d9b4785a9568fbf86f90348eb075d.pkl,1
D:\08_Dataset\Internal\mar2020\pickle_files\ab43b20c159bca2c565371582a350099f8ff5828.pkl,1
D:\08_Dataset\Internal\mar2020\pickle_files\7a07a4d0edc59b23fc8140a82f451197bec507d5.pkl,1
D:\08_Dataset\Internal\mar2020\pickle_files\017b4c5581c1e3ca4ac1fa577ba5a28bf8e6c588.pkl,1
D:\08_Dataset\Internal\mar2020\pickle_files\877b66ff05a60cc6219143f05512521951e50a18.pkl,1
D:\08_Dataset\Internal\mar2020\pickle_files\fb2304aa7e9d24086e03f7b00294245978b32e33.pkl,1
D:\08_Dataset\Internal\mar2020\pickle_files\a271e484eac8a56f15bbbbab913a5ab04b7009ff.pkl,1
D:\08_Dataset\Internal\mar2020\pickle_files\05e3ea082d1cfc9e55796c2dc3febcfae482b87c.pkl,1
D:\08_Dataset\Internal\mar2020\pickle_files\9246a8ae9f84500e817861c43841d12d03264e0d.pkl,1
D:\08_Dataset\Internal\mar2020\pickle_files\1d10afe24d89667f19be2ed2b55e26ba43c009ae.pkl,1
D:\08_Dataset\Internal\mar2020\pickle_files\4a81760f0bed2a18e1a75259ebe8b612f23a7703.pkl,1
D:\08_Dataset\Internal\mar2020\pickle_files\3f419270b153f748efb4414a76a2e2f33452a2cb.pkl,1
D:\08_Dataset\Internal\mar2020\pickle_files\b3a8fbeed9ee8d88fd6e8494e3339796651a468b.pkl,1
D:\08_Dataset\Internal\mar2020\pickle_files\2cf377f5639cae61947198ad387040d17cfcc3df.pkl,1
D:\08_Dataset\Internal\mar2020\pickle_files\32b0eb8595f0ffd6c1e36b1031413e3cef102e0b.pkl,1
D:\08_Dataset\Internal\mar2020\pickle_files\d9228d54eab8b8a5f7afe2991ec85f0cb58371f3.pkl,1
D:\08_Dataset\Internal\mar2020\pickle_files\702fadc95c4f5ea381742ca341987d5c97bf9962.pkl,1
D:\08_Dataset\Internal\mar2020\pickle_files\b35cbe04f33f0d7f73314bc9b88d4f57962d408a.pkl,1
D:\08_Dataset\Internal\mar2020\pickle_files\3d2302f67f12208b5e81bdb2918b76aa3680834a.pkl,1
D:\08_Dataset\Internal\mar2020\pickle_files\bc32f0f30f1faff8477d3e58d9265d1228a2329c.pkl,1
D:\08_Dataset\Internal\mar2020\pickle_files\c0b75ad60b6809f98b6b03f6d5954232d82a5047.pkl,1
D:\08_Dataset\Internal\mar2020\pickle_files\cfb1c75d742dfe82a648b1cbb77b0a6ffbbcfe96.pkl,1
D:\08_Dataset\Internal\mar2020\pickle_files\041987247333b100e0b11ee2364e4d36205c9d52.pkl,1
D:\08_Dataset\Internal\mar2020\pickle_files\1cd801f0976a81b5225094511547d12e9debc897.pkl,1
D:\08_Dataset\Internal\mar2020\pickle_files\1d77ddac71cdb53fee0d1deb9e9cc517248f027a.pkl,1
D:\08_Dataset\Internal\mar2020\pickle_files\554e7c9da6b1fe6a720c6abdd7b146877afac7a1.pkl,1
D:\08_Dataset\Internal\mar2020\pickle_files\9df7d71bcb525567ab9bab7c4b557dba37447e1e.pkl,1
D:\08_Dataset\Internal\mar2020\pickle_files\050eb34e35feb95b78bfeba3dea70d8dd27a5064.pkl,1
D:\08_Dataset\Internal\mar2020\pickle_files\140738a1efc072f52168749266b2d31521bac059.pkl,1
D:\08_Dataset\Internal\mar2020\pickle_files\2baa526ef569dd09010d5b701b5e76a2db6dfe54.pkl,1
D:\08_Dataset\Internal\mar2020\pickle_files\2dec96a8e7191fbf3577b0a14bb8f30d23c1ec93.pkl,1
D:\08_Dataset\Internal\mar2020\pickle_files\25ea6c992ac7daa2c437996a1d2f85e16fe23eac.pkl,1
D:\08_Dataset\Internal\mar2020\pickle_files\c3dafe7e481daf8381e87efcf3212ec47942b5a5.pkl,1
D:\08_Dataset\Internal\mar2020\pickle_files\afdb32c3747de27c22acaeb3a13f37c9fdf6ffb7.pkl,1
D:\08_Dataset\Internal\mar2020\pickle_files\5a967e7dcedc7614422573400ba45b42296d5742.pkl,1
D:\08_Dataset\Internal\mar2020\pickle_files\d738435c7d5d98223462e6b4dd97e1081f911e97.pkl,1
D:\08_Dataset\Internal\mar2020\pickle_files\09df0ba3fd7131c36dc56ef7f553efa80cf110c8.pkl,1
D:\08_Dataset\Internal\mar2020\pickle_files\7e6125242eb913e58fdeff4d6f80b620774598cf.pkl,1
D:\08_Dataset\Internal\mar2020\pickle_files\103cafcbd1010c2f4066ae071540e3bd4177950a.pkl,1
D:\08_Dataset\Internal\mar2020\pickle_files\a4d5edeab932d598befd529de71243b26fed6598.pkl,1
D:\08_Dataset\Internal\mar2020\pickle_files\758c09fe4b87b39a287c033c8b6ae1a6edbd7986.pkl,1
D:\08_Dataset\Internal\mar2020\pickle_files\250da9bf2535a861afb7c476a6bb8825751bcffd.pkl,1
D:\08_Dataset\Internal\mar2020\pickle_files\a0582b24a679c9d6a9806c01d5f19a3aaa3918fb.pkl,1
D:\08_Dataset\Internal\mar2020\pickle_files\9161f74d50ff364bd979f6d48f6141612e0b8681.pkl,1
D:\08_Dataset\Internal\mar2020\pickle_files\5102022329a50c4b4c475de38faba5bedde6d70f.pkl,1
D:\08_Dataset\Internal\mar2020\pickle_files\20c592688dab5adddbc9d5c23487fc34905a17da.pkl,1
D:\08_Dataset\Internal\mar2020\pickle_files\0ee5689724a8a98e013f29da6a8dcd2414625984.pkl,1
D:\08_Dataset\Internal\mar2020\pickle_files\a8cb98cd46958b1dd041b3270415ff039b828f76.pkl,1
D:\08_Dataset\Internal\mar2020\pickle_files\0912b3eb5a191d5cff2cd41b4f26f1beb2ca3ca6.pkl,1
D:\08_Dataset\Internal\mar2020\pickle_files\eabec4fe26277b2430aabfb8ff7ddd13d11e416a.pkl,1
D:\08_Dataset\Internal\mar2020\pickle_files\dd2a647d3a0615f8d3b4be01883031c79a3c0c09.pkl,1
D:\08_Dataset\Internal\mar2020\pickle_files\aaed9f13528929bc50ffe50d37afcfc457da2573.pkl,1
D:\08_Dataset\Internal\mar2020\pickle_files\82541152c47ad53aa5018fdab700c7831b4a68b0.pkl,1
D:\08_Dataset\Internal\mar2020\pickle_files\3be543e68c7b6aeedcfd9ebadd9ef86d5051f9ed.pkl,1
D:\08_Dataset\Internal\mar2020\pickle_files\d5430c5741ad01e4cabf4a0bfe845ee384308bc6.pkl,1
D:\08_Dataset\Internal\mar2020\pickle_files\85cb379d111a37f5e43289b182e0d970af095a63.pkl,1
D:\08_Dataset\Internal\mar2020\pickle_files\5b55013843ba6803a68b4490f6d660095e5ebd16.pkl,1
D:\08_Dataset\Internal\mar2020\pickle_files\774149a038bc2a9a7bf1c4635013f30a7752a6b8.pkl,1
D:\08_Dataset\Internal\mar2020\pickle_files\ec9dd956c399f8343f5a10b1c538723093324210.pkl,1
D:\08_Dataset\Internal\mar2020\pickle_files\ac6bbde48f6841827949ef1849f1cb88e492258f.pkl,1
D:\08_Dataset\Internal\mar2020\pickle_files\3d37af0ffa19c7999a7f2301128da14796867640.pkl,1
D:\08_Dataset\Internal\mar2020\pickle_files\38a2caa2eb3c9137c099b877177f56bac08f18e1.pkl,1
D:\08_Dataset\Internal\mar2020\pickle_files\ffb9f8811464cf4ab056e6033ad5f2b27f7cb300.pkl,1
D:\08_Dataset\Internal\mar2020\pickle_files\553002d52b1d6d7d9345855f2691f1831b4d81aa.pkl,1
D:\08_Dataset\Internal\mar2020\pickle_files\ca45c308d0bfcd3e20a68ba012610a754fda8d34.pkl,1
D:\08_Dataset\Internal\mar2020\pickle_files\1bae0ef4292d57953c6097efe1e08fa821dbbea9.pkl,1
D:\08_Dataset\Internal\mar2020\pickle_files\8e80f0b2e5ab82de54de33075b3a779780c27f2d.pkl,1
D:\08_Dataset\Internal\mar2020\pickle_files\adae058faf8b85bffeea1a30c01325cd505bcab9.pkl,1
D:\08_Dataset\Internal\mar2020\pickle_files\41dd584e344473ede6d1f285c392067f681380ec.pkl,1
D:\08_Dataset\Internal\mar2020\pickle_files\e5c3256fa3663ae7eca5d70d1f7454dd4f01a234.pkl,1
D:\08_Dataset\Internal\mar2020\pickle_files\30e7cd135fe5aec3561b63d9372e7f935e3ffd20.pkl,1
D:\08_Dataset\Internal\mar2020\pickle_files\02031a6c5d752e8ac88c4e6c53f0c4e2f30a128c.pkl,1
D:\08_Dataset\Internal\mar2020\pickle_files\abfe0200755068781dc207cbec071448dc77563e.pkl,1
D:\08_Dataset\Internal\mar2020\pickle_files\cb6bca6dc55bb9cb84462450af9a0bb3127233f3.pkl,1
D:\08_Dataset\Internal\mar2020\pickle_files\ee14f9628864e1abea22cecd642255126172ce4b.pkl,1
D:\08_Dataset\Internal\mar2020\pickle_files\0192998b8fde0a3ad46534b31a6980dd61b3cf42.pkl,1
D:\08_Dataset\Internal\mar2020\pickle_files\6a6aee25bdf8b1d152a82194403feef8c405cc72.pkl,1
D:\08_Dataset\Internal\mar2020\pickle_files\b2a39e1ccb8f46dd840bbf2e2d0756b38856b413.pkl,1
D:\08_Dataset\Internal\mar2020\pickle_files\ac35623ed53c5b16e8a7861a4ae10c3326ec19e1.pkl,1
D:\08_Dataset\Internal\mar2020\pickle_files\54c736e9da48de52663b3ff6edb0aa613bc9af84.pkl,1
D:\08_Dataset\Internal\mar2020\pickle_files\f9e397a2c05b7f97e573477200168b645b99168d.pkl,1
D:\08_Dataset\Internal\mar2020\pickle_files\763c261408ea65f44e6a1c327fc3db7e38172197.pkl,1
D:\08_Dataset\Internal\mar2020\pickle_files\a32c61cd5d5270ea4b14c905d3ac356706e7b02d.pkl,1
D:\08_Dataset\Internal\mar2020\pickle_files\48392d6c6705668dbdf44107435bce4dd95da79d.pkl,1
D:\08_Dataset\Internal\mar2020\pickle_files\11faf796e74a00b17fbbf0cab7df8650e851d199.pkl,1
D:\08_Dataset\Internal\mar2020\pickle_files\82cdaeccbd36801d5f98e24def4ff052a2e83fe9.pkl,1
D:\08_Dataset\Internal\mar2020\pickle_files\fd7084361df118df43dfcf2915ed5ab07f17f4ad.pkl,1
D:\08_Dataset\Internal\mar2020\pickle_files\aa28c79754d668fbed31f745508f0c244f6864fc.pkl,1
D:\08_Dataset\Internal\mar2020\pickle_files\3940faf5d1787cc29cc907e547e4d22c2a4eeb6b.pkl,1
D:\08_Dataset\Internal\mar2020\pickle_files\fe9bbf74d7ab85ba9a61c4aecadb5e4129b22daf.pkl,1
D:\08_Dataset\Internal\mar2020\pickle_files\dca3099c70845cf778d01b85dff8b6710d60f648.pkl,1
D:\08_Dataset\Internal\mar2020\pickle_files\05601eb7a6c39cfa69814441414fef70063cdcdd.pkl,1
D:\08_Dataset\Internal\mar2020\pickle_files\101b717dd319819acda59ab39ce7445cf89e7e3b.pkl,1
D:\08_Dataset\Internal\mar2020\pickle_files\b5a79f036322fed60377773681d7ad1954f5754a.pkl,1
D:\08_Dataset\Internal\mar2020\pickle_files\34793e7972c788078d1a5200d7b4396dc9afe65c.pkl,1
D:\08_Dataset\Internal\mar2020\pickle_files\c05782ed2e5ec8fe81b8723759f4c829d7557c5d.pkl,1
D:\08_Dataset\Internal\mar2020\pickle_files\9e8bb6d3f1f5611d7ce43dc8ff5adbcbc25f7468.pkl,1
D:\08_Dataset\Internal\mar2020\pickle_files\e0d26e628d1729ff2c3ce8c5e09c3608def88422.pkl,1
D:\08_Dataset\Internal\mar2020\pickle_files\91047daaf1b74491e2d9ee8622c3f8113de35b31.pkl,1
D:\08_Dataset\Internal\mar2020\pickle_files\dbf0c3a7495268f96a4bf9b1e4947a28201b9cef.pkl,1
D:\08_Dataset\Internal\mar2020\pickle_files\87b54a880ad0a27827d60e403e108520839ca38e.pkl,1
D:\08_Dataset\Internal\mar2020\pickle_files\d6f5a070e285a4999954eed755252f1a96da0cf2.pkl,1
D:\08_Dataset\Internal\mar2020\pickle_files\e9d9e57a806aff1109df6983288cf13a1a963c7e.pkl,1
D:\08_Dataset\Internal\mar2020\pickle_files\40d95966dcce415ffb3b9ae1a517fb462831c59d.pkl,1
D:\08_Dataset\Internal\mar2020\pickle_files\ccd185b2bb06eb1462ff32a8b25e29876363be53.pkl,1
D:\08_Dataset\Internal\mar2020\pickle_files\36c4cd8546046ec5e54ff7681802b14d10da1a8d.pkl,1
D:\08_Dataset\Internal\mar2020\pickle_files\c5376fd09b0283ea650efbd0700ea415ce3598dd.pkl,1
D:\08_Dataset\Internal\mar2020\pickle_files\f91f9d0a2cc5211e6ea95d1fc2bce7a1899ac369.pkl,1
D:\08_Dataset\Internal\mar2020\pickle_files\0d17279b10305df6d420d08a136a680ff54e6559.pkl,1
D:\08_Dataset\Internal\mar2020\pickle_files\b37b4c51c8da5947b1855cba1cc165b12bd10dee.pkl,1
D:\08_Dataset\Internal\mar2020\pickle_files\a6347aa8a6e130ef8859bd136e32f4576fe5e314.pkl,1
D:\08_Dataset\Internal\mar2020\pickle_files\32bf8f36acb355c817bce927640fed08a630c4ea.pkl,1
D:\08_Dataset\Internal\mar2020\pickle_files\edb4f45a596f2bb015eeff0a32a3608a0933100c.pkl,1
D:\08_Dataset\Internal\mar2020\pickle_files\ad1edaf7e709fb812fd200e342b549302f2d3463.pkl,1
D:\08_Dataset\Internal\mar2020\pickle_files\d9fffbb197bf138a5c6ad01ea63a67744b822f3f.pkl,1
D:\08_Dataset\Internal\mar2020\pickle_files\5e9c9336cf997b7326c0db65544ad37d9e952664.pkl,1
D:\08_Dataset\Internal\mar2020\pickle_files\a192efde5e967701657ee1b433a43be2899d4931.pkl,1
D:\08_Dataset\Internal\mar2020\pickle_files\7c2d52b8a2608bc18ecd9f66663377077e6aee1b.pkl,1
D:\08_Dataset\Internal\mar2020\pickle_files\1d0f83bb2721477fc8a0df235f59efc9427308b3.pkl,1
D:\08_Dataset\Internal\mar2020\pickle_files\76016808066f1b3a92ce2d606e3578baaccebfc0.pkl,1
D:\08_Dataset\Internal\mar2020\pickle_files\acf2c053f53c00b3975c7cc1c3aa6b729a54d15d.pkl,1
D:\08_Dataset\Internal\mar2020\pickle_files\c04371ada01d170c54613e4e785ace459a10ecff.pkl,1
D:\08_Dataset\Internal\mar2020\pickle_files\2eb052d1721360df4217b22308cf6c0ffec184cf.pkl,1
D:\08_Dataset\Internal\mar2020\pickle_files\632164d65284c1330b5bad2cd66e7125a1893b1f.pkl,1
D:\08_Dataset\Internal\mar2020\pickle_files\aeea055c6d0f8ba72870e14656db8a50f3886328.pkl,1
D:\08_Dataset\Internal\mar2020\pickle_files\5ca1161a056d80f871ed1f4499e715309b8041ad.pkl,1
D:\08_Dataset\Internal\mar2020\pickle_files\bd2ccb983be9aafc11aa51bbd484150e6510df58.pkl,1
D:\08_Dataset\Internal\mar2020\pickle_files\d9114c3869c8fa77d6b74104aa6a58d5fe62c0fa.pkl,1
D:\08_Dataset\Internal\mar2020\pickle_files\6b1150ba1f1e543465e12dda56479b0f773e0579.pkl,1
D:\08_Dataset\Internal\mar2020\pickle_files\eb7d23849cbe955454f152f87c8ae13749a30836.pkl,1
D:\08_Dataset\Internal\mar2020\pickle_files\5dbf07fd6448f90075b6082bcb44e25758e9c516.pkl,1
D:\08_Dataset\Internal\mar2020\pickle_files\100e8b7e5c26d0f2e2c5badee407beef952b8357.pkl,1
D:\08_Dataset\Internal\mar2020\pickle_files\d79ef633473bc08bf9d3f5a8e1158deaa6f087aa.pkl,1
D:\08_Dataset\Internal\mar2020\pickle_files\ed398d601b24d9d172c80fab7133de5d70057cc4.pkl,1
D:\08_Dataset\Internal\mar2020\pickle_files\675b03315af4ac96e613089f20aed74fb70b629a.pkl,1
D:\08_Dataset\Internal\mar2020\pickle_files\af77402db14f93c2d1866ca5a8123d9bc7f4d69f.pkl,1
D:\08_Dataset\Internal\mar2020\pickle_files\bd5d106df1435ff10d17b724bb8c871caff49017.pkl,1
D:\08_Dataset\Internal\mar2020\pickle_files\68a9b349d4844244d760cb7a45d0af904518389e.pkl,1
D:\08_Dataset\Internal\mar2020\pickle_files\898bbdde45b92f58653a423539cd60a88ff75769.pkl,1
D:\08_Dataset\Internal\mar2020\pickle_files\d3d2e9c6b200a2202708287495244311402c472b.pkl,1
D:\08_Dataset\Internal\mar2020\pickle_files\295d1d66ed20b1e006b20aca17615aad427fb1e9.pkl,1
D:\08_Dataset\Internal\mar2020\pickle_files\8889211be85840929169fe7f7c1f24a23684824b.pkl,1
D:\08_Dataset\Internal\mar2020\pickle_files\5a1c88820bda0e4e86541e6777e95650229acbce.pkl,1
D:\08_Dataset\Internal\mar2020\pickle_files\9c24e858ceb2f54a17c401df2aaf47a16de83043.pkl,1
D:\08_Dataset\Internal\mar2020\pickle_files\7231578af93a8b0684606a67b95aa5d0c5a0706e.pkl,1
D:\08_Dataset\Internal\mar2020\pickle_files\c26121842e123baaa8d1efa726b96f59399c0700.pkl,1
D:\08_Dataset\Internal\mar2020\pickle_files\4b0ef3ad92e87960b29e2c588a5d15766a1bcd6c.pkl,1
D:\08_Dataset\Internal\mar2020\pickle_files\1eb0cb24fca30382427c62700f9919080f6be313.pkl,1
D:\08_Dataset\Internal\mar2020\pickle_files\e9e484ef3561564b9d82f45c1433009719a649f7.pkl,1
D:\08_Dataset\Internal\mar2020\pickle_files\2472869942a4d4f7b4519f75b46899c16c79aed6.pkl,1
D:\08_Dataset\Internal\mar2020\pickle_files\4230eee6b6de8871fff75ae8c2bff184036eb326.pkl,1
D:\08_Dataset\Internal\mar2020\pickle_files\90d89b02fac1448abda98d067084af6d978f8a2b.pkl,1
D:\08_Dataset\Internal\mar2020\pickle_files\2855ab095081a8e3d12a9ffa67801a1228d3bccd.pkl,1
D:\08_Dataset\Internal\mar2020\pickle_files\c61aebbabfccd643d2c82e5a1a0b1615a1083df1.pkl,1
D:\08_Dataset\Internal\mar2020\pickle_files\d3c8c147cfca72466f4e64281b43fbe2bd813cc1.pkl,1
D:\08_Dataset\Internal\mar2020\pickle_files\00f97b1d28df386ed8cfe43290bc9fd6db4293c9.pkl,1
D:\08_Dataset\Internal\mar2020\pickle_files\ffed84b2803d2eb694c14bb7f6cd96823d158d29.pkl,1
D:\08_Dataset\Internal\mar2020\pickle_files\a2d3cae5322e34641aeae1f10f9ab5f025318403.pkl,1
D:\08_Dataset\Internal\mar2020\pickle_files\361ded3dd285117f7c4a7ae7249710e251a60db5.pkl,1
D:\08_Dataset\Internal\mar2020\pickle_files\bef968d5d9c8908e64355e7c7d7028289758f4b3.pkl,1
D:\08_Dataset\Internal\mar2020\pickle_files\3d91b7b22fd819e6a559eded30b8f3a183cdc216.pkl,1
D:\08_Dataset\Internal\mar2020\pickle_files\6e60a8624de11151ddceba26eb18a3478b0a8840.pkl,1
D:\08_Dataset\Internal\mar2020\pickle_files\ec1b7a0e4e3e96c91445e473a71cac5bdf598347.pkl,1
D:\08_Dataset\Internal\mar2020\pickle_files\23a1fbcc8cd2c18e4696b5b5f7df07c84f3dbe9e.pkl,1
D:\08_Dataset\Internal\mar2020\pickle_files\f87615d5235cd0a5a3a4897d5b348c1a9e79448e.pkl,1
D:\08_Dataset\Internal\mar2020\pickle_files\2cbe69d790fa826736b217c53ff1d6d523b4ab3a.pkl,1
D:\08_Dataset\Internal\mar2020\pickle_files\ec342006cbbb614ae3b292b99ea69b97e81bb410.pkl,1
D:\08_Dataset\Internal\mar2020\pickle_files\80e8df05d88621785ccb38f7d84ed4e9dd5e5657.pkl,1
D:\08_Dataset\Internal\mar2020\pickle_files\e60f34ac28519aebde935f8f8effd9b0ca241af2.pkl,1
D:\08_Dataset\Internal\mar2020\pickle_files\fa0988fd4bc790d92686d773f90b0bb2516e948b.pkl,1
D:\08_Dataset\Internal\mar2020\pickle_files\8a6f1353c5851bff97813ec56bf47eabf7690d6e.pkl,1
D:\08_Dataset\Internal\mar2020\pickle_files\03294de91abbddeec039a622f9508221e8b2cd71.pkl,1
D:\08_Dataset\Internal\mar2020\pickle_files\5b73f77d245a5a0aa31ed05826af93079c1f1ba5.pkl,1
D:\08_Dataset\Internal\mar2020\pickle_files\423bd63092c1bba3c53384ccd0bc41589edf1e3c.pkl,1
D:\08_Dataset\Internal\mar2020\pickle_files\1f2ed2669230db300d4a1fcb0e2b7506ff9a6bf6.pkl,1
D:\08_Dataset\Internal\mar2020\pickle_files\3d230400cf09c726454696fb842ef82ae92a6a4c.pkl,1
D:\08_Dataset\Internal\mar2020\pickle_files\732a77d95f7ef40ab1a0e5972957881fb9ef441c.pkl,1
D:\08_Dataset\Internal\mar2020\pickle_files\5b4d79b7e7a93f4509c56e3086066a3ab3109d2e.pkl,1
D:\08_Dataset\Internal\mar2020\pickle_files\5904c957749b6756226d80b0604d8d707e907fa6.pkl,1
D:\08_Dataset\Internal\mar2020\pickle_files\ecb53b70c97d4b54b75735295570710a995f47f5.pkl,1
D:\08_Dataset\Internal\mar2020\pickle_files\d3240f037d6123abaa7c55733719832142105bdf.pkl,1
D:\08_Dataset\Internal\mar2020\pickle_files\c859713da8ba0d76999df66b620791e68003aed5.pkl,1
D:\08_Dataset\Internal\mar2020\pickle_files\870e7e08f4c94271ec3c890c67afeaad92fcf4b2.pkl,1
D:\08_Dataset\Internal\mar2020\pickle_files\275c420bc7ddd61424178cfcdae497a2460f7901.pkl,1
D:\08_Dataset\Internal\mar2020\pickle_files\06d29b6d761dd7cee3c9d91c96ec4acf4d0be3c8.pkl,1
D:\08_Dataset\Internal\mar2020\pickle_files\f20380222a487985937f9f8c669312ae1342b2ea.pkl,1
D:\08_Dataset\Internal\mar2020\pickle_files\3e5325e5ec728a2df3c95da902a5636de8d5cf0b.pkl,1
D:\08_Dataset\Internal\mar2020\pickle_files\ee96d4e4608e949c0a7a68bb583092e25ff86a7a.pkl,1
D:\08_Dataset\Internal\mar2020\pickle_files\1d44f2e063b342c4758cdad63cef213840daa426.pkl,1
D:\08_Dataset\Internal\mar2020\pickle_files\bc049b957a931fe962e56a7ae8e30c24c5ae5279.pkl,1
D:\08_Dataset\Internal\mar2020\pickle_files\7f0c7a5a1741dac0aa4498f9de9732b6cdd3b670.pkl,1
D:\08_Dataset\Internal\mar2020\pickle_files\92da24fa645f4c2238fbcac6b192c096674561c9.pkl,1
D:\08_Dataset\Internal\mar2020\pickle_files\07210d66779bdefe81eb9b42c600776fd80e2003.pkl,1
D:\08_Dataset\Internal\mar2020\pickle_files\21b850d500b967d679ca0843e9352adc3f4aaf77.pkl,1
D:\08_Dataset\Internal\mar2020\pickle_files\882c43374311da33e789ea1bf470ea3b38723541.pkl,1
D:\08_Dataset\Internal\mar2020\pickle_files\8b8a00f8b80f104bd133661155ce85816ba7bfb0.pkl,1
D:\08_Dataset\Internal\mar2020\pickle_files\2bac7d24978dc51948e7c688fc182730b294b541.pkl,1
D:\08_Dataset\Internal\mar2020\pickle_files\17abce9a5ea2d128eb8a649a199ae8f0e812c02b.pkl,1
D:\08_Dataset\Internal\mar2020\pickle_files\d2a18cb7b95b72dadb1d89860f4c6db15215aa78.pkl,1
D:\08_Dataset\Internal\mar2020\pickle_files\0fa975c02caec90952be63452670923c51b02f06.pkl,1
D:\08_Dataset\Internal\mar2020\pickle_files\d8e2cf65ac1da5bcb17f4833637d8391177e23e9.pkl,1
D:\08_Dataset\Internal\mar2020\pickle_files\6541f79e9ab2bad11fd5d58ca62fff4120eb84c6.pkl,1
D:\08_Dataset\Internal\mar2020\pickle_files\219284c7d3e581f33e9b65ae82345525544eac36.pkl,1
D:\08_Dataset\Internal\mar2020\pickle_files\e33cff026cb8d3ae8d9d1c4003328c33f82b9afd.pkl,1
D:\08_Dataset\Internal\mar2020\pickle_files\37350fc149b3dd5e52f2542aae37ed08f4932487.pkl,1
D:\08_Dataset\Internal\mar2020\pickle_files\e07362dc559b58d7cae7bdec57787d20a882306a.pkl,1
D:\08_Dataset\Internal\mar2020\pickle_files\63b80fc8a1d3db5fe322ec9db3cfcfe8a11fff76.pkl,1
D:\08_Dataset\Internal\mar2020\pickle_files\370e15441ccf9025f77913be93c8ca38eaf04ab7.pkl,1
D:\08_Dataset\Internal\mar2020\pickle_files\a17f3945bb4c406ebfd9043efd3fc0446c992b64.pkl,1
D:\08_Dataset\Internal\mar2020\pickle_files\fe5ee5b7f4c75d56c5677bf18e3f1b58a2df862d.pkl,1
D:\08_Dataset\Internal\mar2020\pickle_files\550a74e6a1982da520f1eb2196ea860e261fb090.pkl,1
D:\08_Dataset\Internal\mar2020\pickle_files\70deda65a84125644b3553f51a289fe8df594dd6.pkl,1
D:\08_Dataset\Internal\mar2020\pickle_files\4d6d2c5c15bc9a05f578114bf9fb328e2c230c01.pkl,1
D:\08_Dataset\Internal\mar2020\pickle_files\0c0bb44cef75ad75446a00647e1a66b1d44a48a8.pkl,1
D:\08_Dataset\Internal\mar2020\pickle_files\bc05a54e1de2959eefcf4f6849d3e3d1e11a0835.pkl,1
D:\08_Dataset\Internal\mar2020\pickle_files\6f79f63f88a1859ad6a1d09d9b467e6893631aaf.pkl,1
D:\08_Dataset\Internal\mar2020\pickle_files\4c7df77dfcbd0ac5dc03be0f2476c1dd61469f9c.pkl,1
D:\08_Dataset\Internal\mar2020\pickle_files\60cd9f4a114d8205182461fb31da5982006447e1.pkl,1
D:\08_Dataset\Internal\mar2020\pickle_files\d469f9c972a43cea43fce03321739a081af03f05.pkl,1
D:\08_Dataset\Internal\mar2020\pickle_files\58d0e83db4a4752e3caa28a6a3397b174cf44a4c.pkl,1
D:\08_Dataset\Internal\mar2020\pickle_files\abcfbe50fc4f2f75e0b9a861822b847c96355769.pkl,1
D:\08_Dataset\Internal\mar2020\pickle_files\6059e5e7639f57e380ea5bbfc41a0852de374174.pkl,1
D:\08_Dataset\Internal\mar2020\pickle_files\3a35c85df68e7534cb6eadf6d0a3c8b9406a7497.pkl,1
D:\08_Dataset\Internal\mar2020\pickle_files\9cbad7821066b55c77019072ea199d202f1ae466.pkl,1
D:\08_Dataset\Internal\mar2020\pickle_files\57d7168a600009e5108362224ce882fc534e75ba.pkl,1
D:\08_Dataset\Internal\mar2020\pickle_files\5cb8d7360f01af553c67d2d09afcbc8a9d582c9a.pkl,1
D:\08_Dataset\Internal\mar2020\pickle_files\defb7124037c8ed15ae682156d6eb2cb015b3d8d.pkl,1
D:\08_Dataset\Internal\mar2020\pickle_files\97e564e70e7ac022beca10c9701ed65f8068d577.pkl,1
D:\08_Dataset\Internal\mar2020\pickle_files\7c445c8535fed7485fc411443ce519b158bb10c5.pkl,1
D:\08_Dataset\Internal\mar2020\pickle_files\7bfa4087c5dad8819a51c6b0a865098c9adbc1e5.pkl,1
D:\08_Dataset\Internal\mar2020\pickle_files\f1975cdb4bd454bdf996a9fd4fd9768359a4e8ba.pkl,1
D:\08_Dataset\Internal\mar2020\pickle_files\8239c7ecb24116d2fc730e6f8c69ac9ee5461991.pkl,1
D:\08_Dataset\Internal\mar2020\pickle_files\72820d8b37d175e4d1f9f3968f5ef5d891044e45.pkl,1
D:\08_Dataset\Internal\mar2020\pickle_files\68335f6749c4d16b25d72700dbdc715537dd6f16.pkl,1
D:\08_Dataset\Internal\mar2020\pickle_files\8109d5c24bbdf876a46dbdec570cb3b94b9e7f48.pkl,1
D:\08_Dataset\Internal\mar2020\pickle_files\8062ba6337fdd2ac567aac46482523a1793eab5f.pkl,1
D:\08_Dataset\Internal\mar2020\pickle_files\5bfba915677cd5e5cf5c9d49f51eb4bce5c7efbd.pkl,1
D:\08_Dataset\Internal\mar2020\pickle_files\3a39cedb43223dfaa364a6e38927c9a1a2b04cc1.pkl,1
D:\08_Dataset\Internal\mar2020\pickle_files\a7f621839eff8fb547834fa3a00db4988e138d05.pkl,1
D:\08_Dataset\Internal\mar2020\pickle_files\4735d6598606ecb4434b5ed3a150d4e48a4aa326.pkl,1
D:\08_Dataset\Internal\mar2020\pickle_files\31da9705a43cc247624537bb5f3252fbd1f6f284.pkl,1
D:\08_Dataset\Internal\mar2020\pickle_files\47334c840b236e9184fe8823bf32351335f73b64.pkl,1
D:\08_Dataset\Internal\mar2020\pickle_files\a7a94fb26584dcf6b7d3c455e0ef3ef3e92e1ada.pkl,1
D:\08_Dataset\Internal\mar2020\pickle_files\f6d12493120e0ac0f930a65b6781794f5d4f3d5b.pkl,1
D:\08_Dataset\Internal\mar2020\pickle_files\46368d59348913aa208994e56e8e91e7c5df3377.pkl,1
D:\08_Dataset\Internal\mar2020\pickle_files\572db353878f4445e79fd93b025a97da18edaf46.pkl,1
D:\08_Dataset\Internal\mar2020\pickle_files\1fefff6e2f64e709ac020b2e948b6bcdaf64a1cf.pkl,1
D:\08_Dataset\Internal\mar2020\pickle_files\8f1ac090bae72b554db91f1811f3fe282a3c66cd.pkl,1
D:\08_Dataset\Internal\mar2020\pickle_files\b485be71cc0ac493dbb912133a5e242f976fec5c.pkl,1
D:\08_Dataset\Internal\mar2020\pickle_files\254e4af423b430b1fefad6cb9174e4cc7c80f88a.pkl,1
D:\08_Dataset\Internal\mar2020\pickle_files\a724ca25e6fe510e80210ef717e58e891eeb1d84.pkl,1
D:\08_Dataset\Internal\mar2020\pickle_files\b302b569397a4da8445d419af5eb1a042096bbd6.pkl,1
D:\08_Dataset\Internal\mar2020\pickle_files\d5255233b4499c89b18ffdf4f0a669369b65f640.pkl,1
D:\08_Dataset\Internal\mar2020\pickle_files\8e9a11cdfbcf3d7e27c22be0a9626c8fb5cf6359.pkl,1
D:\08_Dataset\Internal\mar2020\pickle_files\f12fcbd7171530f5fea85e3a63a454bff46c01bf.pkl,1
D:\08_Dataset\Internal\mar2020\pickle_files\ae325c56b0e7a5ae4f90218c6c9f1409c70568fe.pkl,1
D:\08_Dataset\Internal\mar2020\pickle_files\2727ad80949e872f05da96887530a2498784ed59.pkl,1
D:\08_Dataset\Internal\mar2020\pickle_files\cb625dd5bc8df540eac1b2c40bdab477c4417c93.pkl,1
D:\08_Dataset\Internal\mar2020\pickle_files\299b22fb4f5f1fd6db26a9e61fb189ba63bf4b99.pkl,1
D:\08_Dataset\Internal\mar2020\pickle_files\8f32834d1dbf20d3e0d5e21d91ba219a3e01da40.pkl,1
D:\08_Dataset\Internal\mar2020\pickle_files\45ea7dd7996b279a5b18a70892a88f0eca93292c.pkl,1
D:\08_Dataset\Internal\mar2020\pickle_files\073b5b1181beb0034de1a2a49b438651ad33fb6a.pkl,1
D:\08_Dataset\Internal\mar2020\pickle_files\f28b530cf8bb15833f10145a6c715b3423dcc2e4.pkl,1
D:\08_Dataset\Internal\mar2020\pickle_files\149802d3c88c6eb35be443e1346b05c3e343ec89.pkl,1
D:\08_Dataset\Internal\mar2020\pickle_files\362e5541eefde59fcddb7a1a35b5d6296b3eb913.pkl,1
D:\08_Dataset\Internal\mar2020\pickle_files\0c212b2afe6066d0c3986e7c1e6ca52719907d8d.pkl,1
D:\08_Dataset\Internal\mar2020\pickle_files\f57a2a68b51c97cffa4ce817244f77baae0e4e26.pkl,1
D:\08_Dataset\Internal\mar2020\pickle_files\10b89e479936f2fcf65c8967daf92ee943d5e5fc.pkl,1
D:\08_Dataset\Internal\mar2020\pickle_files\81625e1e805497170c2434f5dfd275c53b20070b.pkl,1
D:\08_Dataset\Internal\mar2020\pickle_files\6ee8ab021f4da3c872db4a41741d57259379b9d4.pkl,1
D:\08_Dataset\Internal\mar2020\pickle_files\46e228d5e75e5aa263c37082186c421138ea0fb1.pkl,1
D:\08_Dataset\Internal\mar2020\pickle_files\86a7d57fd392b5d0c4234f97a3fd85cd06b15502.pkl,1
D:\08_Dataset\Internal\mar2020\pickle_files\7097eaaa27acb982c3546001b25df13da6144979.pkl,1
D:\08_Dataset\Internal\mar2020\pickle_files\804531a5ba7532510044958d9d5ee060115b4176.pkl,1
D:\08_Dataset\Internal\mar2020\pickle_files\4ac02796df55086ff4d00b4bb4223ed9ccc4da04.pkl,1
D:\08_Dataset\Internal\mar2020\pickle_files\7d7e62f058217826d7267af29572631de3430ef3.pkl,1
D:\08_Dataset\Internal\mar2020\pickle_files\dca327b96375bc18ef0913c739f633a8d9842f24.pkl,1
D:\08_Dataset\Internal\mar2020\pickle_files\dfbda92b3d5c400dbb01ba9108dead8bd9359809.pkl,1
D:\08_Dataset\Internal\mar2020\pickle_files\9b750400c884b5270f10469d9707eb8bc9f275a2.pkl,1
D:\08_Dataset\Internal\mar2020\pickle_files\aa9557085ff6ed0c0e8db673e8139f5f43c687ed.pkl,1
D:\08_Dataset\Internal\mar2020\pickle_files\f97dd1f63eba917736ad875db08fe8666ddb25b4.pkl,1
D:\08_Dataset\Internal\mar2020\pickle_files\7e8a72d59a9939205f11fe41e9fbc5902db1f15e.pkl,1
D:\08_Dataset\Internal\mar2020\pickle_files\76909e58afd8680ac5799bded540139e4330a5a6.pkl,1
D:\08_Dataset\Internal\mar2020\pickle_files\d8a5dee9f7a22131a79b97a6d5d0ecb9c4a477b3.pkl,1
D:\08_Dataset\Internal\mar2020\pickle_files\c0d30ff3d12478f8c0ce2e5df1f9dad6b83cac91.pkl,1
D:\08_Dataset\Internal\mar2020\pickle_files\bccd5dc68173289de13bf632159cb00b6d83c98c.pkl,1
D:\08_Dataset\Internal\mar2020\pickle_files\654c359a38d136e099113763fd350db8ec620ae2.pkl,1
D:\08_Dataset\Internal\mar2020\pickle_files\ee47144ca0906b87e88d4cf2d353c616de7598ae.pkl,1
D:\08_Dataset\Internal\mar2020\pickle_files\453efdebf97ea3f4d9fa8d5652bdabecef6ec16d.pkl,1
D:\08_Dataset\Internal\mar2020\pickle_files\8cd3c4cc6edde6c0aa7ff8db7ce811ab674e5483.pkl,1
D:\08_Dataset\Internal\mar2020\pickle_files\3280ae82fe618802b38c8d0c470df1abd88c6971.pkl,1
D:\08_Dataset\Internal\mar2020\pickle_files\8a5e294bfeb1d44bc9b959af66533a8ef77cd060.pkl,1
D:\08_Dataset\Internal\mar2020\pickle_files\b8144d050a99c216a46950d62fdf5445c3b7d9f5.pkl,1
D:\08_Dataset\Internal\mar2020\pickle_files\025b14c55e04983b544ba24890a07c86e3501d64.pkl,1
D:\08_Dataset\Internal\mar2020\pickle_files\830c1abe766166237b974814bc23b8c5e40793fe.pkl,1
D:\08_Dataset\Internal\mar2020\pickle_files\353373c6d5550068fba8080690715fe68abb2343.pkl,1
D:\08_Dataset\Internal\mar2020\pickle_files\9409cd529242a27e6d4e18b63aba24650f17b9e1.pkl,1
D:\08_Dataset\Internal\mar2020\pickle_files\c5224bf34fe45c19ca83db5db839612abd116d97.pkl,1
D:\08_Dataset\Internal\mar2020\pickle_files\2aa95a4def637e0fd91a70c2efe8dec513b149bc.pkl,1
D:\08_Dataset\Internal\mar2020\pickle_files\c9dfdb34ec776de43d30e0aa467147726e32d2fb.pkl,1
D:\08_Dataset\Internal\mar2020\pickle_files\788cd0c187c36e7dcbc22f556aa758a2344c444a.pkl,1
D:\08_Dataset\Internal\mar2020\pickle_files\06ba99889918db990b7fa71c0a0230851d0b35ae.pkl,1
D:\08_Dataset\Internal\mar2020\pickle_files\6c6674d2b407d606c47496e36cdf2d28e298bca9.pkl,1
D:\08_Dataset\Internal\mar2020\pickle_files\75ef0391281f016c197039e2b40fa6369590b852.pkl,1
D:\08_Dataset\Internal\mar2020\pickle_files\a78d9c6214151d5e58628db20eaadd8f7c893a79.pkl,1
D:\08_Dataset\Internal\mar2020\pickle_files\775fe181f427ac51bac58c843d90b6df68b7477b.pkl,1
D:\08_Dataset\Internal\mar2020\pickle_files\49a835202986bcd96f4b40e9c5023e39dd1849af.pkl,1
D:\08_Dataset\Internal\mar2020\pickle_files\6d28011826f059cf234984f398946ae62b91e53e.pkl,1
D:\08_Dataset\Internal\mar2020\pickle_files\4a7a8faa577acb1feec4e974700567b88d7420f2.pkl,1
D:\08_Dataset\Internal\mar2020\pickle_files\14282f727c38a2026781ad8f5d65c0475cc55403.pkl,1
D:\08_Dataset\Internal\mar2020\pickle_files\4ded01d380e874f5ab70bc741d9d965bfa017ba1.pkl,1
D:\08_Dataset\Internal\mar2020\pickle_files\be69064ac4ee6bad19654eea816f029dabafd46a.pkl,1
D:\08_Dataset\Internal\mar2020\pickle_files\b473890ff47fc7dd46bea07d8f1477fbe237cc78.pkl,1
D:\08_Dataset\Internal\mar2020\pickle_files\f4fd8143314e61ab666ded97e14cdabbb2697a36.pkl,1
D:\08_Dataset\Internal\mar2020\pickle_files\80916976b3bc45ed33620bea3a3129b28669e281.pkl,1
D:\08_Dataset\Internal\mar2020\pickle_files\c9ecab42d4b92bba277e9d179440d03ba7ab0c7f.pkl,1
D:\08_Dataset\Internal\mar2020\pickle_files\4f86064595b01852c3a85d732562d4b9b86c2aa8.pkl,1
D:\08_Dataset\Internal\mar2020\pickle_files\33b98f7ef27d0fd8b7395b235af18fceedc6492e.pkl,1
D:\08_Dataset\Internal\mar2020\pickle_files\f9303a7266185e62516ea1ca0d175eac1d727fa8.pkl,1
D:\08_Dataset\Internal\mar2020\pickle_files\2a1e445609d35ede945c5c345bddc2b80e978712.pkl,1
D:\08_Dataset\Internal\mar2020\pickle_files\537c1c3ded1a6babcb390cf43597023f9db9c90f.pkl,1
D:\08_Dataset\Internal\mar2020\pickle_files\b9e5b7fe923e023e5e20e03f5ad19b28b9ad0078.pkl,1
D:\08_Dataset\Internal\mar2020\pickle_files\32f3eaf03383722ef76443e507dd854105847b69.pkl,1
D:\08_Dataset\Internal\mar2020\pickle_files\43a60915314a36a406f3b4d16699fea78e033eb7.pkl,1
D:\08_Dataset\Internal\mar2020\pickle_files\d82645c6f9e2695b9ae0ad33041be44f61e744f5.pkl,1
D:\08_Dataset\Internal\mar2020\pickle_files\cbc4f81fe8de0a49947c0ae38ffabf5749824d55.pkl,1
D:\08_Dataset\Internal\mar2020\pickle_files\7addb9d2d098ed9ec0b3945365e94aaeec05c499.pkl,1
D:\08_Dataset\Internal\mar2020\pickle_files\ed1229e15b0547206cb9db6972efc5e92b8e3519.pkl,1
D:\08_Dataset\Internal\mar2020\pickle_files\c96acd7017469c5ed7d5a0ba926d8dbbbc7cd4cc.pkl,1
D:\08_Dataset\Internal\mar2020\pickle_files\3dc135b9ab917e02cdb36d105bf5149e8ffcc2a7.pkl,1
D:\08_Dataset\Internal\mar2020\pickle_files\e138ce3e6a3f8f3b4d179b792385bbbefffaf3d9.pkl,1
D:\08_Dataset\Internal\mar2020\pickle_files\ecb5c91d0d3351da7ee650503d1256c72480446c.pkl,1
D:\08_Dataset\Internal\mar2020\pickle_files\5e772d33a8bf63a41fe66f546bd0adf81b7b0567.pkl,1
D:\08_Dataset\Internal\mar2020\pickle_files\98dfeeb787e0efbec8953f67b825803212e3526b.pkl,1
D:\08_Dataset\Internal\mar2020\pickle_files\f5c59bcfdbfcdcb074258ff035c39f1ad744fb2d.pkl,1
D:\08_Dataset\Internal\mar2020\pickle_files\de41b2873ce61549860ffc6db5d6f5eab7d14ffb.pkl,1
D:\08_Dataset\Internal\mar2020\pickle_files\03974b0d5b228978289b4f67fba9104e90226d68.pkl,1
D:\08_Dataset\Internal\mar2020\pickle_files\5fbb875f75014e59dfc4de01855984ddfeb77e22.pkl,1
D:\08_Dataset\Internal\mar2020\pickle_files\01d4d0b95ac20b7b66ef29a4e5a87d2ecd578580.pkl,1
D:\08_Dataset\Internal\mar2020\pickle_files\9e718d6ee5f3a60e72ec06771f50ae8949b64cc1.pkl,1
D:\08_Dataset\Internal\mar2020\pickle_files\d7e30d22efafabb1ff494acad83d6a05fa9b28c5.pkl,1
D:\08_Dataset\Internal\mar2020\pickle_files\423c93717cd653895bc327a17b0c2bc550281ecd.pkl,1
D:\08_Dataset\Internal\mar2020\pickle_files\e23395ab166bfea7ed4d9094ba285ed6a60340b5.pkl,1
D:\08_Dataset\Internal\mar2020\pickle_files\7a729fa83327e25c49327fc6e732b5bd4bdd75ec.pkl,1
D:\08_Dataset\Internal\mar2020\pickle_files\a7f86b1973f6bca29a6ecdbdbf890176b30d811b.pkl,1
D:\08_Dataset\Internal\mar2020\pickle_files\7d38b86bf85d405144251b152e12baf8b5defde3.pkl,1
D:\08_Dataset\Internal\mar2020\pickle_files\db47b5e7c8a41d588e28ef11463e84152c2621dc.pkl,1
D:\08_Dataset\Internal\mar2020\pickle_files\8844b06cc32b963ba13075407ab7ef7c9b5d5c21.pkl,1
D:\08_Dataset\Internal\mar2020\pickle_files\a1a488367060e995d822e03e90e70647227b04a3.pkl,1
D:\08_Dataset\Internal\mar2020\pickle_files\6b0b5a24d35905a7311b447340ba035a4f9e1889.pkl,1
D:\08_Dataset\Internal\mar2020\pickle_files\52c48b9a43fe540ade455cf13d06b4c932a00458.pkl,1
D:\08_Dataset\Internal\mar2020\pickle_files\a76ea6719b5cd4b2a6ba5f95b54be533445ef067.pkl,1
D:\08_Dataset\Internal\mar2020\pickle_files\c9a62d652c1663f356a54a71d95671a199f03ef2.pkl,1
D:\08_Dataset\Internal\mar2020\pickle_files\9e10bc3d6d9464873a7c0f3bb4bfc3eed7028ece.pkl,1
D:\08_Dataset\Internal\mar2020\pickle_files\3d192ef8074008e7b70b2c3206cddda8443cd306.pkl,1
D:\08_Dataset\Internal\mar2020\pickle_files\5132dd83446b961b022da4af444b4b3077ea7092.pkl,1
D:\08_Dataset\Internal\mar2020\pickle_files\5af85ad2d5dbdc8aea5ac3366b108d272584cc71.pkl,1
D:\08_Dataset\Internal\mar2020\pickle_files\99a96431ff127493e8c0189fc3ce1fabab6a20bc.pkl,1
D:\08_Dataset\Internal\mar2020\pickle_files\3c84321e81d8b393bd7c5414b4772adcf0304521.pkl,1
D:\08_Dataset\Internal\mar2020\pickle_files\1fae70f4a82d9be788b9ad93ae30f876e852bd79.pkl,1
D:\08_Dataset\Internal\mar2020\pickle_files\4b99b463ae389fe0d0282959ad63a47bc9facffd.pkl,1
D:\08_Dataset\Internal\mar2020\pickle_files\0c4fb59cb4c4a2b79f38a85fc839011d3d3ccd06.pkl,1
D:\08_Dataset\Internal\mar2020\pickle_files\69ebbb12ea17a2ec367bbc33dd144edc7dd44fb3.pkl,1
D:\08_Dataset\Internal\mar2020\pickle_files\6b0a6753468d5635b9aa5167650031988cb106ff.pkl,1
D:\08_Dataset\Internal\mar2020\pickle_files\c41e62c08f6df4c2adacc7ef38462f2cff823da2.pkl,1
D:\08_Dataset\Internal\mar2020\pickle_files\9e48faa914d9ca1335a9b16f692377a2b6c05110.pkl,1
D:\08_Dataset\Internal\mar2020\pickle_files\e9542385285a59282a6c0dc77c7037870857c923.pkl,1
D:\08_Dataset\Internal\mar2020\pickle_files\0de9acb58c34832bfe9f8e4cd4d27a8ad1b5514e.pkl,1
D:\08_Dataset\Internal\mar2020\pickle_files\53292644d4feaba8f08a28308f99ce5e93ec976e.pkl,1
D:\08_Dataset\Internal\mar2020\pickle_files\b113b2e37ac1188c77b20b42509e259c609c14ca.pkl,1
D:\08_Dataset\Internal\mar2020\pickle_files\5129556e21bda97fe03bde40c15b896640c0c6e1.pkl,1
D:\08_Dataset\Internal\mar2020\pickle_files\9f53b6039097195a3c4c99172ac7ce00a412e819.pkl,1
D:\08_Dataset\Internal\mar2020\pickle_files\00f20ac67d58cea4f9584402cbf5cae8df4ead59.pkl,1
D:\08_Dataset\Internal\mar2020\pickle_files\01acc7072ab0b9e812e0ccec8304205cddfae4f4.pkl,1
D:\08_Dataset\Internal\mar2020\pickle_files\539acf160c36e783b0816a526f13c5d6e3d0f0f5.pkl,1
D:\08_Dataset\Internal\mar2020\pickle_files\4ee0428b0660b9ee0e7454a02559f7fd73ed70ac.pkl,1
D:\08_Dataset\Internal\mar2020\pickle_files\1ce12ad103adf7f3f832f42f50a97183684638c3.pkl,1
D:\08_Dataset\Internal\mar2020\pickle_files\0af1591d5e42e0dbc7a18784994314614311f624.pkl,1
D:\08_Dataset\Internal\mar2020\pickle_files\9f03e57613aac65644b0c037210f0274b1dd7f2d.pkl,1
D:\08_Dataset\Internal\mar2020\pickle_files\ff2c7cb4d3ebb360e22e5fea21fee947ac2d2ffe.pkl,1
D:\08_Dataset\Internal\mar2020\pickle_files\a952c0e407c52f07641cfc97e4dd268e240dff25.pkl,1
D:\08_Dataset\Internal\mar2020\pickle_files\dd85bbae2fcbaf5008c00774a678e4158a94748f.pkl,1
D:\08_Dataset\Internal\mar2020\pickle_files\7d2d21f5f983553cb8b241ed07cdba05c98feb8c.pkl,1
D:\08_Dataset\Internal\mar2020\pickle_files\4b732b94e07eee92c1b1daee71d9d720675ee79f.pkl,1
D:\08_Dataset\Internal\mar2020\pickle_files\c7ed77f082425fa77e833ea6bd4f7d9a0482c6ff.pkl,1
D:\08_Dataset\Internal\mar2020\pickle_files\386806235cf3b1bedbca1b3c602dccd43844e3e3.pkl,1
D:\08_Dataset\Internal\mar2020\pickle_files\576f9d70aa6f5b8542795b6d7ee1ddf116199e67.pkl,1
D:\08_Dataset\Internal\mar2020\pickle_files\023a3484d9cc462ad6544da3b2f4b6b3962d981d.pkl,1
D:\08_Dataset\Internal\mar2020\pickle_files\f898ed321c2c5095732e2fe5762451880a2faa94.pkl,1
D:\08_Dataset\Internal\mar2020\pickle_files\0d12f31791601ee46d46d0ba6d91345302e354e4.pkl,1
D:\08_Dataset\Internal\mar2020\pickle_files\58028e05dc57a871dfad6514e1000c132c2cb124.pkl,1
D:\08_Dataset\Internal\mar2020\pickle_files\8b92d251779554612a983f6be6d3b45e210d93e8.pkl,1
D:\08_Dataset\Internal\mar2020\pickle_files\2d5c5e210c7db4ba6012bd761154db0d1f5cd658.pkl,1
D:\08_Dataset\Internal\mar2020\pickle_files\b3ac8a236babfcc462339d17146d07a27d504f2c.pkl,1
D:\08_Dataset\Internal\mar2020\pickle_files\1eb2d8dabcd226530499c988f6a34e27033002e9.pkl,1
D:\08_Dataset\Internal\mar2020\pickle_files\55c92b5284b901d66bc297093b64300ddfaf2d3a.pkl,1
D:\08_Dataset\Internal\mar2020\pickle_files\960bd346a7b987e463ae300be23fe0dde7e7eda9.pkl,1
D:\08_Dataset\Internal\mar2020\pickle_files\1bd51e1087d29b3b483abf0c89d7cccc9e043bdf.pkl,1
D:\08_Dataset\Internal\mar2020\pickle_files\6a40a152804cb1226688b64eec66599470631f11.pkl,1
D:\08_Dataset\Internal\mar2020\pickle_files\1ffc1c41575bb81abf22fc898c6e374577f5aa16.pkl,1
D:\08_Dataset\Internal\mar2020\pickle_files\08c5455283e4a23e8a7d2d5281f039046a29c852.pkl,1
D:\08_Dataset\Internal\mar2020\pickle_files\c1e78444765363e6ec809ffd9e8dc8253928f3db.pkl,1
D:\08_Dataset\Internal\mar2020\pickle_files\ea882ec9d66498724cea64dcfbaaf8e24135ac26.pkl,1
D:\08_Dataset\Internal\mar2020\pickle_files\01d24a3ab9200cfa91634b641d8635703b322f4c.pkl,1
D:\08_Dataset\Internal\mar2020\pickle_files\a026ec399ee9b38bc75600602102feb266ec2244.pkl,1
D:\08_Dataset\Internal\mar2020\pickle_files\2b493af3be421674514bf0aab6e52500554a05f4.pkl,1
D:\08_Dataset\Internal\mar2020\pickle_files\f8aa35bada8a7377585cea684a047628917d39c3.pkl,1
D:\08_Dataset\Internal\mar2020\pickle_files\44c8e2ee0c7979469c3b475eb6e9ac39cfcfaa1c.pkl,1
D:\08_Dataset\Internal\mar2020\pickle_files\a19b9d94666d78616e856585b13374d73f45c816.pkl,1
D:\08_Dataset\Internal\mar2020\pickle_files\4a4cf393237a31b94b560d1da628024cc5f234ca.pkl,1
D:\08_Dataset\Internal\mar2020\pickle_files\3bd4b7f107a07d4850cebc4564fc2168f1027b16.pkl,1
D:\08_Dataset\Internal\mar2020\pickle_files\f9f71f980918b7061d9fe597c9e57ab00dd7219e.pkl,1
D:\08_Dataset\Internal\mar2020\pickle_files\d1361d1ecc384ad78e8b93564108ac4a584ae3f6.pkl,1
D:\08_Dataset\Internal\mar2020\pickle_files\242eec9847e1a579854a0e1a12c10e67a4274ef6.pkl,1
D:\08_Dataset\Internal\mar2020\pickle_files\a9e87eaa521df85a97d25a86f70ca3ae6c5b3c0b.pkl,1
D:\08_Dataset\Internal\mar2020\pickle_files\19bccc1f2781f52e7bc6cfb65b824a9d66ed3d29.pkl,1
D:\08_Dataset\Internal\mar2020\pickle_files\057e604964618ca6c2392e13430f23025d57dc4c.pkl,1
D:\08_Dataset\Internal\mar2020\pickle_files\f76c6052f454a89ad90410c65fe9becbf6ffb396.pkl,1
D:\08_Dataset\Internal\mar2020\pickle_files\8c10acb31353deffd51dc2f8caa73a7e11546a18.pkl,1
D:\08_Dataset\Internal\mar2020\pickle_files\5b810d98a0fad175519302ec322407a9106e9739.pkl,1
D:\08_Dataset\Internal\mar2020\pickle_files\61024c16ff1171af18cd2c96182f84899b4f92e5.pkl,1
D:\08_Dataset\Internal\mar2020\pickle_files\7575948c01b231897ca0587425093d323a3403ae.pkl,1
D:\08_Dataset\Internal\mar2020\pickle_files\12b86e8ab9a4f960ba62f94e5f526c9933370503.pkl,1
D:\08_Dataset\Internal\mar2020\pickle_files\fecd3c1281e0a2ce2ff5f8e854ae4ff02943b769.pkl,1
D:\08_Dataset\Internal\mar2020\pickle_files\9eb79d49418dc66bcd159794ac6dbf251a6f2f61.pkl,1
D:\08_Dataset\Internal\mar2020\pickle_files\8b22d0e6ccb3f8299c8daca29e87d0bcd0b44540.pkl,1
D:\08_Dataset\Internal\mar2020\pickle_files\d7393e5c8e630ed8dfde8eaba91cb64c0cfe4b54.pkl,1
D:\08_Dataset\Internal\mar2020\pickle_files\f9e63567c98fb63254a60928be5b50cf077456d3.pkl,1
D:\08_Dataset\Internal\mar2020\pickle_files\7a62cda2f76957eee88f40c0dacb2f0cb6d19828.pkl,1
D:\08_Dataset\Internal\mar2020\pickle_files\f2de3bbf48d0adf0f4e790ed8e86ccd6578e5ffa.pkl,1
D:\08_Dataset\Internal\mar2020\pickle_files\f503d37df3d4402f1c127cb83577b669c0dc5b36.pkl,1
D:\08_Dataset\Internal\mar2020\pickle_files\46235b4cb61c974471ec7fe14f32616fbe47c5d4.pkl,1
D:\08_Dataset\Internal\mar2020\pickle_files\c82ea2ec1ee2fc5d5352250ad91e33883b863d98.pkl,1
D:\08_Dataset\Internal\mar2020\pickle_files\1bfeb6f1c1f79fde2c1ad9096cfc146e68f66e4a.pkl,1
D:\08_Dataset\Internal\mar2020\pickle_files\593b93f2d15da83d47a6e3ab90748b8a92bab6a3.pkl,1
D:\08_Dataset\Internal\mar2020\pickle_files\fb6f071590e6edb4d81fab901089b1a344b2f755.pkl,1
D:\08_Dataset\Internal\mar2020\pickle_files\f21312737a22072129ade952fd6eeb6d71afd72a.pkl,1
D:\08_Dataset\Internal\mar2020\pickle_files\78d042265ec0f68568b6f6def8c9021d37dcc573.pkl,1
D:\08_Dataset\Internal\mar2020\pickle_files\f6c7b204a52a7c116433003aa4396e59c089b5d4.pkl,1
D:\08_Dataset\Internal\mar2020\pickle_files\a598ae9362f094ddfc4d81db83513cdfdd5b0f04.pkl,1
D:\08_Dataset\Internal\mar2020\pickle_files\3e376f8c649cd968fe58c88966c3cd393fd96080.pkl,1
D:\08_Dataset\Internal\mar2020\pickle_files\2bbff3c09c5ddbf278e67e0e9b2c7debf323e0e0.pkl,1
D:\08_Dataset\Internal\mar2020\pickle_files\510663f1878387751827d6d4f2a3cba9c09e01c1.pkl,1
D:\08_Dataset\Internal\mar2020\pickle_files\ee0d0c6298249e8c62bb92f84f1b33a802f69ac7.pkl,1
D:\08_Dataset\Internal\mar2020\pickle_files\d77fa47024cd9a882658cc26afda32619a2e6711.pkl,1
D:\08_Dataset\Internal\mar2020\pickle_files\cf8bd88768c4843a51d0a95f1d4faa6fa2e788df.pkl,1
D:\08_Dataset\Internal\mar2020\pickle_files\ceedd2dce751755754bebd79b9b98007a390065c.pkl,1
D:\08_Dataset\Internal\mar2020\pickle_files\d2f8bd0c221b1cbebde25f4957ed5eea99bb7ec5.pkl,1
D:\08_Dataset\Internal\mar2020\pickle_files\1ab1b57d35cef0f7bfdb628fa0ed2c67626a0e44.pkl,1
D:\08_Dataset\Internal\mar2020\pickle_files\d785459d223f2c29e06640bb2c8a596a34c36492.pkl,1
D:\08_Dataset\Internal\mar2020\pickle_files\94bd889b759c7a3c407abfee3631fe09d7610d72.pkl,1
D:\08_Dataset\Internal\mar2020\pickle_files\6b851c4336965134f42110286cfe2d89740f970a.pkl,1
D:\08_Dataset\Internal\mar2020\pickle_files\e7ec7321772c7912c28224e1225543cf6ef48547.pkl,1
D:\08_Dataset\Internal\mar2020\pickle_files\10d43d97e13103bc18ccc8d34c0cd4329fba5ed3.pkl,1
D:\08_Dataset\Internal\mar2020\pickle_files\97dbf08820003d3aa6868d30f7027eb3e108debd.pkl,1
D:\08_Dataset\Internal\mar2020\pickle_files\fa861ebabb3cf41404bac70492af237960ecb9cb.pkl,1
D:\08_Dataset\Internal\mar2020\pickle_files\10114219ee9368beda8350507cc20625954005a3.pkl,1
D:\08_Dataset\Internal\mar2020\pickle_files\9e69d3b689be1250812a0d58074faeec5c0b13b9.pkl,1
D:\08_Dataset\Internal\mar2020\pickle_files\3cae732bb4e07479b76d208ea4fbf3452d4b46f8.pkl,1
D:\08_Dataset\Internal\mar2020\pickle_files\a4d3a5a4733c433f55b1014fa7429ad3832d875d.pkl,1
D:\08_Dataset\Internal\mar2020\pickle_files\669682b9f33c25932cd2118e6126a633864c6310.pkl,1
D:\08_Dataset\Internal\mar2020\pickle_files\1fb5d4468584e43022cebbb9aaa55d944f83a517.pkl,1
D:\08_Dataset\Internal\mar2020\pickle_files\497c6392efd48ffa50780acde39650a93fc6b477.pkl,1
D:\08_Dataset\Internal\mar2020\pickle_files\c55b76d43c7da9fb2517bcd3ece2c3f2bcf36de9.pkl,1
D:\08_Dataset\Internal\mar2020\pickle_files\8b6d4469fec058e83ab7a15fc12f50e4db662131.pkl,1
D:\08_Dataset\Internal\mar2020\pickle_files\7401f803c3c38067d04b31eebae74da4d8551dca.pkl,1
D:\08_Dataset\Internal\mar2020\pickle_files\896ecf44507a41dfb9d38542418d9cf1a8c4215f.pkl,1
D:\08_Dataset\Internal\mar2020\pickle_files\1415660b958479985b2940b3339c4697b55b2603.pkl,1
D:\08_Dataset\Internal\mar2020\pickle_files\3a1e37ee6b5ff9ba7b79a28a8286f628fb38d06f.pkl,1
D:\08_Dataset\Internal\mar2020\pickle_files\9ee232706f18a730ff5c51b7f311025027e38bdd.pkl,1
D:\08_Dataset\Internal\mar2020\pickle_files\7b29bbff5ca1a7fa9148e16331e1be6b94470747.pkl,1
D:\08_Dataset\Internal\mar2020\pickle_files\73414b383afb631850b50faae8f343a47a07499a.pkl,1
D:\08_Dataset\Internal\mar2020\pickle_files\7573b91a64f36cb1629de85fa1ccf7feabe2f2f8.pkl,1
D:\08_Dataset\Internal\mar2020\pickle_files\4f586a6052a75f6852a062fd7016b93be6ad1fc4.pkl,1
D:\08_Dataset\Internal\mar2020\pickle_files\5948b749618ac6a66ef46b0ed06f6a192eec1355.pkl,1
D:\08_Dataset\Internal\mar2020\pickle_files\c8872ab0ef7972de1de3e576be21683e33a7af79.pkl,1
D:\08_Dataset\Internal\mar2020\pickle_files\b70b2e20df0fc3d22edbd070205059bbc2c1b7a1.pkl,1
D:\08_Dataset\Internal\mar2020\pickle_files\02de1fbca4c600fff49c3a0a40bbe9ae54291584.pkl,1
D:\08_Dataset\Internal\mar2020\pickle_files\5263e49f18d9fc07f91ebb5a8e0f1080cdc916d8.pkl,1
D:\08_Dataset\Internal\mar2020\pickle_files\aadb2bafc8e9d5218826d4c97bed3686d9f94012.pkl,1
D:\08_Dataset\Internal\mar2020\pickle_files\34bb3d53a07d6ea9cc956502516db50ae8de82cb.pkl,1
D:\08_Dataset\Internal\mar2020\pickle_files\c545f53883491186a62fcfbae9f1149618875c1d.pkl,1
D:\08_Dataset\Internal\mar2020\pickle_files\9b904a042ba0dbf305e3e99858d4063dd24d3915.pkl,1
D:\08_Dataset\Internal\mar2020\pickle_files\e7beb27bc76ae07fadd59f3d407c0835dd7c61e1.pkl,1
D:\08_Dataset\Internal\mar2020\pickle_files\058e505b3a5bb8f0569c11b169291e5d10bc904a.pkl,1
D:\08_Dataset\Internal\mar2020\pickle_files\8619a7350fe7e6f06f0972eb06dcea6cf851a058.pkl,1
D:\08_Dataset\Internal\mar2020\pickle_files\8aea55b67fa344e271b79e6115bc83d87890d9c5.pkl,1
D:\08_Dataset\Internal\mar2020\pickle_files\0d51caf020315ac95734eb4249e94134ac563f4f.pkl,1
D:\08_Dataset\Internal\mar2020\pickle_files\6e38fa04db436dcface686b40e01de2b78138b4b.pkl,1
D:\08_Dataset\Internal\mar2020\pickle_files\66ddbcad6701530ebbffc3ce23ddb97af6016ca8.pkl,1
D:\08_Dataset\Internal\mar2020\pickle_files\919912475b21adb5f7cefa89220535e80c1c4d6d.pkl,1
D:\08_Dataset\Internal\mar2020\pickle_files\3e4b503426c353445a0eb89cbeb92e8f186ed8f3.pkl,1
D:\08_Dataset\Internal\mar2020\pickle_files\bfbed5cf8d6f1fa2b879d71288eb14143ceca6b7.pkl,1
D:\08_Dataset\Internal\mar2020\pickle_files\b9f200edf957177f3fe669a60a1dc630868f3477.pkl,1
D:\08_Dataset\Internal\mar2020\pickle_files\4f5fe13d771c5bb7ac6d2dce558fbae503080255.pkl,1
D:\08_Dataset\Internal\mar2020\pickle_files\da4ae0cbc9f1cbe7370a2ece5cdef6a73913a213.pkl,1
D:\08_Dataset\Internal\mar2020\pickle_files\9bb0121913ca3df7253fdb2ee56d75aa4d678b02.pkl,1
D:\08_Dataset\Internal\mar2020\pickle_files\d27fc13769464e8b58fdf9be6afed7d162b60de3.pkl,1
D:\08_Dataset\Internal\mar2020\pickle_files\d47576d7004fb7f9d661356d666c23dd94380d5a.pkl,1
D:\08_Dataset\Internal\mar2020\pickle_files\55ac5e265cb36c9e852beed8239b2cbc0df2d81f.pkl,1
D:\08_Dataset\Internal\mar2020\pickle_files\0e76ded4093ee6eb9f46e31c7a5faf8fb728434c.pkl,1
D:\08_Dataset\Internal\mar2020\pickle_files\6b7fddc574e385fa6e627c038a9c659277061c11.pkl,1
D:\08_Dataset\Internal\mar2020\pickle_files\a60dce8187cfa024cde2f808cd35471dc3f4cceb.pkl,1
D:\08_Dataset\Internal\mar2020\pickle_files\2373ffb1ee07201d0d652b35fa200305863f7308.pkl,1
D:\08_Dataset\Internal\mar2020\pickle_files\dfd9df6ccd91175d3c9e07d8632e55d895a2b189.pkl,1
D:\08_Dataset\Internal\mar2020\pickle_files\5af8342952d7cd1670725228cd565c8b4ed00c68.pkl,1
D:\08_Dataset\Internal\mar2020\pickle_files\d7e977c1ca768f96635d85b482fa20691112b184.pkl,1
D:\08_Dataset\Internal\mar2020\pickle_files\bf03cbadd817ebb5c5c231c217bcbe06ee35673a.pkl,1
D:\08_Dataset\Internal\mar2020\pickle_files\4213cfd4172ce3a1187c18a506b013cba1cd2e7c.pkl,1
D:\08_Dataset\Internal\mar2020\pickle_files\f557147543ba2446e3c3ced27d7959882088352b.pkl,1
D:\08_Dataset\Internal\mar2020\pickle_files\81f470214f23d13a0581c5191235d8de39080ebc.pkl,1
D:\08_Dataset\Internal\mar2020\pickle_files\a218d6d23b0b1f85bb99fb035e8aa54f2bf57896.pkl,1
D:\08_Dataset\Internal\mar2020\pickle_files\9e2a0fa269cdee28908ac06a038af71d35da64dc.pkl,1
D:\08_Dataset\Internal\mar2020\pickle_files\8f2b83f2146550f16900aaf14c63012f57fdcc9a.pkl,1
D:\08_Dataset\Internal\mar2020\pickle_files\0bbc3f09dbd3d0227a6588838d59c3a9f103cdef.pkl,1
D:\08_Dataset\Internal\mar2020\pickle_files\3fcdc6b908f109e8b16abdc7b89353a51c218e84.pkl,1
D:\08_Dataset\Internal\mar2020\pickle_files\5d6dbd2be5bb2259c031cfedabdead70a7179754.pkl,1
D:\08_Dataset\Internal\mar2020\pickle_files\5c090efaa10b2f0bc759095b7b8fd325222bc162.pkl,1
D:\08_Dataset\Internal\mar2020\pickle_files\dc82501c5995188c6f59efd865c888519b77f142.pkl,1
D:\08_Dataset\Internal\mar2020\pickle_files\516f970c2e491f1f6da793228f4943662eefb82d.pkl,1
D:\08_Dataset\Internal\mar2020\pickle_files\a0f7c145bd0abae59412bad3660eb639f75483f0.pkl,1
D:\08_Dataset\Internal\mar2020\pickle_files\e3620524c0678353b4d3a64dc374144523cfbb47.pkl,1
D:\08_Dataset\Internal\mar2020\pickle_files\2511b33dcb9ad41e8e7fded325260a343d53b9b6.pkl,1
D:\08_Dataset\Internal\mar2020\pickle_files\bbe96c730384149f2fd36d7cdca6ff16641d18f3.pkl,1
D:\08_Dataset\Internal\mar2020\pickle_files\45c707bce22ac581332dbd077e384dc0d6c0e1b3.pkl,1
D:\08_Dataset\Internal\mar2020\pickle_files\0ecc773b1f3f7c98e96b38d1b8e342112f9f6d87.pkl,1
D:\08_Dataset\Internal\mar2020\pickle_files\e5f7d8bb775f46ee362f266443cdd8bcc5a5807e.pkl,1
D:\08_Dataset\Internal\mar2020\pickle_files\9548caa1a11176d4922c7b3ddc45be1d0f74fafe.pkl,1
D:\08_Dataset\Internal\mar2020\pickle_files\a2d724bec756f8756cfcc0dbc2f9efe1f0b89d56.pkl,1
D:\08_Dataset\Internal\mar2020\pickle_files\f8a1dc7c4df816b51d6f01cf80182e43c89f41c6.pkl,1
D:\08_Dataset\Internal\mar2020\pickle_files\af35d9ff5cbb4b68581fa8acb2523baba05729c2.pkl,1
D:\08_Dataset\Internal\mar2020\pickle_files\72797cb577a5b52e5aa17543257b6f77de0f3606.pkl,1
D:\08_Dataset\Internal\mar2020\pickle_files\1b303ca4b8192ccc666eecccd985fb38de778384.pkl,1
D:\08_Dataset\Internal\mar2020\pickle_files\580ac69c23b974c92674702afa43dad079d9bf73.pkl,1
D:\08_Dataset\Internal\mar2020\pickle_files\728ac688571dc51ae4c951f1a93361788915f102.pkl,1
D:\08_Dataset\Internal\mar2020\pickle_files\a42d0012a1ee3301f80529b27646fa116e8da11b.pkl,1
D:\08_Dataset\Internal\mar2020\pickle_files\4668a761fabedcec813c375583a9cf88008df046.pkl,1
D:\08_Dataset\Internal\mar2020\pickle_files\fcabf4c29095e1b1b97f6c18a50afea9f350152f.pkl,1
D:\08_Dataset\Internal\mar2020\pickle_files\b2a81b82f7c3014616491a7ec07db3d3ed7b7e8d.pkl,1
D:\08_Dataset\Internal\mar2020\pickle_files\05caaa934f0ef5554fd8bc5cd659b39d1f87f04d.pkl,1
D:\08_Dataset\Internal\mar2020\pickle_files\0c42d64f76e4a37d55ea8492f3f832d081c1c396.pkl,1
D:\08_Dataset\Internal\mar2020\pickle_files\9464197eb734087bbee2ba96a90537d99ddf862c.pkl,1
D:\08_Dataset\Internal\mar2020\pickle_files\8b7f861dce895ea43e1e554bf1e0343daa1b58f0.pkl,1
D:\08_Dataset\Internal\mar2020\pickle_files\40087a8f8fc486c12a140095b0bdddd77c350a70.pkl,1
D:\08_Dataset\Internal\mar2020\pickle_files\5e441280e8b1013c38ac069132c24a0f12ebd74b.pkl,1
D:\08_Dataset\Internal\mar2020\pickle_files\b1dcb52b9b61d0a19f863afabe66951f56434c3f.pkl,1
D:\08_Dataset\Internal\mar2020\pickle_files\367525608d82f43cfb1e07f1a9163bbeb811bb9d.pkl,1
D:\08_Dataset\Internal\mar2020\pickle_files\d2dfa28743c99695a338c81b210728e9d2ea4617.pkl,1
D:\08_Dataset\Internal\mar2020\pickle_files\e7c991a18d333d7fe12159fd8669db89cd7dac8b.pkl,1
D:\08_Dataset\Internal\mar2020\pickle_files\95cf99f69c77e98664588fb92938b8e8658cf43d.pkl,1
D:\08_Dataset\Internal\mar2020\pickle_files\e2d37186157bcdae33d5635096222df01b4e3c54.pkl,1
D:\08_Dataset\Internal\mar2020\pickle_files\4c609558f348512abd9152bbb1e283113f9ffe40.pkl,1
D:\08_Dataset\Internal\mar2020\pickle_files\1cd6f24295b96f1e20e707864ed9e6a313743997.pkl,1
D:\08_Dataset\Internal\mar2020\pickle_files\889664092a5cefbc37bdf3fa0a765bca836c6219.pkl,1
D:\08_Dataset\Internal\mar2020\pickle_files\250d09eeb375401c6f3d828d9c368f046b0710d1.pkl,1
D:\08_Dataset\Internal\mar2020\pickle_files\12082a483571e41b43b2dd2a9df2338f8e365cc8.pkl,1
D:\08_Dataset\Internal\mar2020\pickle_files\84876417edcab35aa0595ec5d356fee52d4d6398.pkl,1
D:\08_Dataset\Internal\mar2020\pickle_files\0eed8665d7d9617e2bf5cfcd3e900552b612f630.pkl,1
D:\08_Dataset\Internal\mar2020\pickle_files\0174646444e22285f9b3fcf15944b7d178647a21.pkl,1
D:\08_Dataset\Internal\mar2020\pickle_files\0e1c46d4f1ce06c5a94d4df490e51238fae687e2.pkl,1
D:\08_Dataset\Internal\mar2020\pickle_files\29cf13144e6c18e39a645412fd91ca54aad7b5d3.pkl,1
D:\08_Dataset\Internal\mar2020\pickle_files\29518b53b86e19f6c0bff8403c150b02765c692a.pkl,1
D:\08_Dataset\Internal\mar2020\pickle_files\fcab8b5da19823a562f3ab606efc0a6a1433eb6b.pkl,1
D:\08_Dataset\Internal\mar2020\pickle_files\8c4dc51fb5ca065976b63d7faf48dd85f9922968.pkl,1
D:\08_Dataset\Internal\mar2020\pickle_files\02a0f705a3c6351e6e64adbd97d59dcbe1a5c89c.pkl,1
D:\08_Dataset\Internal\mar2020\pickle_files\4eb15f49dc80318dcfb30138684bcb1aa5a015ba.pkl,1
D:\08_Dataset\Internal\mar2020\pickle_files\37c823c5696c9e6a810f2961ffac747f971fa782.pkl,1
D:\08_Dataset\Internal\mar2020\pickle_files\2b7c523611118aac8af1a12926205f34d3b53767.pkl,1
D:\08_Dataset\Internal\mar2020\pickle_files\9b616ae2574ce6d9760317becfbbb9e5dd9e9f9a.pkl,1
D:\08_Dataset\Internal\mar2020\pickle_files\496f548b5a1f61f4277b739dae31f23b2e5480bf.pkl,1
D:\08_Dataset\Internal\mar2020\pickle_files\999cadfca55500d3650b4d39ee21d95b4aa48be0.pkl,1
D:\08_Dataset\Internal\mar2020\pickle_files\3a15681a2554048dbb63a791f1e0a4d659a31344.pkl,1
D:\08_Dataset\Internal\mar2020\pickle_files\98e0d49b6f9a0d7b23309a6e63d0732e55be6781.pkl,1
D:\08_Dataset\Internal\mar2020\pickle_files\fc5e1bf687a570fbd4d55c853946d6b5e05d2904.pkl,1
D:\08_Dataset\Internal\mar2020\pickle_files\e64d22b0b78c3e9237fed0cb6b6421f86a8b032f.pkl,1
D:\08_Dataset\Internal\mar2020\pickle_files\db0b2159d805a8eb15f7f67d5c5ed52166f629ea.pkl,1
D:\08_Dataset\Internal\mar2020\pickle_files\9b86c0f286559f0d7e0b8279630eae28df09f73b.pkl,1
D:\08_Dataset\Internal\mar2020\pickle_files\37ad36f2a64e2c5ce269b06fec651fb463ca783e.pkl,1
D:\08_Dataset\Internal\mar2020\pickle_files\6b7ac9d656a91666ea8ea126a498a7d989688c62.pkl,1
D:\08_Dataset\Internal\mar2020\pickle_files\fd05abbb63b90205b3a2d259e83b1c76adabf0ce.pkl,1
D:\08_Dataset\Internal\mar2020\pickle_files\748468d9c8f2d9db972f56208900553ee3d06121.pkl,1
D:\08_Dataset\Internal\mar2020\pickle_files\17149148248ae780682e2c91aafbd6d9b3047ff2.pkl,1
D:\08_Dataset\Internal\mar2020\pickle_files\042b572f420d26ad287b8d329f5eac8291c26160.pkl,1
D:\08_Dataset\Internal\mar2020\pickle_files\f4c717eeacd1a82d9b52c5c2dea7f7f78fd62bb4.pkl,1
D:\08_Dataset\Internal\mar2020\pickle_files\b7be9e61fda81e9526cc157bf91e9b851c8f81ce.pkl,1
D:\08_Dataset\Internal\mar2020\pickle_files\654514f1c25b5c34e7a1cb46fbd191201c46bac7.pkl,1
D:\08_Dataset\Internal\mar2020\pickle_files\3349e20b097fa992041b85474b0341ab6d36c986.pkl,1
D:\08_Dataset\Internal\mar2020\pickle_files\ca1b7813091c985ee9ba1d405ce56e52da425557.pkl,1
D:\08_Dataset\Internal\mar2020\pickle_files\36f65c10449738891c07af85cf26af59058c1792.pkl,1
D:\08_Dataset\Internal\mar2020\pickle_files\f304a87f75c65e08394c0c84d2416939843a3eb0.pkl,1
D:\08_Dataset\Internal\mar2020\pickle_files\76dfd190e930b6a9b2d85ae972747dd30a96b907.pkl,1
D:\08_Dataset\Internal\mar2020\pickle_files\b6612b5dfbc44fdc1a02704132967f2aa134ba06.pkl,1
D:\08_Dataset\Internal\mar2020\pickle_files\655a4dcb1fd5a5b564dc6c6b88c015b51b5ddb1b.pkl,1
D:\08_Dataset\Internal\mar2020\pickle_files\c1803d9719a58321c2800cab7b9b69d2ab07e2b8.pkl,1
D:\08_Dataset\Internal\mar2020\pickle_files\1d0268e17ce4e4d0dce4073ebd8ae6457425cd4a.pkl,1
D:\08_Dataset\Internal\mar2020\pickle_files\e594384f4ea452b1dd2f7f1025463fdbcdc0bbd6.pkl,1
D:\08_Dataset\Internal\mar2020\pickle_files\a2217e5c217495de36e05deb8020b9517423bf99.pkl,1
D:\08_Dataset\Internal\mar2020\pickle_files\e4d35f09c0a40ff112f5b15290dfa9d973897e40.pkl,1
D:\08_Dataset\Internal\mar2020\pickle_files\f62017eb91cd04b23b4243993584a66c4054ff58.pkl,1
D:\08_Dataset\Internal\mar2020\pickle_files\d0e39e7e5b118055090b99cefeefa2c60082a501.pkl,1
D:\08_Dataset\Internal\mar2020\pickle_files\a05952be78631399f0f1292e6b5c54967b804b9d.pkl,1
D:\08_Dataset\Internal\mar2020\pickle_files\c9bca9f9559f8fb5314185225d6083547fc6ea88.pkl,1
D:\08_Dataset\Internal\mar2020\pickle_files\def03c0667cdaf9b910efb36fdd632ba8406ed60.pkl,1
D:\08_Dataset\Internal\mar2020\pickle_files\6d5f9ab32d4f000ef22a05165f80f984dcf18d1d.pkl,1
D:\08_Dataset\Internal\mar2020\pickle_files\5d752a0fb1dafb5bef2d6370a12edf9486585e28.pkl,1
D:\08_Dataset\Internal\mar2020\pickle_files\6d0e0350bb0624bb1e91aab9de2c4c59dd473eca.pkl,1
D:\08_Dataset\Internal\mar2020\pickle_files\69fa89725d6e3bc51becb27a23678ec8049942f7.pkl,1
D:\08_Dataset\Internal\mar2020\pickle_files\4578621792bfdb23ebd5445106b938ecedbc91a7.pkl,1
D:\08_Dataset\Internal\mar2020\pickle_files\8f9733d0767d65f66ce6e8a8e4526d4b376c2828.pkl,1
D:\08_Dataset\Internal\mar2020\pickle_files\e673d45b23274e91e298459cde76fbcd3989405f.pkl,1
D:\08_Dataset\Internal\mar2020\pickle_files\f2623b3bf59dd844f9478bcc60538dd6efd3fc58.pkl,1
D:\08_Dataset\Internal\mar2020\pickle_files\cec6e3ffb2e0a8d1f2733fff98431fbf71262805.pkl,1
D:\08_Dataset\Internal\mar2020\pickle_files\a261d22c39278732285de063223662671c9cb318.pkl,1
D:\08_Dataset\Internal\mar2020\pickle_files\5a84a4535f7e62bfb266d907af332e02a6fc5fab.pkl,1
D:\08_Dataset\Internal\mar2020\pickle_files\6dff21404f5acf1a258150f55c6c77437245158e.pkl,1
D:\08_Dataset\Internal\mar2020\pickle_files\87380ea590bb1751837375b3d1f6d50fcedf1257.pkl,1
D:\08_Dataset\Internal\mar2020\pickle_files\3749225e056289eb5cfec64167e1c190037cc8e8.pkl,1
D:\08_Dataset\Internal\mar2020\pickle_files\9e14b28b6b1fd175b5f308bd1b662bdada528436.pkl,1
D:\08_Dataset\Internal\mar2020\pickle_files\d3ef5750c2d6917b71aeab7545fb5c9b334d3a2a.pkl,1
D:\08_Dataset\Internal\mar2020\pickle_files\fec46d313c38d31b2971cd9e4f71dfe25934afe5.pkl,1
D:\08_Dataset\Internal\mar2020\pickle_files\780c0bc1683c9e1530718b805ea0facbeb3afa65.pkl,1
D:\08_Dataset\Internal\mar2020\pickle_files\df10367c570939f9a0cfa56ce4d98e605a6ecb56.pkl,1
D:\08_Dataset\Internal\mar2020\pickle_files\24871b2090beeccd47dba317611fb94a7e0cce4a.pkl,1
D:\08_Dataset\Internal\mar2020\pickle_files\382c422f051f4c0a68699d1dbb0e80c98c5290d8.pkl,1
D:\08_Dataset\Internal\mar2020\pickle_files\0f2db76c9a73dd6acb080923487dae3b962beac2.pkl,1
D:\08_Dataset\Internal\mar2020\pickle_files\b1d8254c822d8029a684c80529bb51b2e18d6fc4.pkl,1
D:\08_Dataset\Internal\mar2020\pickle_files\314cdcf625b05be78a0a18f79c585f41bef5db92.pkl,1
D:\08_Dataset\Internal\mar2020\pickle_files\d82f2fc9e8fc77e1f3e3a2c1d346b3e0407dd674.pkl,1
D:\08_Dataset\Internal\mar2020\pickle_files\a34b897432ab1f37ae8991d7cedd2dc30d56266a.pkl,1
D:\08_Dataset\Internal\mar2020\pickle_files\d8517c1a358f160555f6e7e745dfe96540d77c76.pkl,1
D:\08_Dataset\Internal\mar2020\pickle_files\886d8ee23b9d01439db81439b7ed82765cd74ce9.pkl,1
D:\08_Dataset\Internal\mar2020\pickle_files\3def4eff65be122536286ad4db41034d711a944e.pkl,1
D:\08_Dataset\Internal\mar2020\pickle_files\dca14e2c5f985eaf37e9b0e2b654e91fd6da6bcd.pkl,1
D:\08_Dataset\Internal\mar2020\pickle_files\d725ca4360c4a73548885bd7b39bcb9e1b8e1d28.pkl,1
D:\08_Dataset\Internal\mar2020\pickle_files\e07b4550424cf2a86bf59159b3c36632f7ec2671.pkl,1
D:\08_Dataset\Internal\mar2020\pickle_files\10d53c0a0d988f9f016581030a6ab6a6dbc6081d.pkl,1
D:\08_Dataset\Internal\mar2020\pickle_files\f4fac873c52e595e13c03c39861a35fbcf307ab3.pkl,1
D:\08_Dataset\Internal\mar2020\pickle_files\01f7088d78655f05e96c772f7f51533c43190884.pkl,1
D:\08_Dataset\Internal\mar2020\pickle_files\f30f85476d626555a3d28608d2e702fa89177663.pkl,1
D:\08_Dataset\Internal\mar2020\pickle_files\87e409f085df735a45978e793ae43f2f91243012.pkl,1
D:\08_Dataset\Internal\mar2020\pickle_files\09fbc7d64ccdf8bb33b7ed0c47b048ce167cb394.pkl,1
D:\08_Dataset\Internal\mar2020\pickle_files\c1af49eabd55a29cbf60f0017adfcbf3be4a1ae3.pkl,1
D:\08_Dataset\Internal\mar2020\pickle_files\76c6a951fdb5a0bc6bac8f55a55eb692172b0c2a.pkl,1
D:\08_Dataset\Internal\mar2020\pickle_files\4671694741b7f6d55854d4c456a8afdf24365cda.pkl,1
D:\08_Dataset\Internal\mar2020\pickle_files\d5f59f43706106b452453db82bcb6fd5ee0f1b07.pkl,1
D:\08_Dataset\Internal\mar2020\pickle_files\4dd12a2e0c5aa51a6613724dccb2e4fe28c07b59.pkl,1
D:\08_Dataset\Internal\mar2020\pickle_files\e519a904d23948788ed94a0b5162c26d54467525.pkl,1
D:\08_Dataset\Internal\mar2020\pickle_files\f456f1be5da59a3831777615db99ed68e60881f0.pkl,1
D:\08_Dataset\Internal\mar2020\pickle_files\d801c4f9ab3bd08339c3f3e8337b51c499f488af.pkl,1
D:\08_Dataset\Internal\mar2020\pickle_files\fce76850cd1caa6b8375fbed230d11e96b18817a.pkl,1
D:\08_Dataset\Internal\mar2020\pickle_files\c0cc89256e726c886c28ebf547a8ee4b6827a18a.pkl,1
D:\08_Dataset\Internal\mar2020\pickle_files\37b42782d1e08972a1e78c7f03517b79b2f68f63.pkl,1
D:\08_Dataset\Internal\mar2020\pickle_files\a9e911cbfb50632c7d77fd5256602e358ae3d27b.pkl,1
D:\08_Dataset\Internal\mar2020\pickle_files\e643ba403c7ed0e297fb831758af54ab4a927a5f.pkl,1
D:\08_Dataset\Internal\mar2020\pickle_files\d74e30d1c8be36ea56a20efb6fc22da655e4a904.pkl,1
D:\08_Dataset\Internal\mar2020\pickle_files\4ec8443d6e4f530cd980a9040f9e4e1fb9a078c4.pkl,1
D:\08_Dataset\Internal\mar2020\pickle_files\0463cbd0a78fd96f33ffb79a2e4c3795987e1372.pkl,1
D:\08_Dataset\Internal\mar2020\pickle_files\d29e71155c7bda3626d4fd9eefa491c1357933db.pkl,1
D:\08_Dataset\Internal\mar2020\pickle_files\f7a9ad7c6eeff1cac265b389c25c9bc4d0caf469.pkl,1
D:\08_Dataset\Internal\mar2020\pickle_files\910f1b9831745cfbe444b6d0d309bba89a10dd0c.pkl,1
D:\08_Dataset\Internal\mar2020\pickle_files\71f7865170d99343a63a85a2f416e269c84afddc.pkl,1
D:\08_Dataset\Internal\mar2020\pickle_files\0d979bbfd95bd4c3ff58121304674ff4460f8f11.pkl,1
D:\08_Dataset\Internal\mar2020\pickle_files\2cf5724d8cc79fe3f25b5680ebc85b38d94ca3d2.pkl,1
D:\08_Dataset\Internal\mar2020\pickle_files\d38ecf9a6e8fbc783c944bdbfcd94e59dca8cf90.pkl,1
D:\08_Dataset\Internal\mar2020\pickle_files\fa74cd6f5627564b1b5d41a506f47c4dbeeed3b0.pkl,1
D:\08_Dataset\Internal\mar2020\pickle_files\8c3017bfb77b49471369541e94644c5927a2fadf.pkl,1
D:\08_Dataset\Internal\mar2020\pickle_files\da931d9fe6895424371c9fd576a8dbc78d25a2bc.pkl,1
D:\08_Dataset\Internal\mar2020\pickle_files\8b5929c2cc343a79d0f7908f94efb4ae863d8221.pkl,1
D:\08_Dataset\Internal\mar2020\pickle_files\be5a75a45c357f2acb5da9151b98fa97e3e288bd.pkl,1
D:\08_Dataset\Internal\mar2020\pickle_files\12e3e8bf55a853cc5d64d637d78979aa58c40bea.pkl,1
D:\08_Dataset\Internal\mar2020\pickle_files\f8765a74fe18c9e8babf83306e39775aed0a10d8.pkl,1
D:\08_Dataset\Internal\mar2020\pickle_files\cd1ede1b8b568f87efc0c999d7839fd88099b533.pkl,1
D:\08_Dataset\Internal\mar2020\pickle_files\9498ebfced984f829c21f4b072cd8afa54e30bd7.pkl,1
D:\08_Dataset\Internal\mar2020\pickle_files\c3fc1cf85f0dd61a684a830384671f57163c94cd.pkl,1
D:\08_Dataset\Internal\mar2020\pickle_files\787cb7c1e1d4e634292ee90d64caa5f72ed6d0ba.pkl,1
D:\08_Dataset\Internal\mar2020\pickle_files\8d580f80c50c0bf14c0c123108911e97512173ab.pkl,1
D:\08_Dataset\Internal\mar2020\pickle_files\24d05a8f955a76ff8c7e13a77ad0be5a53f7c806.pkl,1
D:\08_Dataset\Internal\mar2020\pickle_files\0af4ebed77854e08d4dc1a2d118212f6d2227a91.pkl,1
D:\08_Dataset\Internal\mar2020\pickle_files\2aa7efeb03d8dee4cb72b44af5610c903e4a1342.pkl,1
D:\08_Dataset\Internal\mar2020\pickle_files\d649600d9ad7c54948b2790fb60d8ea6c1dc6cc3.pkl,1
D:\08_Dataset\Internal\mar2020\pickle_files\ea407c14441f6dfcb1ebfe41c05be989dc51b9a3.pkl,1
D:\08_Dataset\Internal\mar2020\pickle_files\53507a25db2c27ea8fc6f57f79b14694f42ceb84.pkl,1
D:\08_Dataset\Internal\mar2020\pickle_files\bc2ee4adef5498c5748d3a472d71d1e465e9563d.pkl,1
D:\08_Dataset\Internal\mar2020\pickle_files\0995b5299f194859394f7abd844f65269e72e077.pkl,1
D:\08_Dataset\Internal\mar2020\pickle_files\0b8285aee68ab8668c55e335c3a4c79ae6a1bd9a.pkl,1
D:\08_Dataset\Internal\mar2020\pickle_files\89c56e48912712b9b501585c89860b702ad1a273.pkl,1
D:\08_Dataset\Internal\mar2020\pickle_files\46a9d2135462d2898fe0fdd7bc268a5cbe6adf71.pkl,1
D:\08_Dataset\Internal\mar2020\pickle_files\d11620936ace0c03befd499d20c7eb6c1d97c1c2.pkl,1
D:\08_Dataset\Internal\mar2020\pickle_files\8f3015281281e0064e59fbd314b3d2431d0e497a.pkl,1
D:\08_Dataset\Internal\mar2020\pickle_files\403d97155f2bcde0c04e6993c67a0172d48ce5bb.pkl,1
D:\08_Dataset\Internal\mar2020\pickle_files\742c65eb139eef26324462f41109c6de5ba78e77.pkl,1
D:\08_Dataset\Internal\mar2020\pickle_files\00c53b03f90d51921b7741e1a50fb1a832c6b8a3.pkl,1
D:\08_Dataset\Internal\mar2020\pickle_files\61a713c83af598f5661077c231185cc0c23f49bb.pkl,1
D:\08_Dataset\Internal\mar2020\pickle_files\d789f48d52f2d936a849bf398ee37658cccd08f0.pkl,1
D:\08_Dataset\Internal\mar2020\pickle_files\c7a18015667aa6dbbb0cd0701955cfa68d6caf71.pkl,1
D:\08_Dataset\Internal\mar2020\pickle_files\5b72906a9e5ab8445a6aa466bfea380929156fad.pkl,1
D:\08_Dataset\Internal\mar2020\pickle_files\5c00d722795e92dc1f138c41379762b7ecdc5f3a.pkl,1
D:\08_Dataset\Internal\mar2020\pickle_files\3024f146ae4609d3fa1fed7ea62595d8b8f74fca.pkl,1
D:\08_Dataset\Internal\mar2020\pickle_files\88075f29fae8a8a3a838b693ebd5176b7137c636.pkl,1
D:\08_Dataset\Internal\mar2020\pickle_files\3ff8db60bea80d10f9564967e2ff92611455dd64.pkl,1
D:\08_Dataset\Internal\mar2020\pickle_files\e1b8890e8492914da613dd693a5ca63cdd5b713d.pkl,1
D:\08_Dataset\Internal\mar2020\pickle_files\90526ce6a012e29a345bf7594d13618c149ba616.pkl,1
D:\08_Dataset\Internal\mar2020\pickle_files\9510b42be7fca44d9b8e6df8cbd8e395a833cebb.pkl,1
D:\08_Dataset\Internal\mar2020\pickle_files\d27ffae786aed7c6a0f25ceba73f38cea21739b7.pkl,1
D:\08_Dataset\Internal\mar2020\pickle_files\d25b5ae2ae6a99910282840596d4ced7390cffda.pkl,1
D:\08_Dataset\Internal\mar2020\pickle_files\eb65718dbf53326d6a8596d0491ad446643eb09e.pkl,1
D:\08_Dataset\Internal\mar2020\pickle_files\a580ba730117ee9d28913fd659984b46fb7a675d.pkl,1
D:\08_Dataset\Internal\mar2020\pickle_files\a340424d0bee8a1741823311bb41902cd390f45c.pkl,1
D:\08_Dataset\Internal\mar2020\pickle_files\4c8081ebf1cf370ac9ec7c920bbebbb1799135db.pkl,1
D:\08_Dataset\Internal\mar2020\pickle_files\40dbee1a7a46fc36e811fd936c6a21b674973aa9.pkl,1
D:\08_Dataset\Internal\mar2020\pickle_files\7d5a1ff9679ca03dd5e3c9680cdd5b9123f93b82.pkl,1
D:\08_Dataset\Internal\mar2020\pickle_files\01573594f6d39c57dd0de7e5f14edbc179771cdf.pkl,1
D:\08_Dataset\Internal\mar2020\pickle_files\2cb6a73130001f64f889731293fbb69a9a217fff.pkl,1
D:\08_Dataset\Internal\mar2020\pickle_files\f471d2db0465c146b3d748b7adefbc00e2fe4c9b.pkl,1
D:\08_Dataset\Internal\mar2020\pickle_files\cbaa2eb3d5692b533caebcf59ab7301883315a75.pkl,1
D:\08_Dataset\Internal\mar2020\pickle_files\31cca0f20f2dc80514b787b0365ccb8b5db43886.pkl,1
D:\08_Dataset\Internal\mar2020\pickle_files\db51b6ee3ba6130bd9ebe599bd16f3119967848a.pkl,1
D:\08_Dataset\Internal\mar2020\pickle_files\883e8203447b5695d01f04962a7c88bcfc99f0e6.pkl,1
D:\08_Dataset\Internal\mar2020\pickle_files\f03fdfaa2e248b53fc4943b5dcfe2138e8405997.pkl,1
D:\08_Dataset\Internal\mar2020\pickle_files\961f61035ece6720d248b396aa48a082211564f0.pkl,1
D:\08_Dataset\Internal\mar2020\pickle_files\15d5fef2312f95577814a1dae1757ef62eda0ef6.pkl,1
D:\08_Dataset\Internal\mar2020\pickle_files\385e0670638b51a91f47fb7438dd44b39eee7000.pkl,1
D:\08_Dataset\Internal\mar2020\pickle_files\8cbbd9f89f2b7fb76ed5cb2ce53e30a7a7c1c4e4.pkl,1
D:\08_Dataset\Internal\mar2020\pickle_files\719d329903209f5900bc75e381cd364ef652d157.pkl,1
D:\08_Dataset\Internal\mar2020\pickle_files\7861082dba14f717cefb7c5375c4074003c71930.pkl,1
D:\08_Dataset\Internal\mar2020\pickle_files\ab27714430d9ac5e11ab96553712f9d3a6556e18.pkl,1
D:\08_Dataset\Internal\mar2020\pickle_files\b5d4cf224185622641ed4ffdb06c89588800e94d.pkl,1
D:\08_Dataset\Internal\mar2020\pickle_files\767067ea866a1e8a76a834b2f8b0062073488f0d.pkl,1
D:\08_Dataset\Internal\mar2020\pickle_files\ff681a32b317f7d5c2e18b881221bbad612cb2da.pkl,1
D:\08_Dataset\Internal\mar2020\pickle_files\e2fe3cbfc7c9d3b273a113081c79bfa6dabda0ea.pkl,1
D:\08_Dataset\Internal\mar2020\pickle_files\f1e7219692b163245c481b75aad83e03fef06963.pkl,1
D:\08_Dataset\Internal\mar2020\pickle_files\c9bc90120b177573d5a59aac6f62aeea0e00491d.pkl,1
D:\08_Dataset\Internal\mar2020\pickle_files\3f4112d439828792c4f7226584a793a190285b8d.pkl,1
D:\08_Dataset\Internal\mar2020\pickle_files\c1c630e1e02064375dc5f78ccae5a24339453995.pkl,1
D:\08_Dataset\Internal\mar2020\pickle_files\93a447dc624e0b13dd6d7c9dc9b3cb180e4e84e0.pkl,1
D:\08_Dataset\Internal\mar2020\pickle_files\8fcacbb4b292f40042c06491718b702572c09dd1.pkl,1
D:\08_Dataset\Internal\mar2020\pickle_files\b0752c5ed1dd51f20cc405cd6e394cbfbb47beae.pkl,1
D:\08_Dataset\Internal\mar2020\pickle_files\c35793084ca8017f95b20ad4093a720515830600.pkl,1
D:\08_Dataset\Internal\mar2020\pickle_files\33b0de6145fa4617d5d8e2d9c9027778898a5295.pkl,1
D:\08_Dataset\Internal\mar2020\pickle_files\44211ec8d71afe2369bf3e818dc3a62e269eca71.pkl,1
D:\08_Dataset\Internal\mar2020\pickle_files\49c4421b8dec4bc44ad580b3006a4fbed43f6e46.pkl,1
D:\08_Dataset\Internal\mar2020\pickle_files\22d364c2442939eeed78f257827a432662fc22c5.pkl,1
D:\08_Dataset\Internal\mar2020\pickle_files\858d48aa79ece00ea30e44bbf0b4c640c39a7c6c.pkl,1
D:\08_Dataset\Internal\mar2020\pickle_files\43f0cbd0dfa38223868be1478764b0db7d882fca.pkl,1
D:\08_Dataset\Internal\mar2020\pickle_files\9ee6134d734faaa2cde2d0e0a793481ff5be85e9.pkl,1
D:\08_Dataset\Internal\mar2020\pickle_files\e82ee60ee3c1b5e5cf1e1c0975376fee912250fb.pkl,1
D:\08_Dataset\Internal\mar2020\pickle_files\5ccf3ca3b9866e9c5373a0a19586279848665671.pkl,1
D:\08_Dataset\Internal\mar2020\pickle_files\bac7ea33f2edaf54f97746d204b6566bf116a031.pkl,1
D:\08_Dataset\Internal\mar2020\pickle_files\d9ab9af21e99864e5fe09f23fe31b134118b07cd.pkl,1
D:\08_Dataset\Internal\mar2020\pickle_files\3b3cf9e0371e729b9d6afcebcf26010baac2337b.pkl,1
D:\08_Dataset\Internal\mar2020\pickle_files\3ca29b998e93964e9b6058bc5fd573ac6649ddc8.pkl,1
D:\08_Dataset\Internal\mar2020\pickle_files\cfbdded622d2d57921c117fc97aa44ea16aea96a.pkl,1
D:\08_Dataset\Internal\mar2020\pickle_files\2c3d186ac6df475ebdc0d6a53f604ae0351327f5.pkl,1
D:\08_Dataset\Internal\mar2020\pickle_files\89c68e3888384d11e4e8e6e3e310dcd60aa4bdf5.pkl,1
D:\08_Dataset\Internal\mar2020\pickle_files\4df9af876ac77a1543d2f1e4ad73c5a0b842aef0.pkl,1
D:\08_Dataset\Internal\mar2020\pickle_files\c4a62a951880e286ba27da46bae72d007f62dfc5.pkl,1
D:\08_Dataset\Internal\mar2020\pickle_files\0c14007606f1c7fb8d68b423efdb6192def3cc9b.pkl,1
D:\08_Dataset\Internal\mar2020\pickle_files\22cd4f7cf435a8c0417c42a4938a2d4e7f694ff8.pkl,1
D:\08_Dataset\Internal\mar2020\pickle_files\8e1da89038447de900b3dea7a5554808a850a2dc.pkl,1
D:\08_Dataset\Internal\mar2020\pickle_files\17d06ee481c9f0918bf18a770a514768a21f8669.pkl,1
D:\08_Dataset\Internal\mar2020\pickle_files\40d2ca9de70eb782e2b17185df36f01e2e0d3fea.pkl,1
D:\08_Dataset\Internal\mar2020\pickle_files\c66aa57db259f26766086182821efdb2da53db4d.pkl,1
D:\08_Dataset\Internal\mar2020\pickle_files\db68e41040055c5af533ca0b852da7922f802865.pkl,1
D:\08_Dataset\Internal\mar2020\pickle_files\2fc1415a3f583ead98c8491f0b036429c3f9f3ac.pkl,1
D:\08_Dataset\Internal\mar2020\pickle_files\836514ae67a5e90b590a830926698d2b506177f7.pkl,1
D:\08_Dataset\Internal\mar2020\pickle_files\74b6e1b774fe35cc870c9251fd5b906a1c0a5289.pkl,1
D:\08_Dataset\Internal\mar2020\pickle_files\aa4534858ec38d11ba3f33bb321fccda37c58547.pkl,1
D:\08_Dataset\Internal\mar2020\pickle_files\8da947f148969b003ac95e506200abd97298a28c.pkl,1
D:\08_Dataset\Internal\mar2020\pickle_files\ed6ec80dca85ed2afd52536cab08186ae7dd20a1.pkl,1
D:\08_Dataset\Internal\mar2020\pickle_files\d01868cea12175e969140a3c771c7fd775630056.pkl,1
D:\08_Dataset\Internal\mar2020\pickle_files\b0885a29c13b6c2133ce04270cc4c499821a0e19.pkl,1
D:\08_Dataset\Internal\mar2020\pickle_files\8e109c07fcccd2f881a4f865bc616a2d9b025dc0.pkl,1
D:\08_Dataset\Internal\mar2020\pickle_files\c7624ca83b5a44a6b47542cc860311c6608814f0.pkl,1
D:\08_Dataset\Internal\mar2020\pickle_files\22775735622cdc919be2abf44115e0ecdb5a8b66.pkl,1
D:\08_Dataset\Internal\mar2020\pickle_files\d5cf1dc2beaf83b0763c70c456b29a73e48a3f50.pkl,1
D:\08_Dataset\Internal\mar2020\pickle_files\98d3686437fedec9f8ae06bb3063642dfb6ee413.pkl,1
D:\08_Dataset\Internal\mar2020\pickle_files\1433a9a82cd7c474860708d3b89a66afa9b097a9.pkl,1
D:\08_Dataset\Internal\mar2020\pickle_files\7c2334b17c7fd9e45c34bf7f045132b5a5d036f1.pkl,1
D:\08_Dataset\Internal\mar2020\pickle_files\b144397d88cfa59ca92e253f6c2dbd06f49beee3.pkl,1
D:\08_Dataset\Internal\mar2020\pickle_files\33d18201c0d2fe7b677300a30a95f692e76c5a3d.pkl,1
D:\08_Dataset\Internal\mar2020\pickle_files\82447f22fa4d3f9de55dabad79f139cad3e6a442.pkl,1
D:\08_Dataset\Internal\mar2020\pickle_files\1c0c0651f8e47880289e3ff74930c1058bc7359b.pkl,1
D:\08_Dataset\Internal\mar2020\pickle_files\8f4ee6caa3f8f463fed9c8f018b7309f407f0050.pkl,1
D:\08_Dataset\Internal\mar2020\pickle_files\4090a019d8924ce75757d64c42cbdf0aacc976b4.pkl,1
D:\08_Dataset\Internal\mar2020\pickle_files\595684ccadc7091a505ada4814fc4ba13ee9c65c.pkl,1
D:\08_Dataset\Internal\mar2020\pickle_files\07952e77689c9a0c90926f6ee87ef600c5855c4c.pkl,1
D:\08_Dataset\Internal\mar2020\pickle_files\87c4182546db99689c2e8a13596d1134238ded01.pkl,1
D:\08_Dataset\Internal\mar2020\pickle_files\ac66b9f08ab24540916340a0a35c01587f99da24.pkl,1
D:\08_Dataset\Internal\mar2020\pickle_files\9fd3e7ceed52f798d446017170328c9dac0e4c65.pkl,1
D:\08_Dataset\Internal\mar2020\pickle_files\557334145aaebf1fd3a4b06cce16e4d0b67738b1.pkl,1
D:\08_Dataset\Internal\mar2020\pickle_files\e5cbe34500c51b4a643acfa26cd783d1c3998d6f.pkl,1
D:\08_Dataset\Internal\mar2020\pickle_files\67451aa0a2384123ee86240e74ca8b9920f9ac4f.pkl,1
D:\08_Dataset\Internal\mar2020\pickle_files\0efdbdc4782df9fd7f3d6acdba79449f9afd2a54.pkl,1
D:\08_Dataset\Internal\mar2020\pickle_files\da774616979566c191eab88e23d7fc9f30a5190d.pkl,1
D:\08_Dataset\Internal\mar2020\pickle_files\d2d5dedf76707d0e55edf4d5c1130f1120f14265.pkl,1
D:\08_Dataset\Internal\mar2020\pickle_files\00f49ef0c6ec348788e6b47eed8a79f0ca0184ec.pkl,1
D:\08_Dataset\Internal\mar2020\pickle_files\61bace180b3ba455be41e3a32a098730b54b6776.pkl,1
D:\08_Dataset\Internal\mar2020\pickle_files\f9e64208e90b8515801a9429cfaf8e064ca44ec1.pkl,1
D:\08_Dataset\Internal\mar2020\pickle_files\fe0100e0ac1bdf2a0a81e193e214cf67c6dc5862.pkl,1
D:\08_Dataset\Internal\mar2020\pickle_files\55292f9cbbf66e58e4e71aa3a0550b3976523da2.pkl,1
D:\08_Dataset\Internal\mar2020\pickle_files\cf43a27dee39753a390576e4901d8d2fd7612c69.pkl,1
D:\08_Dataset\Internal\mar2020\pickle_files\de085fa0924dd459fa067ade0662f4661d063a27.pkl,1
D:\08_Dataset\Internal\mar2020\pickle_files\ebd3192f473d9cdd9ad7286257b240c877641e4e.pkl,1
D:\08_Dataset\Internal\mar2020\pickle_files\ad37996938530a80e2c4c687f011337313098b0d.pkl,1
D:\08_Dataset\Internal\mar2020\pickle_files\12b3a8a4530e2242ba6a82aae6749ccac485f78d.pkl,1
D:\08_Dataset\Internal\mar2020\pickle_files\067ab66291b2b27d406b7328c6b62010e5de7410.pkl,1
D:\08_Dataset\Internal\mar2020\pickle_files\2d4069d2b4ab3b58746768445a3d0eba0b8b316d.pkl,1
D:\08_Dataset\Internal\mar2020\pickle_files\9d154bdffbdca66f168f0e60aadfef7b1bf4425f.pkl,1
D:\08_Dataset\Internal\mar2020\pickle_files\e591b958efe2906c19e859dc1f4f0e1871a8fa4a.pkl,1
D:\08_Dataset\Internal\mar2020\pickle_files\72aae9d59ef5d692907212eeeb2fdb9f6fc9d33c.pkl,1
D:\08_Dataset\Internal\mar2020\pickle_files\a6c0483760323cfa3e835b94270d7c7568176854.pkl,1
D:\08_Dataset\Internal\mar2020\pickle_files\e42cf77a4f85d83ea2874c93543225f705f57013.pkl,1
D:\08_Dataset\Internal\mar2020\pickle_files\7a80544b30bbe9c42adb2a34ebc785f68eaee278.pkl,1
D:\08_Dataset\Internal\mar2020\pickle_files\3125b556b53aa12f34df34d4576dafd024b27a96.pkl,1
D:\08_Dataset\Internal\mar2020\pickle_files\a85927d4ab8624bf7bd01816941f44c142b3180f.pkl,1
D:\08_Dataset\Internal\mar2020\pickle_files\21a90972682b3fc7e91f1afddf36cac7419afe0a.pkl,1
D:\08_Dataset\Internal\mar2020\pickle_files\b40e6ef5b40e246781f1cb31d9ac065f6622c2e3.pkl,1
D:\08_Dataset\Internal\mar2020\pickle_files\f5c78f7080d2c151080632d71544924aac38773e.pkl,1
D:\08_Dataset\Internal\mar2020\pickle_files\7d396b520fe126f776231e135811ffe76a1d3af6.pkl,1
D:\08_Dataset\Internal\mar2020\pickle_files\25af462268aff9c265bb4544dbfc4de0737bf51f.pkl,1
D:\08_Dataset\Internal\mar2020\pickle_files\896037cf36d0bce594f1e08ceb16a535c1d3d582.pkl,1
D:\08_Dataset\Internal\mar2020\pickle_files\4983f4684ba96277771f502d74f31fb47fd4f467.pkl,1
D:\08_Dataset\Internal\mar2020\pickle_files\db7178529e1d31068b26bd6830531e4c01595215.pkl,1
D:\08_Dataset\Internal\mar2020\pickle_files\f468c558ba2a3a510e2e8563a7531ab47c2fe53e.pkl,1
D:\08_Dataset\Internal\mar2020\pickle_files\e21a9cc1fbdf8d7720493a50bd38c18fbac680c3.pkl,1
D:\08_Dataset\Internal\mar2020\pickle_files\66b4277f9ee80cfd11a0ad5b851006de1dbfa6b1.pkl,1
D:\08_Dataset\Internal\mar2020\pickle_files\eaa07fef86fd9efa846fc705603c3b2d5c478011.pkl,1
D:\08_Dataset\Internal\mar2020\pickle_files\28397a55f97c69000d6c6d16bc667f68b119743c.pkl,1
D:\08_Dataset\Internal\mar2020\pickle_files\f31fa7d0faabab40f17a8b1913c6acc0c849f4d3.pkl,1
D:\08_Dataset\Internal\mar2020\pickle_files\36812befbb13fb70e06cdff2e26eb8113fbb6c9a.pkl,1
D:\08_Dataset\Internal\mar2020\pickle_files\4938cbe067e076d2c02d2ff33675cfb58ea02301.pkl,1
D:\08_Dataset\Internal\mar2020\pickle_files\4739bc65f89514d0f6cacdc58e578bbd0b292e4d.pkl,1
D:\08_Dataset\Internal\mar2020\pickle_files\6ffab85d16fcade5c1dfb9fd6ad3c082ecc05bd9.pkl,1
D:\08_Dataset\Internal\mar2020\pickle_files\1c33f3fa68d374948b8502c87e3b5ebdedc580f5.pkl,1
D:\08_Dataset\Internal\mar2020\pickle_files\f6dbb6860d5e1915970c39ce65376f5729f30a00.pkl,1
D:\08_Dataset\Internal\mar2020\pickle_files\d4ec9960f1be3b4a8675ee175a0bf49074d04b00.pkl,1
D:\08_Dataset\Internal\mar2020\pickle_files\55a7348b8b2beb8880f4a7b77c936199cb1f651c.pkl,1
D:\08_Dataset\Internal\mar2020\pickle_files\aad81e6f37aeb261d5735757584ad64fdd110ac6.pkl,1
D:\08_Dataset\Internal\mar2020\pickle_files\d8944dbb06762b9475d9641a1f22e9ee101c2e7e.pkl,1
D:\08_Dataset\Internal\mar2020\pickle_files\642c45211462b6614ceb9849e6386ddc9e736994.pkl,1
D:\08_Dataset\Internal\mar2020\pickle_files\599386729f18f331c4a06a48feb561718c3ac52f.pkl,1
D:\08_Dataset\Internal\mar2020\pickle_files\b6c1b4d6b8098a5cfa9e029e4d00dd37d2727ca3.pkl,1
D:\08_Dataset\Internal\mar2020\pickle_files\6b98e8b98773860047f5e31fb02b625238e4ed4f.pkl,1
D:\08_Dataset\Internal\mar2020\pickle_files\a3e6723f0fd9a5ab175afa89acb6e78f674371f5.pkl,1
D:\08_Dataset\Internal\mar2020\pickle_files\e511b4288468f422748e88cfd8d0efcecb150d28.pkl,1
D:\08_Dataset\Internal\mar2020\pickle_files\520c723440cd0dec038d837d78aa8a3e5b8e3d31.pkl,1
D:\08_Dataset\Internal\mar2020\pickle_files\0efacbdadec15b479558e2033002a047062480c8.pkl,1
D:\08_Dataset\Internal\mar2020\pickle_files\0130ed29bd61c9b5c2a3fb3a060e95a60b1f866f.pkl,1
D:\08_Dataset\Internal\mar2020\pickle_files\154157846faf652c4bc63f083df867f206d1794f.pkl,1
D:\08_Dataset\Internal\mar2020\pickle_files\3d7d509a3fa46963228588b356b4e0e90797bbcd.pkl,1
D:\08_Dataset\Internal\mar2020\pickle_files\3dcb6daf67da4da001f659b2574fd7b76e945ac6.pkl,1
D:\08_Dataset\Internal\mar2020\pickle_files\89d93495b73d52ce20b9c0b6c63b8c447871c14f.pkl,1
D:\08_Dataset\Internal\mar2020\pickle_files\fdaf9bb24e9b204d8595cb5485bba35bbb8c1931.pkl,1
D:\08_Dataset\Internal\mar2020\pickle_files\d933b5d0087870d2387754347266f139f2767205.pkl,1
D:\08_Dataset\Internal\mar2020\pickle_files\1f3855c858e89fb206d68a27827b3e03c23f8145.pkl,1
D:\08_Dataset\Internal\mar2020\pickle_files\d8f6bc58b9952867d8c3db96451f54c2db106536.pkl,1
D:\08_Dataset\Internal\mar2020\pickle_files\4f966951a37e7026bc82a4574d98fbdf7e405057.pkl,1
D:\08_Dataset\Internal\mar2020\pickle_files\c9b02fef53eb16f073d21d95f3acaa21fe2ed081.pkl,1
D:\08_Dataset\Internal\mar2020\pickle_files\d01c6a0bffe2a2a63ea71e08b5c04b2d11cdec29.pkl,1
D:\08_Dataset\Internal\mar2020\pickle_files\92870e333f456dc8de169fba013da0b8154759ea.pkl,1
D:\08_Dataset\Internal\mar2020\pickle_files\6dd0c7cb6d86ba91f7cb226575a392cf145873e8.pkl,1
D:\08_Dataset\Internal\mar2020\pickle_files\5e6273a63b8013921f282ba0835d9dec20393eb4.pkl,1
D:\08_Dataset\Internal\mar2020\pickle_files\5c879bb1cdce28a2cdd66039ab91c8f587525305.pkl,1
D:\08_Dataset\Internal\mar2020\pickle_files\76be6c7a8ec1d1f1962ecb9f4cf0194bb4781e4a.pkl,1
D:\08_Dataset\Internal\mar2020\pickle_files\ab151f18b6934a6d9f5d6476fc2b1762366adc8e.pkl,1
D:\08_Dataset\Internal\mar2020\pickle_files\f077cc5bf5d03d8fc158594d04e12870709ba3fd.pkl,1
D:\08_Dataset\Internal\mar2020\pickle_files\9482ed094ca47346973a26b4bce91dabaf1d8391.pkl,1
D:\08_Dataset\Internal\mar2020\pickle_files\75f1f00fa1b0c0f278684ae4bb4d59d51f274f50.pkl,1
D:\08_Dataset\Internal\mar2020\pickle_files\a5a35b2cd3cd1a8f2026cecc5b8c4a8289f3f6ab.pkl,1
D:\08_Dataset\Internal\mar2020\pickle_files\1b7dedeac5529e75d88d0ad39312494adb514a0d.pkl,1
D:\08_Dataset\Internal\mar2020\pickle_files\fda4099d3dea72d743973903586c657db45bcb25.pkl,1
D:\08_Dataset\Internal\mar2020\pickle_files\581bfa0f0258d260b4ce4e9f1210abd6fe7c7bd9.pkl,1
D:\08_Dataset\Internal\mar2020\pickle_files\a765bd4800cd79a5fd6f775b21ff808c591c47ab.pkl,1
D:\08_Dataset\Internal\mar2020\pickle_files\0a25c0db12d0d9ed3963a492f48302dc93cdb8be.pkl,1
D:\08_Dataset\Internal\mar2020\pickle_files\f11546d267a7b7bf48eded773e29061fdee4b3e5.pkl,1
D:\08_Dataset\Internal\mar2020\pickle_files\d8621e9f7079b8c98b2e19b633185b059de6cf06.pkl,1
D:\08_Dataset\Internal\mar2020\pickle_files\bcf5437fbc15e903f29cd095872365b3c209e2d5.pkl,1
D:\08_Dataset\Internal\mar2020\pickle_files\b5cf7a052cd825d00ec6014484569ea2faef6ca5.pkl,1
D:\08_Dataset\Internal\mar2020\pickle_files\edcaec2b3c217ffd9effb329eaa4f8d65fa8c1b1.pkl,1
D:\08_Dataset\Internal\mar2020\pickle_files\6ebca87ee5664be86283e4628bc4b92f1fc2a4a6.pkl,1
D:\08_Dataset\Internal\mar2020\pickle_files\6ef2aee1fa9a0fd241841520583d690af021c3a3.pkl,1
D:\08_Dataset\Internal\mar2020\pickle_files\0fea347f07793a6654e2df1935b23e88fa56aa0b.pkl,1
D:\08_Dataset\Internal\mar2020\pickle_files\ad7889dc0f92e60d06f6f5e0d74371084ad11dcd.pkl,1
D:\08_Dataset\Internal\mar2020\pickle_files\a480501e4bb24f2e8697995283e2deaeaafd6fca.pkl,1
D:\08_Dataset\Internal\mar2020\pickle_files\0c54fb2ad146a6ddd5b9a451c527af0ff1fecb15.pkl,1
D:\08_Dataset\Internal\mar2020\pickle_files\52f1c6a9d3ec8f3fea675aa0be4908842fb69327.pkl,1
D:\08_Dataset\Internal\mar2020\pickle_files\0179a180c0f2cf6278b754710ed736f46dadf9bd.pkl,1
D:\08_Dataset\Internal\mar2020\pickle_files\09e866508e7187287496baa0adc9251ecf820989.pkl,1
D:\08_Dataset\Internal\mar2020\pickle_files\f8f84a9e3a331dbd72e53c16965ecc6ca02895b2.pkl,1
D:\08_Dataset\Internal\mar2020\pickle_files\c7b91425c140f2dbc56871ee6d2c21162f5e342e.pkl,1
D:\08_Dataset\Internal\mar2020\pickle_files\35255cbf48f4ed3602ba9309adfaf63d5b850b9a.pkl,1
D:\08_Dataset\Internal\mar2020\pickle_files\8c985244335d792de4a310cac034829a5313b759.pkl,1
D:\08_Dataset\Internal\mar2020\pickle_files\a08328e06232f27941a25c72ff1780f26c5d67d2.pkl,1
D:\08_Dataset\Internal\mar2020\pickle_files\02ae556548df7a7d62acdab9a626ee1cf3c89928.pkl,1
D:\08_Dataset\Internal\mar2020\pickle_files\6bc88e8a0ab14bbd759c09c945d3856eac9d1ff3.pkl,1
D:\08_Dataset\Internal\mar2020\pickle_files\70de274b6acdd60575e6318bd98be682667448f2.pkl,1
D:\08_Dataset\Internal\mar2020\pickle_files\973874e66c1288a4f87fafea739cab208f0b6eac.pkl,1
D:\08_Dataset\Internal\mar2020\pickle_files\b6e60c2970904d62f971d2c9ef9e4f86c04ad8e6.pkl,1
D:\08_Dataset\Internal\mar2020\pickle_files\d27d61342da4f4a98ef7c28ab5422e57b1e23532.pkl,1
D:\08_Dataset\Internal\mar2020\pickle_files\e2e61912536aac0cd10c1c349506ed2b7ab32066.pkl,1
D:\08_Dataset\Internal\mar2020\pickle_files\6e11c44d304691330edb428a7bb10b0d0017199c.pkl,1
D:\08_Dataset\Internal\mar2020\pickle_files\32fa46a422e2c1bd77d375bb7cc4cf793dbc9981.pkl,1
D:\08_Dataset\Internal\mar2020\pickle_files\8ca4ade4b2d347ae855bb1906d3673328d82986d.pkl,1
D:\08_Dataset\Internal\mar2020\pickle_files\4bde9762a4e2f2f8e9de2b2e54877266dcef771e.pkl,1
D:\08_Dataset\Internal\mar2020\pickle_files\88ed4d2e03f3b94dcb0af6e91c81798d784dc4fa.pkl,1
D:\08_Dataset\Internal\mar2020\pickle_files\f081c9fef9c32a377ad8b512157b755557f9976d.pkl,1
D:\08_Dataset\Internal\mar2020\pickle_files\57728046391398759bb4b5a239673499b6a271c8.pkl,1
D:\08_Dataset\Internal\mar2020\pickle_files\07ebc1efafdcae2c55e1a3bcf8e3d6a876647d85.pkl,1
D:\08_Dataset\Internal\mar2020\pickle_files\76a99e57622eef9b4e4acbb47dbe474cf696118a.pkl,1
D:\08_Dataset\Internal\mar2020\pickle_files\1f2451954ec13483bc97ab2260b6eedc9d0f9c6f.pkl,1
D:\08_Dataset\Internal\mar2020\pickle_files\e7ccc94bb882ed1c30c03c55e08cd6f91d6af024.pkl,1
D:\08_Dataset\Internal\mar2020\pickle_files\b65001d5d51844a6b2def43495cd1888dfaddd03.pkl,1
D:\08_Dataset\Internal\mar2020\pickle_files\0d7c793050579d5974ab2c1d4bdc403d9f05dc09.pkl,1
D:\08_Dataset\Internal\mar2020\pickle_files\20f6229cfc7cb246f9c5aa63b464e4e9b91f276f.pkl,1
D:\08_Dataset\Internal\mar2020\pickle_files\6b63c9fe855d2b6dbc02836b4d851832ec199461.pkl,1
D:\08_Dataset\Internal\mar2020\pickle_files\a4b8bcd41c675e736ddd314e1cf897c4310ebf51.pkl,1
D:\08_Dataset\Internal\mar2020\pickle_files\c63f6ea61b48de42fb67f7c9fa2e32d4a66384e9.pkl,1
D:\08_Dataset\Internal\mar2020\pickle_files\a64df5b74bfc2628c905b744a10882ea3e74b058.pkl,1
D:\08_Dataset\Internal\mar2020\pickle_files\083213e2e3a136bc7a9011c861bad3eaa231a668.pkl,1
D:\08_Dataset\Internal\mar2020\pickle_files\23169cb8e7735f5a0c0e6e1ff8a8bf057ce57d49.pkl,1
D:\08_Dataset\Internal\mar2020\pickle_files\f82f432c68e29242d203634f47d351ecad70e9e7.pkl,1
D:\08_Dataset\Internal\mar2020\pickle_files\0e495eed0655cf2a2910fadaabd5737a9b484a64.pkl,1
D:\08_Dataset\Internal\mar2020\pickle_files\01fb98732f6c54ebc0e0b3d0b5d0d8963441c0a2.pkl,1
D:\08_Dataset\Internal\mar2020\pickle_files\3128f4a4300ec4abe10705cce1a96aefb6357b7d.pkl,1
D:\08_Dataset\Internal\mar2020\pickle_files\07d37d28e162834e16085e7fbf43c8cf78f08ce3.pkl,1
D:\08_Dataset\Internal\mar2020\pickle_files\7ddf55d7a5f8ddcb575647b65c6c2f72b2ba82a5.pkl,1
D:\08_Dataset\Internal\mar2020\pickle_files\a5e9da3124bb71ed6079444162f004169577d05e.pkl,1
D:\08_Dataset\Internal\mar2020\pickle_files\b6ae45fea31d6b1e70990e34d2b1e29e61b39a8f.pkl,1
D:\08_Dataset\Internal\mar2020\pickle_files\3228c9a12bcf229e0aa121f69f790e1eaa5556b0.pkl,1
D:\08_Dataset\Internal\mar2020\pickle_files\9ed31d304eda5f3c3f1330e4192b021c62646b84.pkl,1
D:\08_Dataset\Internal\mar2020\pickle_files\d95ac40b7516ad1d3216d416ae04631cf2849174.pkl,1
D:\08_Dataset\Internal\mar2020\pickle_files\1ae82a8f718a3e9332c3b5af6c2946352350b1d0.pkl,1
D:\08_Dataset\Internal\mar2020\pickle_files\d13471cc12ffce055dcb18094a42dd256e744b28.pkl,1
D:\08_Dataset\Internal\mar2020\pickle_files\52e794895901c6b56193a81a048645486c398b49.pkl,1
D:\08_Dataset\Internal\mar2020\pickle_files\485f64d34b4402746a9dd62b5985659bf6cdc3a3.pkl,1
D:\08_Dataset\Internal\mar2020\pickle_files\93b6cb18cfd06545e621b88914141461d620ff01.pkl,1
D:\08_Dataset\Internal\mar2020\pickle_files\244ea86a1c83e9d3961be54fd35d8fa1bed2c2d1.pkl,1
D:\08_Dataset\Internal\mar2020\pickle_files\cded8c56aca3529d8d5ad622440b1b8894bb503e.pkl,1
D:\08_Dataset\Internal\mar2020\pickle_files\04f8cf0fa9bb74b7f78d4663126d0e3c66392c94.pkl,1
D:\08_Dataset\Internal\mar2020\pickle_files\09baed58816957ca27a260d8ff09890295ae631b.pkl,1
D:\08_Dataset\Internal\mar2020\pickle_files\7fbba121c9162ecd401af186a4fb0c27ead01fdb.pkl,1
D:\08_Dataset\Internal\mar2020\pickle_files\2bb6da17aba8d2c88704437e4c7f916233c5dc40.pkl,1
D:\08_Dataset\Internal\mar2020\pickle_files\182ca9973ba80ac8723c9cffe9dcb78651ffe668.pkl,1
D:\08_Dataset\Internal\mar2020\pickle_files\7a8e225e9a90d4fe9d2fe00695c41e67f9ee5ae9.pkl,1
D:\08_Dataset\Internal\mar2020\pickle_files\be10bb600844cc10fbd209d2c4fc309ac80a2d3d.pkl,1
D:\08_Dataset\Internal\mar2020\pickle_files\4d25cef4591a91bf5e7a21a0496b85c56e804b28.pkl,1
D:\08_Dataset\Internal\mar2020\pickle_files\af0ebc0f9a5dce531a3c1c96a72d48033d7be87c.pkl,1
D:\08_Dataset\Internal\mar2020\pickle_files\c1f5e88a2028528019f5acc2c2af11b61bd23eac.pkl,1
D:\08_Dataset\Internal\mar2020\pickle_files\611eb2be21ae2b0457a3bba95f2865aa88994fb6.pkl,1
D:\08_Dataset\Internal\mar2020\pickle_files\6adc2fc8e4cbc4c3da79e920f6ee9149e4c61410.pkl,1
D:\08_Dataset\Internal\mar2020\pickle_files\0697cf7a4aa113c9484998155624ecc3412227c1.pkl,1
D:\08_Dataset\Internal\mar2020\pickle_files\7d1ab4980cd72e3ebd4ba84c7148e83cebf78211.pkl,1
D:\08_Dataset\Internal\mar2020\pickle_files\6430686c98bd9128a1704770f3326b92457f2387.pkl,1
D:\08_Dataset\Internal\mar2020\pickle_files\008cc6f3630f3fb29d2d81268a18cdecd86c6ca4.pkl,1
D:\08_Dataset\Internal\mar2020\pickle_files\21ec2c51021dc2d3e4de927a1984919a09252e46.pkl,1
D:\08_Dataset\Internal\mar2020\pickle_files\96c735f4e7bc5ec23af9eb808864bb52824bdbf9.pkl,1
D:\08_Dataset\Internal\mar2020\pickle_files\c573bd82a5579bffd876c3fa44fa0b64aee87537.pkl,1
D:\08_Dataset\Internal\mar2020\pickle_files\56d16c963182db090f6bd93af017198083318a87.pkl,1
D:\08_Dataset\Internal\mar2020\pickle_files\2d47716b9f44d1ea6be48cccffc2605a8a69d7d3.pkl,1
D:\08_Dataset\Internal\mar2020\pickle_files\29c166df12c776c678af50fa77d37742a2fe673a.pkl,1
D:\08_Dataset\Internal\mar2020\pickle_files\f3a74484e7488812143c4f057335e2baf759ba91.pkl,1
D:\08_Dataset\Internal\mar2020\pickle_files\d622c59b776d0fb88993b93d641f5f54406b9274.pkl,1
D:\08_Dataset\Internal\mar2020\pickle_files\4f18d0e1be94d6a3a120a20319dad5f4f9a34bd3.pkl,1
D:\08_Dataset\Internal\mar2020\pickle_files\1d0d9aea06c13adddb28ce06851d1d4ba8a13270.pkl,1
D:\08_Dataset\Internal\mar2020\pickle_files\0879e53641ac3d1ce131fde8b4033299fa49ba92.pkl,1
D:\08_Dataset\Internal\mar2020\pickle_files\39ffae0c791dfde6d4072a53fd8ff0727af619a4.pkl,1
D:\08_Dataset\Internal\mar2020\pickle_files\2bea897a7723626628295149e4296b798aa1b777.pkl,1
D:\08_Dataset\Internal\mar2020\pickle_files\39b5e3d5a8288c87a08e1924d851d610431f64b4.pkl,1
D:\08_Dataset\Internal\mar2020\pickle_files\890f108ecbb1e416acf96fc2da9d077d9d512b59.pkl,1
D:\08_Dataset\Internal\mar2020\pickle_files\f7d35058569448d9e1577b6f2ceace918d342aad.pkl,1
D:\08_Dataset\Internal\mar2020\pickle_files\ad2d49608ef654354b4424c4037bb159388673dd.pkl,1
D:\08_Dataset\Internal\mar2020\pickle_files\3af4b7a12e1d752d5cada6b6dfeb89442d9cb30f.pkl,1
D:\08_Dataset\Internal\mar2020\pickle_files\5727d0b8a4cc4769a61d391bcec4946d3fd72277.pkl,1
D:\08_Dataset\Internal\mar2020\pickle_files\98694dfd2ad93afe02ba6e2573b761351c0b9b73.pkl,1
D:\08_Dataset\Internal\mar2020\pickle_files\67d1e1d5111fda4f1ba01168bd9405e6dfbdefa7.pkl,1
D:\08_Dataset\Internal\mar2020\pickle_files\d12963e98186b5549dcdd8506bf241cca66907dd.pkl,1
D:\08_Dataset\Internal\mar2020\pickle_files\532c99ff1352fecd7d66a93a08ed90a2760f337a.pkl,1
D:\08_Dataset\Internal\mar2020\pickle_files\2c2fadde68333a7fa64e609f6a26777b13e33eca.pkl,1
D:\08_Dataset\Internal\mar2020\pickle_files\656b9da4d4e4fb2b825b10d5be90d59a2b5e3656.pkl,1
D:\08_Dataset\Internal\mar2020\pickle_files\e76a5e4424f093246966cb9c8731830b0150dd6f.pkl,1
D:\08_Dataset\Internal\mar2020\pickle_files\b9b4d7c9c062c405a15b34004547a9c90cac4c52.pkl,1
D:\08_Dataset\Internal\mar2020\pickle_files\c6b20addcad6a1ae0a2ddb363fdf22a5d5ab90d8.pkl,1
D:\08_Dataset\Internal\mar2020\pickle_files\88a338b40b5a0fc48285fb30bdb0ec3c2cd7059b.pkl,1
D:\08_Dataset\Internal\mar2020\pickle_files\4950defb1070f1ae4e700c3147556c99868eaafc.pkl,1
D:\08_Dataset\Internal\mar2020\pickle_files\64d33b88af348126f82b7d4359c6fc7cc82b93d2.pkl,1
D:\08_Dataset\Internal\mar2020\pickle_files\3cfe26150de4818f9cc532e62a9f678d7d41ae27.pkl,1
D:\08_Dataset\Internal\mar2020\pickle_files\23c76ed5152c95f3b281edf6683fad848dc3bd8c.pkl,1
D:\08_Dataset\Internal\mar2020\pickle_files\38e3296003ea19135a9548c8db04e32d99cea0fe.pkl,1
D:\08_Dataset\Internal\mar2020\pickle_files\25fd39edb909c785919090dbb1c1e96dd9578edb.pkl,1
D:\08_Dataset\Internal\mar2020\pickle_files\453996544a019a4f9af1c2bf8423385ff4425cda.pkl,1
D:\08_Dataset\Internal\mar2020\pickle_files\0b0eb21a49777d87b205abcb040abaae9b8f4579.pkl,1
D:\08_Dataset\Internal\mar2020\pickle_files\dcd2231b2ff8e01a0cd18f8a04a8c3b695e19c37.pkl,1
D:\08_Dataset\Internal\mar2020\pickle_files\7732dfbfa4b8db54365b8238155125a0647be716.pkl,1
D:\08_Dataset\Internal\mar2020\pickle_files\ed4d2740cfd7f43031b51209fdad2046d46477e2.pkl,1
D:\08_Dataset\Internal\mar2020\pickle_files\7d93396c3586107e0d307c85a85d2f1ed7f25bd5.pkl,1
D:\08_Dataset\Internal\mar2020\pickle_files\c94ee42583a4e775f45c2b9bfb614f4728672d75.pkl,1
D:\08_Dataset\Internal\mar2020\pickle_files\3dedcf5b9afd2669f35bb0baf8ee58ca1867ffc4.pkl,1
D:\08_Dataset\Internal\mar2020\pickle_files\bb37b9676e011aa35c12c4afd290f189ebe1f5df.pkl,1
D:\08_Dataset\Internal\mar2020\pickle_files\9e60cfeb918e459e131c5ff6bea61dc37e08cbd1.pkl,1
D:\08_Dataset\Internal\mar2020\pickle_files\bb4ea1539feb7bcac1b88cc426bb3f8a334e184f.pkl,1
D:\08_Dataset\Internal\mar2020\pickle_files\3b4c1a020a05b6e137904401af68633195691db8.pkl,1
D:\08_Dataset\Internal\mar2020\pickle_files\5ffc37c8ecc63cc5f8b387a31414d4c995164b6a.pkl,1
D:\08_Dataset\Internal\mar2020\pickle_files\0ccafbf5f4df0a299756f6a7484474e9190afbf6.pkl,1
D:\08_Dataset\Internal\mar2020\pickle_files\e4fb8fb69bbebd762f1803657585bdd21b2af29a.pkl,1
D:\08_Dataset\Internal\mar2020\pickle_files\1fbcfe2d81c1ec9cbe601e54a6f5274eeafd5c42.pkl,1
D:\08_Dataset\Internal\mar2020\pickle_files\523394bd264e8a2270cbe95f999d7ad9541c7e6a.pkl,1
D:\08_Dataset\Internal\mar2020\pickle_files\462b82bf0d9a7faf7c30803fc9a479b2fc9ca505.pkl,1
D:\08_Dataset\Internal\mar2020\pickle_files\dd83c75f175454d0fdf74ec4e657c139eac3947b.pkl,1
D:\08_Dataset\Internal\mar2020\pickle_files\adc11c87271ee4f7f36e65271d44966a216c1eb4.pkl,1
D:\08_Dataset\Internal\mar2020\pickle_files\33d6b6feb30107456a0ff977c210a31627e57137.pkl,1
D:\08_Dataset\Internal\mar2020\pickle_files\4aac344027456ddbffd5621a2fb52098d673b168.pkl,1
D:\08_Dataset\Internal\mar2020\pickle_files\181a8a4aab0b10359cffebf62a811048aac80ca0.pkl,1
D:\08_Dataset\Internal\mar2020\pickle_files\ae0e85441bdf0961aad618e13b41c66bf4da8ea4.pkl,1
D:\08_Dataset\Internal\mar2020\pickle_files\45d5740143d2e3139f8071b6a6126f0c9a1f6a12.pkl,1
D:\08_Dataset\Internal\mar2020\pickle_files\25db70d04d40581f7963cbc9f02541f985634875.pkl,1
D:\08_Dataset\Internal\mar2020\pickle_files\233c79df6c58841b070ca42599b2c19eed21cc54.pkl,1
D:\08_Dataset\Internal\mar2020\pickle_files\944ba3cf7f3c7c12902656d629e173157500933b.pkl,1
D:\08_Dataset\Internal\mar2020\pickle_files\7a5e6aab07ff11c1411565e0db1a0c06dbff4070.pkl,1
D:\08_Dataset\Internal\mar2020\pickle_files\5daa1aa355ff7657df57faf39a30eebe6149478f.pkl,1
D:\08_Dataset\Internal\mar2020\pickle_files\0b2bfe2959ac5b2ed556d07dbc172276a8bee7dd.pkl,1
D:\08_Dataset\Internal\mar2020\pickle_files\86225d87aad4f0bb3978d87b5419e2f93def4f6c.pkl,1
D:\08_Dataset\Internal\mar2020\pickle_files\987997a5e2b6cbc1a33770d86cbe3169553210ba.pkl,1
D:\08_Dataset\Internal\mar2020\pickle_files\cedf4b37af337c328820712aa5beb9282b0bb98a.pkl,1
D:\08_Dataset\Internal\mar2020\pickle_files\76eadbc254946ac113dbd484772dc6a29c2518b8.pkl,1
D:\08_Dataset\Internal\mar2020\pickle_files\0c6655f388dd677d25ea76cf8a3faf514363e5f2.pkl,1
D:\08_Dataset\Internal\mar2020\pickle_files\810b522649b6f3eda9cef3ee551c0e188d838618.pkl,1
D:\08_Dataset\Internal\mar2020\pickle_files\414d5f7406ec9475239861bbd05bbd5da68d57fb.pkl,1
D:\08_Dataset\Internal\mar2020\pickle_files\95a957166d2457fa4dcf48a623d73e9330ff614d.pkl,1
D:\08_Dataset\Internal\mar2020\pickle_files\ffe9fe5e83470c3f02c0f58cd8b65a97c90194d4.pkl,1
D:\08_Dataset\Internal\mar2020\pickle_files\8c070c53983bc83953e85556beca7887fb2efb76.pkl,1
D:\08_Dataset\Internal\mar2020\pickle_files\5c21cdb9678142b452a4837b5104c2e6d636eff7.pkl,1
D:\08_Dataset\Internal\mar2020\pickle_files\3b10defabf7cde72d755ddc031ae2b7024dc2ee8.pkl,1
D:\08_Dataset\Internal\mar2020\pickle_files\b31c57d43d1656191ee0a980907cf55caf75e09c.pkl,1
D:\08_Dataset\Internal\mar2020\pickle_files\049d190428b987a1b1f7d3c8d68ced12ed713b30.pkl,1
D:\08_Dataset\Internal\mar2020\pickle_files\a2047685d0845045fedca2caf7a4839d78e02c04.pkl,1
D:\08_Dataset\Internal\mar2020\pickle_files\7069fefb8b50ad47331083f3221669674897f2c9.pkl,1
D:\08_Dataset\Internal\mar2020\pickle_files\ecc987f5918a68aa835a6806809fafb3ea53c271.pkl,1
D:\08_Dataset\Internal\mar2020\pickle_files\9305742b122126879a7274107b498af35294bbcd.pkl,1
D:\08_Dataset\Internal\mar2020\pickle_files\ffc8477c5564ace823c0b6ef793926d8ff86233f.pkl,1
D:\08_Dataset\Internal\mar2020\pickle_files\b9b9bac13705cdb4c3c3dd3a40fafdcc6cf67a09.pkl,1
D:\08_Dataset\Internal\mar2020\pickle_files\593b4bd94307c823f43c142f72fc6a3077223819.pkl,1
D:\08_Dataset\Internal\mar2020\pickle_files\76d74873b9b5a96bb536a84ba5afcd3b8f53c202.pkl,1
D:\08_Dataset\Internal\mar2020\pickle_files\196c2cc4296cfc275307f1983fb66d60e982b8b3.pkl,1
D:\08_Dataset\Internal\mar2020\pickle_files\580fb19a85f8b162b219955331607e85f5ae7f30.pkl,1
D:\08_Dataset\Internal\mar2020\pickle_files\782fd3f682888567752d3f25b979e2eaafa7f731.pkl,1
D:\08_Dataset\Internal\mar2020\pickle_files\569434ddf3635a82c5b4b27140446d3bbe8f3ea2.pkl,1
D:\08_Dataset\Internal\mar2020\pickle_files\021e0a9926569bfa1e29d67553331cd1e15e8e63.pkl,1
D:\08_Dataset\Internal\mar2020\pickle_files\eea9588323577e6225050cb11b370df6e1993693.pkl,1
D:\08_Dataset\Internal\mar2020\pickle_files\1b4d5d316f15ff66d53b5cc3ec8c7ba7d11088af.pkl,1
D:\08_Dataset\Internal\mar2020\pickle_files\0f20debe371c42ef88dd71f9efe5d1af0ff16822.pkl,1
D:\08_Dataset\Internal\mar2020\pickle_files\2d6976dfcd9e0592f0768ae5facb9b7f3b44b97f.pkl,1
D:\08_Dataset\Internal\mar2020\pickle_files\4e49d07c2a9f019423fd09f90555e2fbd12bf043.pkl,1
D:\08_Dataset\Internal\mar2020\pickle_files\62891a24fa1cf7f0073d8a8c67a8eefbf6698437.pkl,1
D:\08_Dataset\Internal\mar2020\pickle_files\6e81bc39180017eef9dda6e5c02bc3d2a2b73e9e.pkl,1
D:\08_Dataset\Internal\mar2020\pickle_files\bd9d01a18af4123a0da335c7316571e420b2fa4d.pkl,1
D:\08_Dataset\Internal\mar2020\pickle_files\6f6385f85d743fbf21c638aa524705a270ec2ec4.pkl,1
D:\08_Dataset\Internal\mar2020\pickle_files\7ed53a0498ed6e8a2aa9883693a178c3f0548c60.pkl,1
D:\08_Dataset\Internal\mar2020\pickle_files\5b903fbed3de9ae45466a768cf7f7196fb851c84.pkl,1
D:\08_Dataset\Internal\mar2020\pickle_files\829690dbac2e9e75c3ec894d1e9fafaadf96562d.pkl,1
D:\08_Dataset\Internal\mar2020\pickle_files\21745301d88bb60f584191bc9cedb267c57d498e.pkl,1
D:\08_Dataset\Internal\mar2020\pickle_files\451ab69099e681aa7cd0a522a531fde503e03b77.pkl,1
D:\08_Dataset\Internal\mar2020\pickle_files\606d21e2bcd2d4996e4345156cfd9a1860cdae86.pkl,1
D:\08_Dataset\Internal\mar2020\pickle_files\2cf127b34e5a6edef88b4f15ddfa781368c529ce.pkl,1
D:\08_Dataset\Internal\mar2020\pickle_files\b187105b220556992389ccdd0e05385b849e9f02.pkl,1
D:\08_Dataset\Internal\mar2020\pickle_files\f4cc95d1747fba9f725e1ab8984bc75222827a0f.pkl,1
D:\08_Dataset\Internal\mar2020\pickle_files\c189f1a5d7791bf31fb8d19393d7110045378142.pkl,1
D:\08_Dataset\Internal\mar2020\pickle_files\841a7f695f952e25403ee2503928a799d5276125.pkl,1
D:\08_Dataset\Internal\mar2020\pickle_files\3bdb99f784aa9ea40cab1af90769b8a19621e33f.pkl,1
D:\08_Dataset\Internal\mar2020\pickle_files\6949a81167c0bc7d68b2cfec0a2c724c9a838b0c.pkl,1
D:\08_Dataset\Internal\mar2020\pickle_files\db3cd16d585bd684bb9a53f3549b2341a3f179b4.pkl,1
D:\08_Dataset\Internal\mar2020\pickle_files\bf59c34c1af3d8681c08cde215bdf215d50a65d6.pkl,1
D:\08_Dataset\Internal\mar2020\pickle_files\fb000a28a9c4603d50b2f768541ba32b5b8b74f4.pkl,1
D:\08_Dataset\Internal\mar2020\pickle_files\d153f988fb3cd351512256aebd75bda44df16cbe.pkl,1
D:\08_Dataset\Internal\mar2020\pickle_files\e346e4e066319e3368498dd565e65e1a888c1a95.pkl,1
D:\08_Dataset\Internal\mar2020\pickle_files\a258f0aa479299749a4ed45e1d24bd5f034c198a.pkl,1
D:\08_Dataset\Internal\mar2020\pickle_files\3eb8c15f43f48138f3d4591b9f59fffc690a2ade.pkl,1
D:\08_Dataset\Internal\mar2020\pickle_files\09992418c7884542665dcbe7be3108704c69fab2.pkl,1
D:\08_Dataset\Internal\mar2020\pickle_files\6cefbe9d302b5873fd9a47858e473aaf84ae00ba.pkl,1
D:\08_Dataset\Internal\mar2020\pickle_files\01a71aa0d9cfb59562c136d03177fff1e0e0a4b6.pkl,1
D:\08_Dataset\Internal\mar2020\pickle_files\a9515fbf5a2814121ca1ec83ce6315f05b96135b.pkl,1
D:\08_Dataset\Internal\mar2020\pickle_files\e7e9b362f38b067b2ea0569fcee3e3d0800ad871.pkl,1
D:\08_Dataset\Internal\mar2020\pickle_files\733a4684d4308134529f65f450a3698861e95147.pkl,1
D:\08_Dataset\Internal\mar2020\pickle_files\939b5d3ab2a34326ec7c3dfff3c349e6f5f10e3e.pkl,1
D:\08_Dataset\Internal\mar2020\pickle_files\7786bd0d292779f9d8db430a95a453b89a4ea574.pkl,1
D:\08_Dataset\Internal\mar2020\pickle_files\972f192e6658c099b108c8dec919f0f0a9a2f17a.pkl,1
D:\08_Dataset\Internal\mar2020\pickle_files\67c8daee7bc50694623391ab9337ab2b21639a21.pkl,1
D:\08_Dataset\Internal\mar2020\pickle_files\5978437d6cd0e2ab2f3d104016babce0b31d6e3d.pkl,1
D:\08_Dataset\Internal\mar2020\pickle_files\830bc748d76a16f56b778f969acee07b3faead0a.pkl,1
D:\08_Dataset\Internal\mar2020\pickle_files\d227e0cc7c0d5f5abbab61886d44bf349f5bfc19.pkl,1
D:\08_Dataset\Internal\mar2020\pickle_files\5a11294886d8383f5c4f580eaa9c7023f80cbe2e.pkl,1
D:\08_Dataset\Internal\mar2020\pickle_files\29d9a66e462242b53c65ea70fa49736df52bc9b0.pkl,1
D:\08_Dataset\Internal\mar2020\pickle_files\6209b5c58f169dd1838452e1c5ebd4ae22d7eff8.pkl,1
D:\08_Dataset\Internal\mar2020\pickle_files\3f8445d3a59f6f42b15cbdbfc0b5237dc69eae4c.pkl,1
D:\08_Dataset\Internal\mar2020\pickle_files\5aa8e15e1859e7e478f0fa4c3a7e18c18084e7c1.pkl,1
D:\08_Dataset\Internal\mar2020\pickle_files\331712c6b68420b0e6ee9096a3f71f152e1f6798.pkl,1
D:\08_Dataset\Internal\mar2020\pickle_files\857a393729e7b07547bdc54e4f140bd4b4a50a17.pkl,1
D:\08_Dataset\Internal\mar2020\pickle_files\f747b8b83c756eb719475749f97d6cd8bf899f4b.pkl,1
D:\08_Dataset\Internal\mar2020\pickle_files\ea862a34af8f6b77c173f354c7a64230f422913c.pkl,1
D:\08_Dataset\Internal\mar2020\pickle_files\255202843751a5d848771a1b1074178774c5a6e8.pkl,1
D:\08_Dataset\Internal\mar2020\pickle_files\88c384357fedee18e26ae6a50b1d12250d9273b0.pkl,1
D:\08_Dataset\Internal\mar2020\pickle_files\ba8754743bd08673369941724db7d37a1d4f8d08.pkl,1
D:\08_Dataset\Internal\mar2020\pickle_files\3ac7b5f6a41287b46bbe9c058876491e33df0a4f.pkl,1
D:\08_Dataset\Internal\mar2020\pickle_files\bde6c3ca988f7debdc225d1ea307cb35ebc3d8ef.pkl,1
D:\08_Dataset\Internal\mar2020\pickle_files\958393c2fd7d733db35afde7b188db4ebaf52563.pkl,1
D:\08_Dataset\Internal\mar2020\pickle_files\d2752e14bd78351cef652b7a658e2f2132095cfe.pkl,1
D:\08_Dataset\Internal\mar2020\pickle_files\5f403a67136c5897fcbfc53287390346a72f7b02.pkl,1
D:\08_Dataset\Internal\mar2020\pickle_files\b8d6c2fb72920e54fc5203fccddf918fe9c44d8c.pkl,1
D:\08_Dataset\Internal\mar2020\pickle_files\eaee547a72463dc47662e697e55121e10a231e50.pkl,1
D:\08_Dataset\Internal\mar2020\pickle_files\d2fb4e908ad6eaf0a2755e1d7adb75a90df3a592.pkl,1
D:\08_Dataset\Internal\mar2020\pickle_files\d893c000ceca78c99ca24e8f153b10eb10daa08e.pkl,1
D:\08_Dataset\Internal\mar2020\pickle_files\68d949afd14d75f515cd47489d0d0e82d35a2d85.pkl,1
D:\08_Dataset\Internal\mar2020\pickle_files\e0952c94f0cb6f0158be6c98a199a2c83e7d640a.pkl,1
D:\08_Dataset\Internal\mar2020\pickle_files\056f60f0f04aabd6e5363a2e839d40a5d4e8da34.pkl,1
D:\08_Dataset\Internal\mar2020\pickle_files\f13c10a890f8e9753439e8cc9068105f19119a5a.pkl,1
D:\08_Dataset\Internal\mar2020\pickle_files\75fe0e4fecf87ff2de8b2ba2aa99f2afeb91b1f2.pkl,1
D:\08_Dataset\Internal\mar2020\pickle_files\95d4d3fc273ad33acb6af65b1c26829f2ebdabf9.pkl,1
D:\08_Dataset\Internal\mar2020\pickle_files\2449006e73bd945f128e04d670d414e21b357571.pkl,1
D:\08_Dataset\Internal\mar2020\pickle_files\a747aa26f7559d2702f5a4019dcfc33f50cdb266.pkl,1
D:\08_Dataset\Internal\mar2020\pickle_files\90e13e505c1dff3c31c39309292c7011a59282a6.pkl,1
D:\08_Dataset\Internal\mar2020\pickle_files\eee780fccf6496f6b3ea101680fa7357dbcd38b9.pkl,1
D:\08_Dataset\Internal\mar2020\pickle_files\6a4a4113db48d04749cd46b4bb5ae44c79e445b6.pkl,1
D:\08_Dataset\Internal\mar2020\pickle_files\8868cecbdfdcf2e07204d833cdd306ca113c1179.pkl,1
D:\08_Dataset\Internal\mar2020\pickle_files\086282d1e5da0eda869eaa7140bbf7f0d8a083a2.pkl,1
D:\08_Dataset\Internal\mar2020\pickle_files\a7c42b83c9e03a653f77da886006982aaa0a2028.pkl,1
D:\08_Dataset\Internal\mar2020\pickle_files\1a8f0ad02f4be12d4cd19854b07d93354c364917.pkl,1
D:\08_Dataset\Internal\mar2020\pickle_files\4fee26d3c5a6ba40e97c2ed127cf3f77a113f869.pkl,1
D:\08_Dataset\Internal\mar2020\pickle_files\f175aaa7fb1424cda44f0947b008f50a70d5d305.pkl,1
D:\08_Dataset\Internal\mar2020\pickle_files\e0a2ae54ea335cd2586871adf40bcd3fba84f2b5.pkl,1
D:\08_Dataset\Internal\mar2020\pickle_files\87b0dfa255c41d1eb838df8f935e480682a23eae.pkl,1
D:\08_Dataset\Internal\mar2020\pickle_files\6e494f28a6f3ad5748919420343a1a24ef745070.pkl,1
D:\08_Dataset\Internal\mar2020\pickle_files\827e75e064c59a1a4feffa1411e8a11982b43f7e.pkl,1
D:\08_Dataset\Internal\mar2020\pickle_files\c39a5690ceba52042f94f4570e1395d151a5bd3b.pkl,1
D:\08_Dataset\Internal\mar2020\pickle_files\ea977b3ba3760ec94969ee51a6e9839a9f7d5bfa.pkl,1
D:\08_Dataset\Internal\mar2020\pickle_files\a2bd59b0b023ed0bbf5e2758ebf353b6f0a85dfb.pkl,1
D:\08_Dataset\Internal\mar2020\pickle_files\cd7fb2076ded8a4d0a6df6ca915df04350c80639.pkl,1
D:\08_Dataset\Internal\mar2020\pickle_files\2c20035883990534952f841c4bb74e513b1eca5c.pkl,1
D:\08_Dataset\Internal\mar2020\pickle_files\4f5fbf07b601bd358add4b70cd55d8a7f2253b38.pkl,1
D:\08_Dataset\Internal\mar2020\pickle_files\286b4e18cd2115130129983de49b719eaf2c1166.pkl,1
D:\08_Dataset\Internal\mar2020\pickle_files\c266b52ab61837b45d572f23df8cb5f74500c91d.pkl,1
D:\08_Dataset\Internal\mar2020\pickle_files\79c21ab5671f89c7b585fbfe2cffa417b061e767.pkl,1
D:\08_Dataset\Internal\mar2020\pickle_files\7325eaea11ad17c26f0a1f6519b64f4f825a9b34.pkl,1
D:\08_Dataset\Internal\mar2020\pickle_files\90574ec3ce74d4c0aca8a7a34dd92e3553bf9971.pkl,1
D:\08_Dataset\Internal\mar2020\pickle_files\6df8dfb98d71586745d4dd7f59879eb2219257d7.pkl,1
D:\08_Dataset\Internal\mar2020\pickle_files\1207d55d935f5bc68c073cfeb60885e681da53d2.pkl,1
D:\08_Dataset\Internal\mar2020\pickle_files\a56a8120f5d23c00d1aaeb23722d1ec4a93003da.pkl,1
D:\08_Dataset\Internal\mar2020\pickle_files\465c72d22e3a8264539c84b36f9aa25c9ddcc626.pkl,1
D:\08_Dataset\Internal\mar2020\pickle_files\53bb9137b1dabd23a59b8e06979b94ac0e1f7b68.pkl,1
D:\08_Dataset\Internal\mar2020\pickle_files\68ac662d829bf3eef9bd59ac4344a36fe9ce5c25.pkl,1
D:\08_Dataset\Internal\mar2020\pickle_files\9ac107ddfa53fa0ae66ccbe55ac03f58d471630b.pkl,1
D:\08_Dataset\Internal\mar2020\pickle_files\24438c00d4c5addbfd6c868d9cf9c319a4efce2d.pkl,1
D:\08_Dataset\Internal\mar2020\pickle_files\9c8e8f2092a75d5d516590f9e9d1607fdcf7d731.pkl,1
D:\08_Dataset\Internal\mar2020\pickle_files\cbc981523a2390c4541d73bd089d10e88dcae6cc.pkl,1
D:\08_Dataset\Internal\mar2020\pickle_files\81cfb61c7f3169269111fcb8d5844938f0616aea.pkl,1
D:\08_Dataset\Internal\mar2020\pickle_files\0e631a161f1d7b595ce086a4cf3b26c799c4a735.pkl,1
D:\08_Dataset\Internal\mar2020\pickle_files\435b35d26d8d8d021701d9e8fd44c83c3ba21d4a.pkl,1
D:\08_Dataset\Internal\mar2020\pickle_files\3e516ccbf921df39374e6024d34f46c74678e9b0.pkl,1
D:\08_Dataset\Internal\mar2020\pickle_files\cfe69ccf3a0175950d073c7a4ec5a4b63148ac5e.pkl,1
D:\08_Dataset\Internal\mar2020\pickle_files\2498a04a897d3ac5debf3c99ea3cee1ff4674721.pkl,1
D:\08_Dataset\Internal\mar2020\pickle_files\0c503896a2125e716ff31b35aad580741e6dcb5a.pkl,1
D:\08_Dataset\Internal\mar2020\pickle_files\542fdbfff58827671da9ee33c9368e8e0800df89.pkl,1
D:\08_Dataset\Internal\mar2020\pickle_files\fddea63061edfb9322751edd290ecd22b0b1cdf9.pkl,1
D:\08_Dataset\Internal\mar2020\pickle_files\e5305ea8a1e37f8ae3afe46f165dff5032f87bd0.pkl,1
D:\08_Dataset\Internal\mar2020\pickle_files\b7c2a9a7478df83105ed7db59634131970654224.pkl,1
D:\08_Dataset\Internal\mar2020\pickle_files\5389dc147f00d40ebcd0d3e99ed9d16319f7f48b.pkl,1
D:\08_Dataset\Internal\mar2020\pickle_files\6eb25864e82d35e644ad993d487498f9fa9c0a9c.pkl,1
D:\08_Dataset\Internal\mar2020\pickle_files\817d61f79252c9422c72eb5f4b365d2a5ee72b4d.pkl,1
D:\08_Dataset\Internal\mar2020\pickle_files\bf6dcd3bb5eb398bdb7e20df1b889d543777eddb.pkl,1
D:\08_Dataset\Internal\mar2020\pickle_files\0b36eaa889f75f5d98f7a21c55d92d60bdc04acb.pkl,1
D:\08_Dataset\Internal\mar2020\pickle_files\b1afb5c0c02a0bed34ffd09b743e2ec31507f4ca.pkl,1
D:\08_Dataset\Internal\mar2020\pickle_files\a388584fb8cf2fe3b09209f94dd395b3aa15ad99.pkl,1
D:\08_Dataset\Internal\mar2020\pickle_files\adaef93412dfd4cbfba07f3a5e226a85b14882cb.pkl,1
D:\08_Dataset\Internal\mar2020\pickle_files\d69f6f81fcc9f6f285f1474b06fa07b874923b87.pkl,1
D:\08_Dataset\Internal\mar2020\pickle_files\4e094893ec471093a1adc4c53b9126a306d303ab.pkl,1
D:\08_Dataset\Internal\mar2020\pickle_files\849a555ea01a88cd8edb6b725fed71f8d830f8c5.pkl,1
D:\08_Dataset\Internal\mar2020\pickle_files\2ae38b68a0f5041874222622ca114d024c341c69.pkl,1
D:\08_Dataset\Internal\mar2020\pickle_files\e1da245dfc3bdf9395773a5d5fa24083f97bf782.pkl,1
D:\08_Dataset\Internal\mar2020\pickle_files\297c5660798d916314a2ad0d5f0f79b37ce19fd3.pkl,1
D:\08_Dataset\Internal\mar2020\pickle_files\3f0df40776aa58538c142c08d201bcecc2ce8fb2.pkl,1
D:\08_Dataset\Internal\mar2020\pickle_files\6c06abcbce5e4b401e889955081f7090456a6f77.pkl,1
D:\08_Dataset\Internal\mar2020\pickle_files\4c56760dd4f76134239debd73311b8adee2398ce.pkl,1
D:\08_Dataset\Internal\mar2020\pickle_files\3a31eb2f7a90f5f578ee466e2b1c880eaa73f50b.pkl,1
D:\08_Dataset\Internal\mar2020\pickle_files\0b5109e7520bfbcd4acdbf7268014129e009e6dd.pkl,1
D:\08_Dataset\Internal\mar2020\pickle_files\22b6cd70699bd73948e264a1c326e690df84c889.pkl,1
D:\08_Dataset\Internal\mar2020\pickle_files\eeaa350d7bf09cdd5cc6bede10e03151585b35a1.pkl,1
D:\08_Dataset\Internal\mar2020\pickle_files\48d9da318548560298ad200de7e8cf1018b59fbb.pkl,1
D:\08_Dataset\Internal\mar2020\pickle_files\6313c494ddfba6ecd05fc85f5f09a95649d1c48e.pkl,1
D:\08_Dataset\Internal\mar2020\pickle_files\64dbba8148454c821e670657c798ce79c6768fe0.pkl,1
D:\08_Dataset\Internal\mar2020\pickle_files\60e8ba806c5c9613b7dc5e9912fe8d1b226de8fe.pkl,1
D:\08_Dataset\Internal\mar2020\pickle_files\1d9f5d9f25c13aaa11853518481015e79fe85f29.pkl,1
D:\08_Dataset\Internal\mar2020\pickle_files\10c6aa319ebf44235851f4bad5fd1be621accd28.pkl,1
D:\08_Dataset\Internal\mar2020\pickle_files\6950d5514af9f60e4559cf0e4182254a8cccd203.pkl,1
D:\08_Dataset\Internal\mar2020\pickle_files\41e2cbfd9132adc3d02fd06e0189e1734e6c343e.pkl,1
D:\08_Dataset\Internal\mar2020\pickle_files\7dae47b803a1360e4145c83d1aa4ad1d78442b93.pkl,1
D:\08_Dataset\Internal\mar2020\pickle_files\8466f955ac908b51c5b91dd3aae30411e07290f4.pkl,1
D:\08_Dataset\Internal\mar2020\pickle_files\d0cd53b2d4b94e96ea1bf292232eec9f7d6defc3.pkl,1
D:\08_Dataset\Internal\mar2020\pickle_files\f3e3336d7379f958710dedf1238c6386e5ee983c.pkl,1
D:\08_Dataset\Internal\mar2020\pickle_files\b60a5528f211f558347a27c9a22c46e484ebe81c.pkl,1
D:\08_Dataset\Internal\mar2020\pickle_files\a5969ebd6182a1ba596c25732e99e6fd1ccd2182.pkl,1
D:\08_Dataset\Internal\mar2020\pickle_files\95aae7aa1f8b0a1417d27187215e5ba45822ab2d.pkl,1
D:\08_Dataset\Internal\mar2020\pickle_files\9ffc0b02f4ac421fc6d22a1aaa8f0640167fac8d.pkl,1
D:\08_Dataset\Internal\mar2020\pickle_files\f965bb6c943cfda28d2061853f4d6076b15247da.pkl,1
D:\08_Dataset\Internal\mar2020\pickle_files\f05310fb1424565ee7f41d9d869cad21168d863a.pkl,1
D:\08_Dataset\Internal\mar2020\pickle_files\8b910e89050f05e9653c4b491f973ac7e240dd44.pkl,1
D:\08_Dataset\Internal\mar2020\pickle_files\828b20d76a6dc11a8b2425d532591756eecebcc6.pkl,1
D:\08_Dataset\Internal\mar2020\pickle_files\0e834ddc9ee642b5a619f1ca846d1ac8b70e5e18.pkl,1
D:\08_Dataset\Internal\mar2020\pickle_files\6d4290c9b003a29a7fce15a39b6d6c23f3436437.pkl,1
D:\08_Dataset\Internal\mar2020\pickle_files\53dafe4cc9ac623a170777cdebd6ca2b3b762807.pkl,1
D:\08_Dataset\Internal\mar2020\pickle_files\53df1882fd210ea8d239ec21930e77152e1671a8.pkl,1
D:\08_Dataset\Internal\mar2020\pickle_files\55f349790d433ff10f0edf7bf3b4437afeb95b52.pkl,1
D:\08_Dataset\Internal\mar2020\pickle_files\94fd6120d57eb9506e341192535879e3ae286d26.pkl,1
D:\08_Dataset\Internal\mar2020\pickle_files\2cecc4c64b00a0fef3bebfe25dc3ef846ba983de.pkl,1
D:\08_Dataset\Internal\mar2020\pickle_files\647e143232e6eed693f596950282dc83d1244421.pkl,1
D:\08_Dataset\Internal\mar2020\pickle_files\86a4b8ef3bd5f24d19d3975e2f756c0b65920793.pkl,1
D:\08_Dataset\Internal\mar2020\pickle_files\f190c3e520ea0e302fe07cb0ed10a8a3ca6541a4.pkl,1
D:\08_Dataset\Internal\mar2020\pickle_files\aa1add6a628fb702808abbc7fa3d2e185bfef95d.pkl,1
D:\08_Dataset\Internal\mar2020\pickle_files\aa5644a8e1d19c0a552c3b31baee8aba38ddd247.pkl,1
D:\08_Dataset\Internal\mar2020\pickle_files\f3ad83b6a4610b511835fa167f69435573fb0552.pkl,1
D:\08_Dataset\Internal\mar2020\pickle_files\8eea9abe6b5d13a99cd34ddc7b2dc178cb68a5f7.pkl,1
D:\08_Dataset\Internal\mar2020\pickle_files\41dfe84412a3a614496c63c2f6262a0c3f14d901.pkl,1
D:\08_Dataset\Internal\mar2020\pickle_files\89ae2b789d73dc9b06b8099ab9970111400f3209.pkl,1
D:\08_Dataset\Internal\mar2020\pickle_files\7c80062ade5eb953d7cee951265c4957ec3b99da.pkl,1
D:\08_Dataset\Internal\mar2020\pickle_files\b57eec8563384a95ae4dfc1a5083620f817d7f40.pkl,1
D:\08_Dataset\Internal\mar2020\pickle_files\a075c6da973b7f3ebb81037b5789df26ce8cfb75.pkl,1
D:\08_Dataset\Internal\mar2020\pickle_files\e2a5fd1a8833303b39360c8cc342e34ae137310e.pkl,1
D:\08_Dataset\Internal\mar2020\pickle_files\740fb5c413ad55e0882ab1b25862deae69c32233.pkl,1
D:\08_Dataset\Internal\mar2020\pickle_files\832beaf87bcadca2fa73f91bda32521ad27f4f8a.pkl,1
D:\08_Dataset\Internal\mar2020\pickle_files\e2de1bc88ad3d08448014fa96be4e63f44f1d009.pkl,1
D:\08_Dataset\Internal\mar2020\pickle_files\c723a3db91be2bee6992989e31b59c65c4a81c7d.pkl,1
D:\08_Dataset\Internal\mar2020\pickle_files\6e5f6c1a785bc0dd7c5f087756e3740d03be41c5.pkl,1
D:\08_Dataset\Internal\mar2020\pickle_files\d0dc3c9b6af96646e6601e510669dfcc1d6a5538.pkl,1
D:\08_Dataset\Internal\mar2020\pickle_files\11279e3f57340335e2ed92929afb5edaaf727380.pkl,1
D:\08_Dataset\Internal\mar2020\pickle_files\e47d02fb402b07ac124f21c612b553fffb537bdb.pkl,1
D:\08_Dataset\Internal\mar2020\pickle_files\3311f77e6d79276cd06fd23b975e4a79b2bc80ea.pkl,1
D:\08_Dataset\Internal\mar2020\pickle_files\dd37e3d9e2bb9b6261197f37aaf8ded0d55bd59b.pkl,1
D:\08_Dataset\Internal\mar2020\pickle_files\bdbef43e9749d905277eef8c751dc2bb045881de.pkl,1
D:\08_Dataset\Internal\mar2020\pickle_files\0db49f1b361ce545d73b2edaffa3a24b668b8b1c.pkl,1
D:\08_Dataset\Internal\mar2020\pickle_files\aa43b7a6322f4a44ebf563f944de03d1c4beff07.pkl,1
D:\08_Dataset\Internal\mar2020\pickle_files\223b50f72ec78a5b23d951bc11898d264b97ecb1.pkl,1
D:\08_Dataset\Internal\mar2020\pickle_files\623fec1cf404705e8829eefb996f56c2ecbfa0b0.pkl,1
D:\08_Dataset\Internal\mar2020\pickle_files\0e31c3105d08c3c2ef2df3ee19c01680b612995e.pkl,1
D:\08_Dataset\Internal\mar2020\pickle_files\48684a61450c9159df6d2d806e97741b178a47a8.pkl,1
D:\08_Dataset\Internal\mar2020\pickle_files\d3ab0632690cdfc8070710b2faf51777d6a3c970.pkl,1
D:\08_Dataset\Internal\mar2020\pickle_files\debf4bb0fad2470c5294833be8406b90e52c8ac7.pkl,1
D:\08_Dataset\Internal\mar2020\pickle_files\b12a6ce10a93d5d77b7b3740bf0d7de7b9078bba.pkl,1
D:\08_Dataset\Internal\mar2020\pickle_files\4af9d618126534f0d393ae1f9b622364407c0b33.pkl,1
D:\08_Dataset\Internal\mar2020\pickle_files\71b08dafcd7b08eef96b85ee6b7b277bc1ec41eb.pkl,1
D:\08_Dataset\Internal\mar2020\pickle_files\8f883737560a2fed5e181a8f133a552bb5f073a1.pkl,1
D:\08_Dataset\Internal\mar2020\pickle_files\4ba9eeeee1787f0c8d3da3092f761c8c95b3fb7a.pkl,1
D:\08_Dataset\Internal\mar2020\pickle_files\38910b723916fa9dc53d85f8756bd334a7d8c5f0.pkl,1
D:\08_Dataset\Internal\mar2020\pickle_files\67111051e2ede56cdfe62bc45d93b3e8e8f8aaf6.pkl,1
D:\08_Dataset\Internal\mar2020\pickle_files\6b3eba5ab95bc456460a93d841a14283bb97db98.pkl,1
D:\08_Dataset\Internal\mar2020\pickle_files\17d6bf76917258c137d7636abcc817e6cdce2e16.pkl,1
D:\08_Dataset\Internal\mar2020\pickle_files\e409ee0b18f22793e22b79be4397bff08cf49e95.pkl,1
D:\08_Dataset\Internal\mar2020\pickle_files\95af05b69c9984249ec33440bc2bfe995e8506f2.pkl,1
D:\08_Dataset\Internal\mar2020\pickle_files\6c970373e24666210b0d8027688562daeb9420ba.pkl,1
D:\08_Dataset\Internal\mar2020\pickle_files\867e9e0fc99a814de048509c18ea2e8b0b58f082.pkl,1
D:\08_Dataset\Internal\mar2020\pickle_files\8f97d7e3a29c17a77dfa73e33e982f9effdd7355.pkl,1
D:\08_Dataset\Internal\mar2020\pickle_files\17a9060c7fd2333104a9f62a7d68f2eabff3985f.pkl,1
D:\08_Dataset\Internal\mar2020\pickle_files\d7f1d0c643f3fbf66f797fd84f34bdf3dc15a3c6.pkl,1
D:\08_Dataset\Internal\mar2020\pickle_files\a97441c4ec664a7802414ca1ccf090e79edc943d.pkl,1
D:\08_Dataset\Internal\mar2020\pickle_files\d89eb1d3fc40c7533ebbdc0ce249247cd854e283.pkl,1
D:\08_Dataset\Internal\mar2020\pickle_files\3febc953766c343553b2a9775db50d72b2b60f7b.pkl,1
D:\08_Dataset\Internal\mar2020\pickle_files\c05dcb1ec7f469517b31444a7f178942a3c50696.pkl,1
D:\08_Dataset\Internal\mar2020\pickle_files\729d0dd4ca2a4cbb6389a386192864963d1f61ab.pkl,1
D:\08_Dataset\Internal\mar2020\pickle_files\4d331fc8e22b98b81041fc8ac55b1abb52d8d31b.pkl,1
D:\08_Dataset\Internal\mar2020\pickle_files\3f214e6a3aa33c492ff6f4aa95eaff04481e2a13.pkl,1
D:\08_Dataset\Internal\mar2020\pickle_files\e3a72286e0afe724a717279fe66a533730e9d190.pkl,1
D:\08_Dataset\Internal\mar2020\pickle_files\364dae43727612480b9c581951eaafca9202c389.pkl,1
D:\08_Dataset\Internal\mar2020\pickle_files\05bc754b45f8da8c0a9248864534b71fbe37f0b4.pkl,1
D:\08_Dataset\Internal\mar2020\pickle_files\5641265ec662de492b3ff4eddb3960a633ce2f6d.pkl,1
D:\08_Dataset\Internal\mar2020\pickle_files\cc72a589ef1edcec31f46bf7304ace5ebb3fce61.pkl,1
D:\08_Dataset\Internal\mar2020\pickle_files\f57f8250bff19b591e7df5925d8e1c383cec7b9a.pkl,1
D:\08_Dataset\Internal\mar2020\pickle_files\d8a3aafa84acece40334ea76e383a433e12f8b1b.pkl,1
D:\08_Dataset\Internal\mar2020\pickle_files\41255a7e2feef02f08f1a881de802b700e6f6b24.pkl,1
D:\08_Dataset\Internal\mar2020\pickle_files\e7cdbb2278093341455700c5f82333df2106ae17.pkl,1
D:\08_Dataset\Internal\mar2020\pickle_files\b9b464fd3a002680519a6657fbfe74b4643ac05f.pkl,1
D:\08_Dataset\Internal\mar2020\pickle_files\4cac9f51f42821df2b4c05d40d7cff09d527ca2b.pkl,1
D:\08_Dataset\Internal\mar2020\pickle_files\19b5d0d98be20f52d95a759ec09a8f256407e072.pkl,1
D:\08_Dataset\Internal\mar2020\pickle_files\86636ee4bbd1481e8898143655fdc5ddfe5c4f4b.pkl,1
D:\08_Dataset\Internal\mar2020\pickle_files\ab557609b7ada0b601d84a9f00b26d98d347ba2e.pkl,1
D:\08_Dataset\Internal\mar2020\pickle_files\59aad1037e25e60734f3e14107cc604282a05f55.pkl,1
D:\08_Dataset\Internal\mar2020\pickle_files\5beffc5bb7169d36ce8a14c175f587560a078548.pkl,1
D:\08_Dataset\Internal\mar2020\pickle_files\52411fc6c485504e52ee41df6a6387e47e56ae45.pkl,1
D:\08_Dataset\Internal\mar2020\pickle_files\4cc6a4ab184817568e25a39e7d0b5f3fb7af40bc.pkl,1
D:\08_Dataset\Internal\mar2020\pickle_files\fbca5951915a907e48e612bd688cd2803e380f7c.pkl,1
D:\08_Dataset\Internal\mar2020\pickle_files\ddb62440cd415271baa1d4a81fdb0750716c368d.pkl,1
D:\08_Dataset\Internal\mar2020\pickle_files\4dae6c0b58bde2b5195a4a9835de40d73793db88.pkl,1
D:\08_Dataset\Internal\mar2020\pickle_files\129d025828166c51eac39148f87f9b0d0f856833.pkl,1
D:\08_Dataset\Internal\mar2020\pickle_files\d2b2da64c5e65c64a0144aeccd4cdbfdc06e8dd3.pkl,1
D:\08_Dataset\Internal\mar2020\pickle_files\9f25a73aa2d7e2a7700958d60a5d434f9abb3442.pkl,1
D:\08_Dataset\Internal\mar2020\pickle_files\e23007c49fd2ac4a356194d4bb829bf7d0507304.pkl,1
D:\08_Dataset\Internal\mar2020\pickle_files\8bdc28ba3d00423be447e50c976f751d32636f5c.pkl,1
D:\08_Dataset\Internal\mar2020\pickle_files\e96544a6fbca5aa5bbe97a33f6a90eea85d85c8b.pkl,1
D:\08_Dataset\Internal\mar2020\pickle_files\5e95091c18517219af4c45a9b2f00fd97b8a636c.pkl,1
D:\08_Dataset\Internal\mar2020\pickle_files\fef1e14e82a1887d324067328f7993755c65678c.pkl,1
D:\08_Dataset\Internal\mar2020\pickle_files\c4a06fc76b7ae71a35dbd3daecc691c268b89d6f.pkl,1
D:\08_Dataset\Internal\mar2020\pickle_files\9b0a3654031fb049f08f6ce995cb31c25ca9f55a.pkl,1
D:\08_Dataset\Internal\mar2020\pickle_files\e64d9a92538df767db48aae35e54173478ea6a68.pkl,1
D:\08_Dataset\Internal\mar2020\pickle_files\ebd8811d8b0e88cae9cd93590f07077848942c25.pkl,1
D:\08_Dataset\Internal\mar2020\pickle_files\4dd75eff7dab86c01507db80de93881792eb6607.pkl,1
D:\08_Dataset\Internal\mar2020\pickle_files\908666dda96acd26ce9b290814166adf4a6ce9d3.pkl,1
D:\08_Dataset\Internal\mar2020\pickle_files\49d90366e0758e4d7eff67566a0547ec1f79218b.pkl,1
D:\08_Dataset\Internal\mar2020\pickle_files\ea05c6c9d3088c994a34a72345423a0db1253d80.pkl,1
D:\08_Dataset\Internal\mar2020\pickle_files\1a307648eafb446136e742ae62dc9fcf128fbb8f.pkl,1
D:\08_Dataset\Internal\mar2020\pickle_files\542b72e0be269821e8fd50719669c333dba3b8f5.pkl,1
D:\08_Dataset\Internal\mar2020\pickle_files\c1c3313d3234576b0d4d799a9270d42c82fc32af.pkl,1
D:\08_Dataset\Internal\mar2020\pickle_files\893291c8d75bb72229b8fa96dccd3679962706dc.pkl,1
D:\08_Dataset\Internal\mar2020\pickle_files\86118b56b22214ff3ba86d95ecdc33a12c44d200.pkl,1
D:\08_Dataset\Internal\mar2020\pickle_files\a11ca7209c0856b78e71cfc534648b7aada8fa2c.pkl,1
D:\08_Dataset\Internal\mar2020\pickle_files\a01cbd81a70b50eaca61816868e2ba58175fe159.pkl,1
D:\08_Dataset\Internal\mar2020\pickle_files\0bfb26912d7a7fff05561b9ef7e129e462ed6808.pkl,1
D:\08_Dataset\Internal\mar2020\pickle_files\86309eb2ed961a734578b53bff7a81f05ee4a8b8.pkl,1
D:\08_Dataset\Internal\mar2020\pickle_files\6c7b4d74243977ff9fe4fc89e45cde08d8ca9090.pkl,1
D:\08_Dataset\Internal\mar2020\pickle_files\64bea83d26ba2261f24e2bbcb28d632aaaa3d25d.pkl,1
D:\08_Dataset\Internal\mar2020\pickle_files\3ab86b7b2facdb777162913dab9a4c511d0f778e.pkl,1
D:\08_Dataset\Internal\mar2020\pickle_files\dc15ac5f63d42f0abcdc10c59c36e3ea4e840477.pkl,1
D:\08_Dataset\Internal\mar2020\pickle_files\b6112994472dadacf498b87ca82f589423200658.pkl,1
D:\08_Dataset\Internal\mar2020\pickle_files\b3860e31be34b9c4d1706a2d37a1589dae122de7.pkl,1
D:\08_Dataset\Internal\mar2020\pickle_files\47a27de7073366e9dfef5785a169a8d7f8cefe3d.pkl,1
D:\08_Dataset\Internal\mar2020\pickle_files\1d87c2c5af61083642e96b6991893b7ebacf18dc.pkl,1
D:\08_Dataset\Internal\mar2020\pickle_files\a937f58948a2741dc453268f73323b11f27207c3.pkl,1
D:\08_Dataset\Internal\mar2020\pickle_files\19dd93db2b428e113f22287b6497ca1bf68ef7a8.pkl,1
D:\08_Dataset\Internal\mar2020\pickle_files\3d24cd6d5159d779fea3143c7dfe30d06a639151.pkl,1
D:\08_Dataset\Internal\mar2020\pickle_files\35a4a17d3d08a3291de18b352d8358de656bc153.pkl,1
D:\08_Dataset\Internal\mar2020\pickle_files\5a79cbddfab67871fbed9388c482667850b2afa6.pkl,1
D:\08_Dataset\Internal\mar2020\pickle_files\421eb939ab92a79a2843d8c9b0a572b0a7879cea.pkl,1
D:\08_Dataset\Internal\mar2020\pickle_files\bd86c7a4fab7d74ac9811ce50ea8b24ceb478a6c.pkl,1
D:\08_Dataset\Internal\mar2020\pickle_files\6c864b94c80a370a3e7920c633867b1caed45a96.pkl,1
D:\08_Dataset\Internal\mar2020\pickle_files\d0e353c7ff8674dd2252718c46acec5f85336b28.pkl,1
D:\08_Dataset\Internal\mar2020\pickle_files\7aafe7f255c32b039deb0b59566a5c2f30569584.pkl,1
D:\08_Dataset\Internal\mar2020\pickle_files\ea5076460646f0dda1e9783ba507387a4e46dd6b.pkl,1
D:\08_Dataset\Internal\mar2020\pickle_files\a35048243a408f50df4d6768a58e1e568c0e4e4e.pkl,1
D:\08_Dataset\Internal\mar2020\pickle_files\80f3e5f9848ad5e485d7259d89fdbeb0228a18da.pkl,1
D:\08_Dataset\Internal\mar2020\pickle_files\91138ab140b4a61be0bcd4b1bdf8b74b6b3db458.pkl,1
D:\08_Dataset\Internal\mar2020\pickle_files\005c9ba24a47fbfdfa33cd67fbc0311e8d74032d.pkl,1
D:\08_Dataset\Internal\mar2020\pickle_files\f36581c1a42caa20e8c0b9c3f757c406ad0f03bf.pkl,1
D:\08_Dataset\Internal\mar2020\pickle_files\b3031323e79a9c85c04eab39f3403aea2e48a172.pkl,1
D:\08_Dataset\Internal\mar2020\pickle_files\6f2f109449165131512d79cb4e7d95b4dcf041aa.pkl,1
D:\08_Dataset\Internal\mar2020\pickle_files\34bf4f7e96fe18d0c5a1420b465fd32dd093a875.pkl,1
D:\08_Dataset\Internal\mar2020\pickle_files\c4e3fcc45fa72af5fc6d50a80de4ee00443e0e8b.pkl,1
D:\08_Dataset\Internal\mar2020\pickle_files\53a5ece729c6bf855033fd2ddc31edb35d35041c.pkl,1
D:\08_Dataset\Internal\mar2020\pickle_files\22ebb6adc888465869306dfd3a7bed3ead500f82.pkl,1
D:\08_Dataset\Internal\mar2020\pickle_files\f18bb6ab8ac1701555ba65661c50aaccff877388.pkl,1
D:\08_Dataset\Internal\mar2020\pickle_files\49b7e2ac735e2039b3b284e2287d6bd884af3807.pkl,1
D:\08_Dataset\Internal\mar2020\pickle_files\ba1f750677138e8b6f0ced7b4470de7da0ee0fac.pkl,1
D:\08_Dataset\Internal\mar2020\pickle_files\6a5c9941548afbdf8c69a05b3f958ea909cce87d.pkl,1
D:\08_Dataset\Internal\mar2020\pickle_files\b4c1e3b8578392a0b4d42ce6cc7fbf7a73dbedef.pkl,1
D:\08_Dataset\Internal\mar2020\pickle_files\1f14d3b9302166a33b6b5c85aee34a626c01e18a.pkl,1
D:\08_Dataset\Internal\mar2020\pickle_files\073870f706ad5e4a4969aa56deb386ac68aee34e.pkl,1
D:\08_Dataset\Internal\mar2020\pickle_files\f4c69fad898befb751e7c350ccb0219907fc915d.pkl,1
D:\08_Dataset\Internal\mar2020\pickle_files\519af6b6215e2eb5cba637ab152a168757f03d86.pkl,1
D:\08_Dataset\Internal\mar2020\pickle_files\2a932ea74f5590fd63536e9366d5fd8d39b02209.pkl,1
D:\08_Dataset\Internal\mar2020\pickle_files\712853e6ad4b1d468f20bfa12002809304fd9aaf.pkl,1
D:\08_Dataset\Internal\mar2020\pickle_files\fab4bcb1a97c819e33b6f0d4f1f1ec78d65a1352.pkl,1
D:\08_Dataset\Internal\mar2020\pickle_files\29f4f653813824f59c7263098ccb081abf024bb0.pkl,1
D:\08_Dataset\Internal\mar2020\pickle_files\8a32d6705763eca6ae54edabbb8bcaee2d73c2e8.pkl,1
D:\08_Dataset\Internal\mar2020\pickle_files\de0a3a9e85f93536af4bf18afe5c069a66843f8f.pkl,1
D:\08_Dataset\Internal\mar2020\pickle_files\f61ad5f34e5686050f740c7d3e7811c4ff020a76.pkl,1
D:\08_Dataset\Internal\mar2020\pickle_files\bcf58555baa157b0f092f5840660cded0b6cfd28.pkl,1
D:\08_Dataset\Internal\mar2020\pickle_files\fd847a7fe7487ed5553befacab2968c5bae355d7.pkl,1
D:\08_Dataset\Internal\mar2020\pickle_files\1de2cf370ca2ead3601896d459be2c5cbcff6406.pkl,1
D:\08_Dataset\Internal\mar2020\pickle_files\a8bf682111bf6212a45c89460b300e55707e9fc2.pkl,1
D:\08_Dataset\Internal\mar2020\pickle_files\356deb817ea9dbae21aa3931550c6fd73bab81df.pkl,1
D:\08_Dataset\Internal\mar2020\pickle_files\4d944db45f41a140672cad3d0e5857ee56f1ee59.pkl,1
D:\08_Dataset\Internal\mar2020\pickle_files\54254d9eb64199a611472a9b3085bdac66537f68.pkl,1
D:\08_Dataset\Internal\mar2020\pickle_files\7789816e6dfe280bb58cece810c0227204b71b82.pkl,1
D:\08_Dataset\Internal\mar2020\pickle_files\bbe7f4777ab41f92380feb56884ca17ba2c56067.pkl,1
D:\08_Dataset\Internal\mar2020\pickle_files\05ea2c515782fa8afdd8f36696785bbf296468a5.pkl,1
D:\08_Dataset\Internal\mar2020\pickle_files\1efa0674bb2e26f4a42b922ac51fe0bb3b4878ee.pkl,1
D:\08_Dataset\Internal\mar2020\pickle_files\e4984e2090ae38d56f4a4185dda72bef4366dddf.pkl,1
D:\08_Dataset\Internal\mar2020\pickle_files\03f716ba4fda014d61e25d0db3d5c9a43fd0a714.pkl,1
D:\08_Dataset\Internal\mar2020\pickle_files\f855a9aab0724866077e4b97698db89943137ef5.pkl,1
D:\08_Dataset\Internal\mar2020\pickle_files\4fb186d1304438eae0e71ef40ae4dbe413f67f73.pkl,1
D:\08_Dataset\Internal\mar2020\pickle_files\345fe07a0a5e965028135e39dd6e6da8fad9182c.pkl,1
D:\08_Dataset\Internal\mar2020\pickle_files\9fb2256df8afddab85ae723b90e26a2e0520271a.pkl,1
D:\08_Dataset\Internal\mar2020\pickle_files\adfd7cefd4b0c49dd7bc7ca82359b4b747a6fc98.pkl,1
D:\08_Dataset\Internal\mar2020\pickle_files\823b21bea7d839abb98499dc64a74be5a1378ef4.pkl,1
D:\08_Dataset\Internal\mar2020\pickle_files\1fc9750e3c10a0c5969e344c3e0702745661333c.pkl,1
D:\08_Dataset\Internal\mar2020\pickle_files\ade6068f4b79ad8ae70587f4d87a26a212ed29c8.pkl,1
D:\08_Dataset\Internal\mar2020\pickle_files\3599843c49707ee5acb9d26b2ffdbb12fa7e1432.pkl,1
D:\08_Dataset\Internal\mar2020\pickle_files\f976c9b014dc6604130ee1937b79e19264569a4c.pkl,1
D:\08_Dataset\Internal\mar2020\pickle_files\527ef9b49ca0a4d21029a670c25901bfc9536cac.pkl,1
D:\08_Dataset\Internal\mar2020\pickle_files\faa38692bb2eeb4b7a51df63729a2a80f2d76e0a.pkl,1
D:\08_Dataset\Internal\mar2020\pickle_files\8bafb4cb52e9dbc050368911c1c0a93a6f709071.pkl,1
D:\08_Dataset\Internal\mar2020\pickle_files\ff17dd4f4f07fc4f1ad31eeee0c6d02bd0d3e908.pkl,1
D:\08_Dataset\Internal\mar2020\pickle_files\3d5f9d9505da434ed598d1dc520af62703a9bab4.pkl,1
D:\08_Dataset\Internal\mar2020\pickle_files\8592254f2c08113696203e2e81d26db0abb8c4ac.pkl,1
D:\08_Dataset\Internal\mar2020\pickle_files\112eabd1a602864ea3cc09d13ea73af8a5a4c30e.pkl,1
D:\08_Dataset\Internal\mar2020\pickle_files\424028dcda91a956199e2b214c081fc2de93afe3.pkl,1
D:\08_Dataset\Internal\mar2020\pickle_files\e81ad863a4e85ec081be365c93a7eba902171d18.pkl,1
D:\08_Dataset\Internal\mar2020\pickle_files\349ca62a47a8b72dd6182ed519a907ed6706a59d.pkl,1
D:\08_Dataset\Internal\mar2020\pickle_files\8f0b51bed7dbb3e7d4de89defd5e4ae9428cb36c.pkl,1
D:\08_Dataset\Internal\mar2020\pickle_files\b9a7a295f65ff09f0483085913d8018d272f5083.pkl,1
D:\08_Dataset\Internal\mar2020\pickle_files\27953b2d21b462ff00701c2abbb6283d92f3673e.pkl,1
D:\08_Dataset\Internal\mar2020\pickle_files\dccc9416ddf79212303e1aa93f542bbfc18a16b5.pkl,1
D:\08_Dataset\Internal\mar2020\pickle_files\ec025fe5a7bc1017b7db524cb536670eddd5ae33.pkl,1
D:\08_Dataset\Internal\mar2020\pickle_files\a1aaf4460854aef652dfacb977b43ea769feb8fc.pkl,1
D:\08_Dataset\Internal\mar2020\pickle_files\270df8fa3f6b2a4b3e9b2b78a8ddb0ff41d32bc9.pkl,1
D:\08_Dataset\Internal\mar2020\pickle_files\d568914f5738d4c1c3c779dd040c5949dd4a3b93.pkl,1
D:\08_Dataset\Internal\mar2020\pickle_files\1e25a6485d42ae45a298522ebeab7a3a37ba4039.pkl,1
D:\08_Dataset\Internal\mar2020\pickle_files\de82dc0f014145c9d4aa14f37a5ec894d1cf4ad0.pkl,1
D:\08_Dataset\Internal\mar2020\pickle_files\4ca1791429a26239d290381415fb8cbf218d75e6.pkl,1
D:\08_Dataset\Internal\mar2020\pickle_files\fd24b17b4223e011eb02cee54cbf4a368cab00f4.pkl,1
D:\08_Dataset\Internal\mar2020\pickle_files\8528ca5972df7a068e647b142fd92ae8a17c122c.pkl,1
D:\08_Dataset\Internal\mar2020\pickle_files\f4086f2a39b6d7bb4c221421d0b603da1e2f59a3.pkl,1
D:\08_Dataset\Internal\mar2020\pickle_files\69d65ba6a73c27c13f00bda016f15d8ff98d0cac.pkl,1
D:\08_Dataset\Internal\mar2020\pickle_files\f07f786b74b70f11f3ac980aebab55602d175f7d.pkl,1
D:\08_Dataset\Internal\mar2020\pickle_files\5239c5000b40cb38fc21a52dd85dbb0ce3b66ebf.pkl,1
D:\08_Dataset\Internal\mar2020\pickle_files\f1da590043efa50364360b98d1403f0be3369960.pkl,1
D:\08_Dataset\Internal\mar2020\pickle_files\5e792f7f96fa8008cb8171139d882768b0193062.pkl,1
D:\08_Dataset\Internal\mar2020\pickle_files\c7d28ea5c329fe61f9c45844e60eb48fc9dd92de.pkl,1
D:\08_Dataset\Internal\mar2020\pickle_files\a96178f0b8db1378931ad0bcf728139611146ee0.pkl,1
D:\08_Dataset\Internal\mar2020\pickle_files\f6c0389235c7d3b29d8e69bf427973d67b988998.pkl,1
D:\08_Dataset\Internal\mar2020\pickle_files\04e6d2c51624b54cdf4228712528033e9da16c20.pkl,1
D:\08_Dataset\Internal\mar2020\pickle_files\74a3ec1c388f8bb713a1c2e2ea7e26e2ce1c88c2.pkl,1
D:\08_Dataset\Internal\mar2020\pickle_files\64ca173c80a6922e2dd9db19307a25c09d2d146c.pkl,1
D:\08_Dataset\Internal\mar2020\pickle_files\367c584e51790b3516090865e2636fefed6e8b84.pkl,1
D:\08_Dataset\Internal\mar2020\pickle_files\327447a838f12fd74eca3723726df71519119327.pkl,1
D:\08_Dataset\Internal\mar2020\pickle_files\314166cd5749c3669600476aec7f61da26796faf.pkl,1
D:\08_Dataset\Internal\mar2020\pickle_files\8a84e207aad16b4f33fc42c0d3865fbb48bb7dce.pkl,1
D:\08_Dataset\Internal\mar2020\pickle_files\faa192765a2d1086dfa2bb36976cd7f95bc917e8.pkl,1
D:\08_Dataset\Internal\mar2020\pickle_files\8284e151777537cd9b310f7032b6ed03cd81ed63.pkl,1
D:\08_Dataset\Internal\mar2020\pickle_files\b209ab188028e280cdacaf00d13ecdb1cf2d94e3.pkl,1
D:\08_Dataset\Internal\mar2020\pickle_files\b8b9bbe74665fa50310d50b0d557d21eb082df24.pkl,1
D:\08_Dataset\Internal\mar2020\pickle_files\b5a8e29bee6815056f135fbb7affd90ca47c8733.pkl,1
D:\08_Dataset\Internal\mar2020\pickle_files\a20c36174925664fc15943c127b79d5b004639cd.pkl,1
D:\08_Dataset\Internal\mar2020\pickle_files\682f4392918438deea6afd25fba821d3ed0a8a8a.pkl,1
D:\08_Dataset\Internal\mar2020\pickle_files\5761f0247d7ee4bc78e181f68af5107e6489a354.pkl,1
D:\08_Dataset\Internal\mar2020\pickle_files\edf6b30a9c7030c7a8ba4d844acd6480dd5e7295.pkl,1
D:\08_Dataset\Internal\mar2020\pickle_files\9992a2a24337d90a4dcdcbabb60fedd7c4812829.pkl,1
D:\08_Dataset\Internal\mar2020\pickle_files\a6a94f6720b60568f784ccd7f26f444670842bfc.pkl,1
D:\08_Dataset\Internal\mar2020\pickle_files\221073c306f6c7e5ba65c33b058494d2fb0a74aa.pkl,1
D:\08_Dataset\Internal\mar2020\pickle_files\b18b761d53dc48baef2fba4e8e48ec2877443832.pkl,1
D:\08_Dataset\Internal\mar2020\pickle_files\dbafbaaf6e7559423d46d04403ca9c995d308351.pkl,1
D:\08_Dataset\Internal\mar2020\pickle_files\7e61ae48cf68ad0d3f440854f69a90841354e783.pkl,1
D:\08_Dataset\Internal\mar2020\pickle_files\70bb4d6ca5a89e74ad63b0212087c1d44edfec17.pkl,1
D:\08_Dataset\Internal\mar2020\pickle_files\4e52508f088421bb429cdb071e9b6aca98484543.pkl,1
D:\08_Dataset\Internal\mar2020\pickle_files\da7d63b98a46fc6ec12e51e7ad298f5c6fabde52.pkl,1
D:\08_Dataset\Internal\mar2020\pickle_files\726de73b67db400174195a19029bf1764a9c2ffb.pkl,1
D:\08_Dataset\Internal\mar2020\pickle_files\0241e88f45c1b43c217ba1732d67f5c7c58833e7.pkl,1
D:\08_Dataset\Internal\mar2020\pickle_files\b03cc739f00afb990084eca555f9b5d2720266fa.pkl,1
D:\08_Dataset\Internal\mar2020\pickle_files\9bc918ba7e50d8c5472440224ebdc6edd13e771a.pkl,1
D:\08_Dataset\Internal\mar2020\pickle_files\89f05c641335fd94bd97421df352d82fc9806922.pkl,1
D:\08_Dataset\Internal\mar2020\pickle_files\c517a23c94da825b07e94cc311d83dd9afd30c21.pkl,1
D:\08_Dataset\Internal\mar2020\pickle_files\49f36af80a036fd592894e0e2bcaafd90ed139be.pkl,1
D:\08_Dataset\Internal\mar2020\pickle_files\9624106eac189b7f3bbb774a47216303912c146a.pkl,1
D:\08_Dataset\Internal\mar2020\pickle_files\d31721b3cda44e8ddbc12d17943ff4b26fb4a00c.pkl,1
D:\08_Dataset\Internal\mar2020\pickle_files\7bcfb68b3ae7b2b5caa189b0226358e9e5d2f1fb.pkl,1
D:\08_Dataset\Internal\mar2020\pickle_files\1cc339fcebde8921048a670df8b28906d4e8badf.pkl,1
D:\08_Dataset\Internal\mar2020\pickle_files\edf1665539e92d16a421d1998ddb3cc40fa61f67.pkl,1
D:\08_Dataset\Internal\mar2020\pickle_files\935085cce2a6fb28a7bf52fe7bae7f51b086fea3.pkl,1
D:\08_Dataset\Internal\mar2020\pickle_files\ea6986a4cf91438e3ccdb93632db3458a87dfe0a.pkl,1
D:\08_Dataset\Internal\mar2020\pickle_files\178f689138e2a456b9ea74dc6065b9700979452a.pkl,1
D:\08_Dataset\Internal\mar2020\pickle_files\1b784648ac2bef509bb62db0bde0b6675b8bf391.pkl,1
D:\08_Dataset\Internal\mar2020\pickle_files\2689a764d982929227b04c21d5b0650d01bf5ff3.pkl,1
D:\08_Dataset\Internal\mar2020\pickle_files\be0fa67b10fa15cca77d9791dcdd39447fc2c695.pkl,1
D:\08_Dataset\Internal\mar2020\pickle_files\21b23adf214c4fbc6504493e1235b15ab70f603e.pkl,1
D:\08_Dataset\Internal\mar2020\pickle_files\50599b2ad0937cdaa45c5c51be1867433a1b9164.pkl,1
D:\08_Dataset\Internal\mar2020\pickle_files\1c65798376bc3dd1770676db1d090b95df61a2c9.pkl,1
D:\08_Dataset\Internal\mar2020\pickle_files\4642c161af46776b71484d2fab0233f1b9cd07c6.pkl,1
D:\08_Dataset\Internal\mar2020\pickle_files\a39c676a7c3d69eed8801b0f4eb9c29a4570bae8.pkl,1
D:\08_Dataset\Internal\mar2020\pickle_files\1f5235656ec3982a1c4f9c9398f871e2cb972c3c.pkl,1
D:\08_Dataset\Internal\mar2020\pickle_files\eca0357a32c12f2caca29e70d13794d491136138.pkl,1
D:\08_Dataset\Internal\mar2020\pickle_files\751c8dde30a3664263be817e8df3c40423fa94c5.pkl,1
D:\08_Dataset\Internal\mar2020\pickle_files\20015041cdddc890cd2fad9bcbe08e623d0b0c98.pkl,1
D:\08_Dataset\Internal\mar2020\pickle_files\71798c6d6eb61e34e80919ccbe2584016f0dfe1f.pkl,1
D:\08_Dataset\Internal\mar2020\pickle_files\52e15bca3bf362cb1c8c7e27b89ef8fff3720936.pkl,1
D:\08_Dataset\Internal\mar2020\pickle_files\152714468fb9972b0cd93c3547f3a4010eeba899.pkl,1
D:\08_Dataset\Internal\mar2020\pickle_files\0566f446668af57a80a1cb4bb6cb48a84bd7b180.pkl,1
D:\08_Dataset\Internal\mar2020\pickle_files\b89c61171146594de182982e3181e75ad0d9425b.pkl,1
D:\08_Dataset\Internal\mar2020\pickle_files\2546db8d2a8bbd265667ba8ece0deebb8f8528ed.pkl,1
D:\08_Dataset\Internal\mar2020\pickle_files\2f4ea12ee63edb33aad68e7bf19b73a18ac7e938.pkl,1
D:\08_Dataset\Internal\mar2020\pickle_files\0d5140564d97c7d3e84eb8689ffc6923355d2e56.pkl,1
D:\08_Dataset\Internal\mar2020\pickle_files\fd14a3c1b711740f3934bcd8efba5253eb3cccaa.pkl,1
D:\08_Dataset\Internal\mar2020\pickle_files\df42e87e2e816e272e3f267c134295eedf47e375.pkl,1
D:\08_Dataset\Internal\mar2020\pickle_files\69e4847b1ed2488d2512b4d71381edd40c6c87fc.pkl,1
D:\08_Dataset\Internal\mar2020\pickle_files\50ec862f121e8dab91e87913802748933df09998.pkl,1
D:\08_Dataset\Internal\mar2020\pickle_files\233e6aa7d6e2190cd209c786010bc11d73b5f501.pkl,1
D:\08_Dataset\Internal\mar2020\pickle_files\3dcb3c84e5ae04ff1b18b53071525b525a025b76.pkl,1
D:\08_Dataset\Internal\mar2020\pickle_files\b32e1aed8be5447e5e42551d837b404589828760.pkl,1
D:\08_Dataset\Internal\mar2020\pickle_files\d2c5990e7c6647d7db29caa25b34cf52b77e1ebc.pkl,1
D:\08_Dataset\Internal\mar2020\pickle_files\651054bf7fe744a6beddefff6941bc74b7356dcb.pkl,1
D:\08_Dataset\Internal\mar2020\pickle_files\9f8cb6eeec31cdc9d22088e7e244f3146927db8b.pkl,1
D:\08_Dataset\Internal\mar2020\pickle_files\97198267af9b1ce748ccd17e2c6cab70c4c3cf93.pkl,1
D:\08_Dataset\Internal\mar2020\pickle_files\fbc41e521c9cdae7f0481b695e51d4f684903678.pkl,1
D:\08_Dataset\Internal\mar2020\pickle_files\22f65670eeae72c5593dd786828824c02b28cf62.pkl,1
D:\08_Dataset\Internal\mar2020\pickle_files\afeb6c08003cc13ee371bed0434223aadae043e8.pkl,1
D:\08_Dataset\Internal\mar2020\pickle_files\8cfe5f646ebc3f0c9656d7783c14d1b847cbec05.pkl,1
D:\08_Dataset\Internal\mar2020\pickle_files\cf3706101c555b9a8740231be8079c1cf81255c1.pkl,1
D:\08_Dataset\Internal\mar2020\pickle_files\e081fbbd41bc076cd47d7ea62f3ae03098fc1bb9.pkl,1
D:\08_Dataset\Internal\mar2020\pickle_files\51255a49c8e0a9641cfcab0af230925e3dbda7e9.pkl,1
D:\08_Dataset\Internal\mar2020\pickle_files\a61a0bb9b3061ac3de990b04c23c475893439ae4.pkl,1
D:\08_Dataset\Internal\mar2020\pickle_files\daec6104fe033f176800f516ab83fe75ca3045ec.pkl,1
D:\08_Dataset\Internal\mar2020\pickle_files\99ec3ddc58afc8b4303620a452059fe7db1c2016.pkl,1
D:\08_Dataset\Internal\mar2020\pickle_files\cc9ed2743742c34e348b5c4f0b7f90e2b05ae566.pkl,1
D:\08_Dataset\Internal\mar2020\pickle_files\8633c00843ae2fb2b02d4ea326b3fe93b028388e.pkl,1
D:\08_Dataset\Internal\mar2020\pickle_files\ee322869e6a9f77557bd7376eaf7afb423d93c12.pkl,1
D:\08_Dataset\Internal\mar2020\pickle_files\e042db2b3e08b6a82895eb713a7e1df2369fc110.pkl,1
D:\08_Dataset\Internal\mar2020\pickle_files\30d701769f127d9e7de09a4dd901c45271606b80.pkl,1
D:\08_Dataset\Internal\mar2020\pickle_files\4e50c7328f99277f80e8ae8526197956f6fd8da3.pkl,1
D:\08_Dataset\Internal\mar2020\pickle_files\697be3adeef328bb4d836f6b4bf3700fd7c49890.pkl,1
D:\08_Dataset\Internal\mar2020\pickle_files\d5dbd6ca7a2dc9da9ad8ff4ce3e98864cc1f040b.pkl,1
D:\08_Dataset\Internal\mar2020\pickle_files\08289cc08a29458f265849794bce376ac4ed9073.pkl,1
D:\08_Dataset\Internal\mar2020\pickle_files\157f3ed72c80a690544097ac6bc89790fbf0be35.pkl,1
D:\08_Dataset\Internal\mar2020\pickle_files\e480d6d42ad6fb3eb5659f7aa785d8dea8cf744e.pkl,1
D:\08_Dataset\Internal\mar2020\pickle_files\1219a16c8f5972a9d8aa5717771fb7efbb63a9de.pkl,1
D:\08_Dataset\Internal\mar2020\pickle_files\64c6a86f78dabf434c8c6c23227069637683de90.pkl,1
D:\08_Dataset\Internal\mar2020\pickle_files\d80feca6cfe45c6f7511d838ee8b0cc1592e2ad0.pkl,1
D:\08_Dataset\Internal\mar2020\pickle_files\96ecbcea84580116c0ed8bb354a3520aa0324c73.pkl,1
D:\08_Dataset\Internal\mar2020\pickle_files\d14a671efebb3b5ca49ad21a6e278222e3e5b37d.pkl,1
D:\08_Dataset\Internal\mar2020\pickle_files\adf226ad2d351eeaa315d4654115ddfc40ec5288.pkl,1
D:\08_Dataset\Internal\mar2020\pickle_files\a55ed9a11ea43baabb56f9935bf4f96d7e61022d.pkl,1
D:\08_Dataset\Internal\mar2020\pickle_files\89ff08668b8e6f16b8a2c9d4780d8f26d1ab5341.pkl,1
D:\08_Dataset\Internal\mar2020\pickle_files\43b7cc33fe015840597b81c95a5153dd5a2b9780.pkl,1
D:\08_Dataset\Internal\mar2020\pickle_files\d95624014a63b55656c72903f352c55ec70211e0.pkl,1
D:\08_Dataset\Internal\mar2020\pickle_files\c00545e2662af4cac5fbb786108de77af2ce0c2a.pkl,1
D:\08_Dataset\Internal\mar2020\pickle_files\79cb4c1f17622fe8438581d159b61b5d8cd2e681.pkl,1
D:\08_Dataset\Internal\mar2020\pickle_files\34a3247fb8735f08a3066e21c5c32fec633c074f.pkl,1
D:\08_Dataset\Internal\mar2020\pickle_files\824926ecc354332d3d232fd98a784064a2eabfc3.pkl,1
D:\08_Dataset\Internal\mar2020\pickle_files\9d0ad7442ff7a6621f3e75efd14d51ccea0cab9b.pkl,1
D:\08_Dataset\Internal\mar2020\pickle_files\e1bdfba2af75969c43fdffe0df3ff8acb688627c.pkl,1
D:\08_Dataset\Internal\mar2020\pickle_files\68efda35e065d481529bfd0a553b8ad2cbcbebe2.pkl,1
D:\08_Dataset\Internal\mar2020\pickle_files\dcb6b77177f0e7c9f9a70ecb98321bef96623260.pkl,1
D:\08_Dataset\Internal\mar2020\pickle_files\917e676d485bc41a12da0d6b0050cceb20007e51.pkl,1
D:\08_Dataset\Internal\mar2020\pickle_files\742f5c04d4f0e818d02c25542e8e32380d50f376.pkl,1
D:\08_Dataset\Internal\mar2020\pickle_files\8a2fb62c9ceb26417f4d563d24a9fe83ee40550e.pkl,1
D:\08_Dataset\Internal\mar2020\pickle_files\8f93fae5545b1789a0d0ca5d74aa70782adedd22.pkl,1
D:\08_Dataset\Internal\mar2020\pickle_files\e14e636d92ec0f2626fe505bd3fb260f4a025cae.pkl,1
D:\08_Dataset\Internal\mar2020\pickle_files\98ad984297e5e30cd5a53331646272a5a46e5de9.pkl,1
D:\08_Dataset\Internal\mar2020\pickle_files\48d54ee3d11435387cb1473f35a0955f6fb76caa.pkl,1
D:\08_Dataset\Internal\mar2020\pickle_files\37d3d5b87528110236c69d38831059399d3ecd6e.pkl,1
D:\08_Dataset\Internal\mar2020\pickle_files\e974f3d179677a9aa9f75b80c39ee0c5d59e6428.pkl,1
D:\08_Dataset\Internal\mar2020\pickle_files\21e33514a4f3def0e723787208f7afb6019fc48f.pkl,1
D:\08_Dataset\Internal\mar2020\pickle_files\2f509cf9e893cf9fde41330409202dc3764f8594.pkl,1
D:\08_Dataset\Internal\mar2020\pickle_files\b66c374268f78429d9823cce2dc96b682d03c4f0.pkl,1
D:\08_Dataset\Internal\mar2020\pickle_files\8c5e624c2c8c709ac300e1bf762b7dcf3ef680f3.pkl,1
D:\08_Dataset\Internal\mar2020\pickle_files\2b1b1ea0d67861700df3e6ebf7b90e5dcbe95ccc.pkl,1
D:\08_Dataset\Internal\mar2020\pickle_files\c93594b258507f5b9ccd751316baf76ab042735d.pkl,1
D:\08_Dataset\Internal\mar2020\pickle_files\707b5fac54d9a10f9a02757a717839ace6dbc930.pkl,1
D:\08_Dataset\Internal\mar2020\pickle_files\acfd7035031633e3bb32b54faa63255253697e87.pkl,1
D:\08_Dataset\Internal\mar2020\pickle_files\c172e487a5a39372af56bf82d3c6ee90d1349edc.pkl,1
D:\08_Dataset\Internal\mar2020\pickle_files\c34f00933253a4dce89b161fb6cf4713f3def61f.pkl,1
D:\08_Dataset\Internal\mar2020\pickle_files\a6eb182d0733d802b587ca04af43c8ecc05eb62f.pkl,1
D:\08_Dataset\Internal\mar2020\pickle_files\132804451bc3d73adc64d762df9942fdda854882.pkl,1
D:\08_Dataset\Internal\mar2020\pickle_files\23ede7b7bf982957c421a7654579c3b31a48da09.pkl,1
D:\08_Dataset\Internal\mar2020\pickle_files\8dd2bad35bf7bc6c69dcdf77979ec4fca078e07a.pkl,1
D:\08_Dataset\Internal\mar2020\pickle_files\1c0c85587d39106513cecd9699fdca95631c4f2b.pkl,1
D:\08_Dataset\Internal\mar2020\pickle_files\3c948e7406fefeec096103438800e7f4cdf39b45.pkl,1
D:\08_Dataset\Internal\mar2020\pickle_files\db79b25f4ceab00afcd420859400e6495e40433f.pkl,1
D:\08_Dataset\Internal\mar2020\pickle_files\3edd281171ee9e249bd95b12c7e185ffe5a5ca74.pkl,1
D:\08_Dataset\Internal\mar2020\pickle_files\9745c2aa615b9c2dece69aacc475f1c7805d2145.pkl,1
D:\08_Dataset\Internal\mar2020\pickle_files\d7cfd545310d85b879a752ee3dee90bd52d6e584.pkl,1
D:\08_Dataset\Internal\mar2020\pickle_files\910508756daa819d808795e69ccb25b3c6d23605.pkl,1
D:\08_Dataset\Internal\mar2020\pickle_files\ecea9e6a2acceaaac5b78030ea7ccb784154ac35.pkl,1
D:\08_Dataset\Internal\mar2020\pickle_files\b85e6964286737fdd1a2abc51316e0705fb1ee24.pkl,1
D:\08_Dataset\Internal\mar2020\pickle_files\4a1e80856262a06b40558f6048bd912108aebce9.pkl,1
D:\08_Dataset\Internal\mar2020\pickle_files\58c9d2de8dbdde0c8d08094cfcea5e16b1c9911a.pkl,1
D:\08_Dataset\Internal\mar2020\pickle_files\035bb8e61b04fd8c75fcbd85c3ab014f27375d77.pkl,1
D:\08_Dataset\Internal\mar2020\pickle_files\c0ff1a9c2314a3e2215e99bb001900e1bf75f85f.pkl,1
D:\08_Dataset\Internal\mar2020\pickle_files\fc97b26190d16e7e4f7888ab26858cf8718611f8.pkl,1
D:\08_Dataset\Internal\mar2020\pickle_files\311432cf69b145b470afa68ee84fed90787a0396.pkl,1
D:\08_Dataset\Internal\mar2020\pickle_files\1d38e95fa1b5542416ad7b9f0958e928bb646341.pkl,1
D:\08_Dataset\Internal\mar2020\pickle_files\3a60140db10e81446ffd54f920a4dda0d7e8c077.pkl,1
D:\08_Dataset\Internal\mar2020\pickle_files\fa640c5d987f58efaf29e5d040e1708ecf90429c.pkl,1
D:\08_Dataset\Internal\mar2020\pickle_files\d8940d1dae2f31aff969e6f997188e8d62b79e40.pkl,1
D:\08_Dataset\Internal\mar2020\pickle_files\b0db3962c0a6dceeaf171b92e589b515e3941396.pkl,1
D:\08_Dataset\Internal\mar2020\pickle_files\b1d41ef37c7e7b72d8d4540be116a75146f8bc60.pkl,1
D:\08_Dataset\Internal\mar2020\pickle_files\a007c7ad0b2c872ad3e137450ece364038c5cdaa.pkl,1
D:\08_Dataset\Internal\mar2020\pickle_files\8242e0c4bf34a246de696326e8e7622d21f0a25d.pkl,1
D:\08_Dataset\Internal\mar2020\pickle_files\31365783ac8dcbeef3579dd6f99ed65991f7a132.pkl,1
D:\08_Dataset\Internal\mar2020\pickle_files\765bfa0d61a075bfbd5b1b28c073e73ec3be5a53.pkl,1
D:\08_Dataset\Internal\mar2020\pickle_files\6e558eedafebf231426bfc88d93efe084e59b8e2.pkl,1
D:\08_Dataset\Internal\mar2020\pickle_files\6423362c9c3083517fc27204e62e4cbc4b099f60.pkl,1
D:\08_Dataset\Internal\mar2020\pickle_files\3070b63dbd7497661396571051d9710e43793069.pkl,1
D:\08_Dataset\Internal\mar2020\pickle_files\d6041cba3c377cf913ed6b313409267b67563606.pkl,1
D:\08_Dataset\Internal\mar2020\pickle_files\650bd1d1309f29b8e6e2d063479167345deb2e71.pkl,1
D:\08_Dataset\Internal\mar2020\pickle_files\2cdef9d73f997266e81be8346a3342ec154de516.pkl,1
D:\08_Dataset\Internal\mar2020\pickle_files\345852a5a12918ce962aab205e46d6054c7b33cd.pkl,1
D:\08_Dataset\Internal\mar2020\pickle_files\7dd12244b4029cafeb02877673e7d2bebbdfa2a2.pkl,1
D:\08_Dataset\Internal\mar2020\pickle_files\129b2fa9624b49c1a90bc586d742ddcdb5e0123e.pkl,1
D:\08_Dataset\Internal\mar2020\pickle_files\6aed070225edf401aa5ff18a677f5806eb100cce.pkl,1
D:\08_Dataset\Internal\mar2020\pickle_files\93e8db932e0474d30c4a210d61dc8dd93032a9cc.pkl,1
D:\08_Dataset\Internal\mar2020\pickle_files\e6a7296ea3e4de95fa34ece56da7c02e9f3d7841.pkl,1
D:\08_Dataset\Internal\mar2020\pickle_files\ae5b8230de3c1bef0efe78f2a042417a00f3abea.pkl,1
D:\08_Dataset\Internal\mar2020\pickle_files\5ee5c6d60c805279619eb9324a3e340de7b72950.pkl,1
D:\08_Dataset\Internal\mar2020\pickle_files\403edb57b58f498cd21acae0c5132d6d934e70b7.pkl,1
D:\08_Dataset\Internal\mar2020\pickle_files\2592df057acebc8aed2b255236a9f7b561c14765.pkl,1
D:\08_Dataset\Internal\mar2020\pickle_files\7cb63db628d821fe38d29f0af850775d56f0dc0f.pkl,1
D:\08_Dataset\Internal\mar2020\pickle_files\f0f3dc3c1c23b6c667be9d6165788ba25328c87f.pkl,1
D:\08_Dataset\Internal\mar2020\pickle_files\29395e4fd424bbaf99892d6cd90a0eff7547aacb.pkl,1
D:\08_Dataset\Internal\mar2020\pickle_files\d93e2a0e940157826bdd5c88b5265be03091242a.pkl,1
D:\08_Dataset\Internal\mar2020\pickle_files\f1b96b64f4679a247d3405b6614a943ed9c75a1a.pkl,1
D:\08_Dataset\Internal\mar2020\pickle_files\f2d964e1cd806523ee34d2c2501d160b95454281.pkl,1
D:\08_Dataset\Internal\mar2020\pickle_files\1d9cb133c41e8109250fb25336f810be8bdf6518.pkl,1
D:\08_Dataset\Internal\mar2020\pickle_files\9a742bd06ddaae5760e62c1735dddf3e0f1dbe21.pkl,1
D:\08_Dataset\Internal\mar2020\pickle_files\c53f7ea275512aa5e50bf422103aa19121ecf4d1.pkl,1
D:\08_Dataset\Internal\mar2020\pickle_files\ccd29b10ea0580ffb687a4240bd23bafde40a20e.pkl,1
D:\08_Dataset\Internal\mar2020\pickle_files\0b4a25cf07c8c2b617346e6d318442f9c5db9962.pkl,1
D:\08_Dataset\Internal\mar2020\pickle_files\54d9e4e98820a295033fcfdbb83d57cb932ec478.pkl,1
D:\08_Dataset\Internal\mar2020\pickle_files\6c800173ea920285c92b3246a2516f002d2ea409.pkl,1
D:\08_Dataset\Internal\mar2020\pickle_files\16d398cd08381c54bbf1a5235b1273dc7aa87e82.pkl,1
D:\08_Dataset\Internal\mar2020\pickle_files\998703e41666607b95badb7412827558f536257b.pkl,1
D:\08_Dataset\Internal\mar2020\pickle_files\4378c472a49eff634ce213cdbceb47d9b34cef5c.pkl,1
D:\08_Dataset\Internal\mar2020\pickle_files\897669cf003fe2f7801d4b374a3b8a8cf24f952b.pkl,1
D:\08_Dataset\Internal\mar2020\pickle_files\49e1f822d0c3e57673395e11780416c7684540b6.pkl,1
D:\08_Dataset\Internal\mar2020\pickle_files\2caf226f1550ae0e26cfa1a68f845d0ff542443c.pkl,1
D:\08_Dataset\Internal\mar2020\pickle_files\290f8e2c19e286e867ad10f4bfc84a1e7075c961.pkl,1
D:\08_Dataset\Internal\mar2020\pickle_files\c9a8ae478d2444f8bc9daee022f67aaad2fbc3d8.pkl,1
D:\08_Dataset\Internal\mar2020\pickle_files\d63b66f36f5e4205f0947092015ca9a1f9ab0648.pkl,1
D:\08_Dataset\Internal\mar2020\pickle_files\61bd9b3375549dd84d4c60cb511fdc9ccc55b51e.pkl,1
D:\08_Dataset\Internal\mar2020\pickle_files\1c2d50aa4eb5f42409a3cb95ef3e38c1dbc269af.pkl,1
D:\08_Dataset\Internal\mar2020\pickle_files\acdc3ddd1462199fdeadc3faa3420aa74525924c.pkl,1
D:\08_Dataset\Internal\mar2020\pickle_files\a3d7b74aa16f908ed222e6f2aae228edb1c5fdd0.pkl,1
D:\08_Dataset\Internal\mar2020\pickle_files\2a49847e43f34e25a4bb2426e0b11d664e38b079.pkl,1
D:\08_Dataset\Internal\mar2020\pickle_files\032e9d777fc1659332b8833bc8e6c10d395cc8fc.pkl,1
D:\08_Dataset\Internal\mar2020\pickle_files\db968ee2bca3f231178820057897f05ea53477f0.pkl,1
D:\08_Dataset\Internal\mar2020\pickle_files\5a5aa3f29ffb09ca4f10d1b5e3d7663630a028ea.pkl,1
D:\08_Dataset\Internal\mar2020\pickle_files\82f6875d5f1ade445d3e450b2287e036fda75d32.pkl,1
D:\08_Dataset\Internal\mar2020\pickle_files\c7b3011024ab773f20f886bde4ee6457b348b00f.pkl,1
D:\08_Dataset\Internal\mar2020\pickle_files\d7987858e214ea77603de704ddd07cf93da4cddc.pkl,1
D:\08_Dataset\Internal\mar2020\pickle_files\b4ec322c9029436c514c9946770b62f9f1326dec.pkl,1
D:\08_Dataset\Internal\mar2020\pickle_files\fb4994d17b1e69311ceb21368849cf9991870c78.pkl,1
D:\08_Dataset\Internal\mar2020\pickle_files\3b5733a7c02e4975f0b215f3dd3f3d997d09a5c5.pkl,1
D:\08_Dataset\Internal\mar2020\pickle_files\f8a8916afdef83ea7cbcbe8b7928a1f123305cd4.pkl,1
D:\08_Dataset\Internal\mar2020\pickle_files\b3ae1b08922eed843d69e7bcd5676ba53a64f890.pkl,1
D:\08_Dataset\Internal\mar2020\pickle_files\1f01a06f46f79b092a7baec341799d4248699c84.pkl,1
D:\08_Dataset\Internal\mar2020\pickle_files\66f7c14ef2cf0305d4cef30fa1fb3443a8fb3c0b.pkl,1
D:\08_Dataset\Internal\mar2020\pickle_files\41299b3ecf50874b6610fe59bb062a20d64f8ce4.pkl,1
D:\08_Dataset\Internal\mar2020\pickle_files\57054df2042153076403d70ed61a4faedfce71d4.pkl,1
D:\08_Dataset\Internal\mar2020\pickle_files\148e323e876491c4fbd9f88c09844e3ddc92848f.pkl,1
D:\08_Dataset\Internal\mar2020\pickle_files\ba7f7fa5afe0524aa975058d552add923d0f2ab3.pkl,1
D:\08_Dataset\Internal\mar2020\pickle_files\e92f817deb7834ccbdf28c8839d29d53eef67d5c.pkl,1
D:\08_Dataset\Internal\mar2020\pickle_files\0cf950dc46adb7cb262380bf7ef00fdb4ede8599.pkl,1
D:\08_Dataset\Internal\mar2020\pickle_files\b6675a2c20ee25f24ade8b885a60e935be7ce6fb.pkl,1
D:\08_Dataset\Internal\mar2020\pickle_files\54e2bf84557c3a3ba973017f1bcd7a7078cd0da3.pkl,1
D:\08_Dataset\Internal\mar2020\pickle_files\290ab6f431f46547db2628c494ce615d6061ceb8.pkl,1
D:\08_Dataset\Internal\mar2020\pickle_files\b1ca3aede8d3e62d162349f0513e546e59280d28.pkl,1
D:\08_Dataset\Internal\mar2020\pickle_files\17440989667b58b48778adc1fba833d581b14939.pkl,1
D:\08_Dataset\Internal\mar2020\pickle_files\c676eb6a521ad477e0a2b99c42122db5c651e015.pkl,1
D:\08_Dataset\Internal\mar2020\pickle_files\b7bad924ee09aff125d375e85d114d28fd31912c.pkl,1
D:\08_Dataset\Internal\mar2020\pickle_files\c14e5508615ca2c4d623e0eeda3d3a2de56e3065.pkl,1
D:\08_Dataset\Internal\mar2020\pickle_files\7aaa2ae9c75394fdfb6da65133313ed8fec0581c.pkl,1
D:\08_Dataset\Internal\mar2020\pickle_files\0196d075eade260d7953f8cc51db179b47860ca1.pkl,1
D:\08_Dataset\Internal\mar2020\pickle_files\7da1b4942a9a3f9cb267879e4a7fe08f702b9b5c.pkl,1
D:\08_Dataset\Internal\mar2020\pickle_files\6d7183eafed9b26aeb98ecd714209d2efc57de74.pkl,1
D:\08_Dataset\Internal\mar2020\pickle_files\36e2186da669c768f71b6ea00cbc9cfc1db903a9.pkl,1
D:\08_Dataset\Internal\mar2020\pickle_files\0bdc65b15b7a916829eb1adf98e692e768b581e4.pkl,1
D:\08_Dataset\Internal\mar2020\pickle_files\165e3da4f93e295d5e858ae2fce141db5fd64757.pkl,1
D:\08_Dataset\Internal\mar2020\pickle_files\356e34897e17d7a77b8f468cbc7e9497151c3271.pkl,1
D:\08_Dataset\Internal\mar2020\pickle_files\e95c6d6364f2f02ae6936a38120b853232620e2f.pkl,1
D:\08_Dataset\Internal\mar2020\pickle_files\865f1877cea6c4b789f6c02f17ce810026c08529.pkl,1
D:\08_Dataset\Internal\mar2020\pickle_files\7c5c0ec46d7099acb03544ab3dd3898c5d1ec7d5.pkl,1
D:\08_Dataset\Internal\mar2020\pickle_files\70521c38110e5e450ff2d4a35f0f23bb52decf69.pkl,1
D:\08_Dataset\Internal\mar2020\pickle_files\746a137cd76ec4dd8583c18cb0a9f6654e6d8924.pkl,1
D:\08_Dataset\Internal\mar2020\pickle_files\63a0f8614731db9fab4218cad3fe4743f7baa32e.pkl,1
D:\08_Dataset\Internal\mar2020\pickle_files\abc2a91d5fd78dfc5f445a35b83d45839c65423c.pkl,1
D:\08_Dataset\Internal\mar2020\pickle_files\63ef22f395036951a582c69b20a740373ddebd19.pkl,1
D:\08_Dataset\Internal\mar2020\pickle_files\961ba7b3fd0099855eb71fa0cba8a577b73cf8f4.pkl,1
D:\08_Dataset\Internal\mar2020\pickle_files\71748371ea95e00c17ef6c76141417a413472967.pkl,1
D:\08_Dataset\Internal\mar2020\pickle_files\1b352b4722a7d5ba051f172bb8da61fd891190ef.pkl,1
D:\08_Dataset\Internal\mar2020\pickle_files\0673151ca29e2cbb1ecf7327165f291fb880c4d2.pkl,1
D:\08_Dataset\Internal\mar2020\pickle_files\76ea7b391458e89f879b320042a6bfae03f85a4e.pkl,1
D:\08_Dataset\Internal\mar2020\pickle_files\4280f8aae15a91a51b781d323f7f76d08b5c3981.pkl,1
D:\08_Dataset\Internal\mar2020\pickle_files\7713cf8ed09cbd267f9ea82cf5a971397e8ce53b.pkl,1
D:\08_Dataset\Internal\mar2020\pickle_files\7395fe2837b36ab59cce6d49d9dccfa6a226ae76.pkl,1
D:\08_Dataset\Internal\mar2020\pickle_files\06816054f94853a3ef47a8e625ed13aa31ba98a3.pkl,1
D:\08_Dataset\Internal\mar2020\pickle_files\9a0d075d23578804b82d33a97d0366a69ab55175.pkl,1
D:\08_Dataset\Internal\mar2020\pickle_files\65b3d73808fb362f93c093a63600d8c7c0d4b335.pkl,1
D:\08_Dataset\Internal\mar2020\pickle_files\bdbd8c5ab656ad97ae395d0f2782b1a16a12f73a.pkl,1
D:\08_Dataset\Internal\mar2020\pickle_files\16419b86696352e4463ba462aed6e146b1ff7068.pkl,1
D:\08_Dataset\Internal\mar2020\pickle_files\b4a0d8951b4f464bd46c11a6e86adfa3c80ad20e.pkl,1
D:\08_Dataset\Internal\mar2020\pickle_files\cfddcbbd535610fba8aa4d0a0aa0f9e55be35aa5.pkl,1
D:\08_Dataset\Internal\mar2020\pickle_files\4b2bdcfb9e527ae8518fdf8b68ef93be361c45ae.pkl,1
D:\08_Dataset\Internal\mar2020\pickle_files\5f56e59d7a6e86e75440d4142fb01ed398c63f5d.pkl,1
D:\08_Dataset\Internal\mar2020\pickle_files\1c8eadab802441023ba6dd7f3905af0935a04f5f.pkl,1
D:\08_Dataset\Internal\mar2020\pickle_files\40dfa97e8115fd4eca41aba92fb682f15190b89d.pkl,1
D:\08_Dataset\Internal\mar2020\pickle_files\70f7522cfa1be14a42a7b0af8debce2ce8cf6568.pkl,1
D:\08_Dataset\Internal\mar2020\pickle_files\bc6150b909549e380fa098e120f8e7982ddb5c15.pkl,1
D:\08_Dataset\Internal\mar2020\pickle_files\71c541733c9a5f57052afca163a9924df25fe7ee.pkl,1
D:\08_Dataset\Internal\mar2020\pickle_files\56cf9437a24ebc79607427ed5a166f9966344512.pkl,1
D:\08_Dataset\Internal\mar2020\pickle_files\0b0f504244c9854c2c05cb5f6835b1c37c3bd32e.pkl,1
D:\08_Dataset\Internal\mar2020\pickle_files\2ced96c5fa929b79a63a330582df0e5361525e3d.pkl,1
D:\08_Dataset\Internal\mar2020\pickle_files\808638bc95d5eda872b5c343506985ecb4acd5d7.pkl,1
D:\08_Dataset\Internal\mar2020\pickle_files\50d1b145b12ad0314644eef641567e0dc61c929c.pkl,1
D:\08_Dataset\Internal\mar2020\pickle_files\e3cbce05e96c87dfec74494e9507f7e249dc37a3.pkl,1
D:\08_Dataset\Internal\mar2020\pickle_files\5480675535c33ac7b4d0070a9ae13c65c80f1c13.pkl,1
D:\08_Dataset\Internal\mar2020\pickle_files\249d0fd46cf749aa3c678a77acd3193feaecf472.pkl,1
D:\08_Dataset\Internal\mar2020\pickle_files\9a244a009bbf609fd30612f1fc85436b0428bac3.pkl,1
D:\08_Dataset\Internal\mar2020\pickle_files\738dacad092d00a9633353a342025655c1fc7b03.pkl,1
D:\08_Dataset\Internal\mar2020\pickle_files\a961f08fffa3e0f51f8d50cac242448561a2dad9.pkl,1
D:\08_Dataset\Internal\mar2020\pickle_files\6b31e69a9fd30736d4838836f3bf8b49c2e1b4c0.pkl,1
D:\08_Dataset\Internal\mar2020\pickle_files\189e36c1c9d8b447b35cbd989a260e21892deac0.pkl,1
D:\08_Dataset\Internal\mar2020\pickle_files\fea0bb426702b38d4bd31524c6496b7d18654e49.pkl,1
D:\08_Dataset\Internal\mar2020\pickle_files\b49d9e1336fc527b13c2f43c026995417c79ce3a.pkl,1
D:\08_Dataset\Internal\mar2020\pickle_files\a5cf7a479a77ebdc64859e69afb203552c1008bf.pkl,1
D:\08_Dataset\Internal\mar2020\pickle_files\08674a6dbad703949e62254b25db712aa59ee2b0.pkl,1
D:\08_Dataset\Internal\mar2020\pickle_files\760b2ee57d0094520802b88664fa65d20e3f1fcc.pkl,1
D:\08_Dataset\Internal\mar2020\pickle_files\f18c320e8cfeee59087392b28851878fa07faa89.pkl,1
D:\08_Dataset\Internal\mar2020\pickle_files\6713c87b29faddca98c09a08a43f11af9711f5e5.pkl,1
D:\08_Dataset\Internal\mar2020\pickle_files\8a14fcd541c89c7861c0d1b658ea3ffd861ab67a.pkl,1
D:\08_Dataset\Internal\mar2020\pickle_files\cec8b440229aa9ac6bd3becb0a1f6d542906f5cd.pkl,1
D:\08_Dataset\Internal\mar2020\pickle_files\898b2cc63c4e12a98f85ac296a6ec6c53bb43b1a.pkl,1
D:\08_Dataset\Internal\mar2020\pickle_files\5ae799c9370f8dd4ed1505f433d45ed43c903644.pkl,1
D:\08_Dataset\Internal\mar2020\pickle_files\716c26a54f027144f741f8e24ddc75465b021b92.pkl,1
D:\08_Dataset\Internal\mar2020\pickle_files\302bb49b86272dfa9a13257e235e5d89b2d7ce30.pkl,1
D:\08_Dataset\Internal\mar2020\pickle_files\ca90a5178db6e74b4d99cc34f4fa3f0b1e9910e0.pkl,1
D:\08_Dataset\Internal\mar2020\pickle_files\7c22d5d57d7cd5479dca7fc0bbcbd40ba61ce480.pkl,1
D:\08_Dataset\Internal\mar2020\pickle_files\2340a33eb45b6d45c006c82d58217f40365b6f88.pkl,1
D:\08_Dataset\Internal\mar2020\pickle_files\7d70727ecdcabdb4886790bbf98733c6adac4696.pkl,1
D:\08_Dataset\Internal\mar2020\pickle_files\850d27123352dbad9ca4c0188fc122f14aa7bf12.pkl,1
D:\08_Dataset\Internal\mar2020\pickle_files\045c04abd202dec3649a59af6530643b1d2a13e2.pkl,1
D:\08_Dataset\Internal\mar2020\pickle_files\6c11f6875aecc8b0003c15e6def35efa13440f83.pkl,1
D:\08_Dataset\Internal\mar2020\pickle_files\1c661ef24338246e08f8266c4b4a5a877de33138.pkl,1
D:\08_Dataset\Internal\mar2020\pickle_files\56432f2deecbc3f02d9f34e5ba720a71cdc7feba.pkl,1
D:\08_Dataset\Internal\mar2020\pickle_files\48ea3457b6f4f39ab7565a6ab0b9e0fd2bcd9537.pkl,1
D:\08_Dataset\Internal\mar2020\pickle_files\6788f24d55997347e4d71036f9b31f253883afd1.pkl,1
D:\08_Dataset\Internal\mar2020\pickle_files\5d6c84aaf00ff49e2b7e86addd43474b1a76d56e.pkl,1
D:\08_Dataset\Internal\mar2020\pickle_files\0e29c81469ce096873fac317ad16c792d8506468.pkl,1
D:\08_Dataset\Internal\mar2020\pickle_files\1a835b39f3609b845a83a14dbca3c82498a9222a.pkl,1
D:\08_Dataset\Internal\mar2020\pickle_files\857a5dde7420a8d3767cdc71995e374d102a544c.pkl,1
D:\08_Dataset\Internal\mar2020\pickle_files\c52c8f83fe3f5fbbbcfbd21205b17e391be712b6.pkl,1
D:\08_Dataset\Internal\mar2020\pickle_files\9cd4019c4ab12b8b4582f39c947af4f86d18a8f6.pkl,1
D:\08_Dataset\Internal\mar2020\pickle_files\dd4605e26b48b7c231dbeba5e8faa91f33d21b2b.pkl,1
D:\08_Dataset\Internal\mar2020\pickle_files\558da9f1cae2c13f31abacb577870ea2b0c7935c.pkl,1
D:\08_Dataset\Internal\mar2020\pickle_files\8673f7bb414dfa63c1809bd87d140a7da134a1d0.pkl,1
D:\08_Dataset\Internal\mar2020\pickle_files\ccb977d9b4779ed31c90f97eaf9cc1701dfe3c1d.pkl,1
D:\08_Dataset\Internal\mar2020\pickle_files\6487610d828027d0f5800fd5d279748c426ba21d.pkl,1
D:\08_Dataset\Internal\mar2020\pickle_files\4df92d5e9f90cfdbc182cf5921480276360c289f.pkl,1
D:\08_Dataset\Internal\mar2020\pickle_files\911c73945185167d586e330816a8ccb38a4768f3.pkl,1
D:\08_Dataset\Internal\mar2020\pickle_files\11cf905533601c58df7b83749dcd26df0f7b55c2.pkl,1
D:\08_Dataset\Internal\mar2020\pickle_files\8d677be7f53625b0dd613a6f5bec0bf307bad8d8.pkl,1
D:\08_Dataset\Internal\mar2020\pickle_files\709fac40e5956ffa136c0ca7fd0361802512dde2.pkl,1
D:\08_Dataset\Internal\mar2020\pickle_files\7d8b2198c4ea5edd1d98cdfc0218aa0ad5ded881.pkl,1
D:\08_Dataset\Internal\mar2020\pickle_files\6986d81cd3ebc7f25b9859d728360b9f31846e47.pkl,1
D:\08_Dataset\Internal\mar2020\pickle_files\225791e697d5a0007bc372f33e77fdbe68c890e9.pkl,1
D:\08_Dataset\Internal\mar2020\pickle_files\afd1991d8b7429c75f78ad84d9f60708385b83d9.pkl,1
D:\08_Dataset\Internal\mar2020\pickle_files\58bc864e3234fe9688747f9c8ffa77849e984c92.pkl,1
D:\08_Dataset\Internal\mar2020\pickle_files\78f274ff31e01ddff8f9cd1a6ff746bca0931f66.pkl,1
D:\08_Dataset\Internal\mar2020\pickle_files\3f83c53da61764e990d79cb5cf832d7435f8bea4.pkl,1
D:\08_Dataset\Internal\mar2020\pickle_files\f416002ef91f8791e51eee4ba4f4cdb2ebedc121.pkl,1
D:\08_Dataset\Internal\mar2020\pickle_files\567368abbec91d7a6c993a0c453ca8224c260f8b.pkl,1
D:\08_Dataset\Internal\mar2020\pickle_files\c20897a9998ee51be029a1bd651e3cdd66b08a2a.pkl,1
D:\08_Dataset\Internal\mar2020\pickle_files\19fdb2a8d7b5ef3bb9264bb26bcf5b5eef463ce4.pkl,1
D:\08_Dataset\Internal\mar2020\pickle_files\bad34fa4697d4506226f06db78331bf58da1728d.pkl,1
D:\08_Dataset\Internal\mar2020\pickle_files\babcf0b4a40a7f4121ca11d8c7432c76fc7ca47b.pkl,1
D:\08_Dataset\Internal\mar2020\pickle_files\b951c8b1032ba7281f84202060748a76f3cc1af8.pkl,1
D:\08_Dataset\Internal\mar2020\pickle_files\cf628c43e4f105f5e701000dc95f49600d916690.pkl,1
D:\08_Dataset\Internal\mar2020\pickle_files\42d6e78e2c2f6bf658fc01ad9e0bdf671cc40f85.pkl,1
D:\08_Dataset\Internal\mar2020\pickle_files\72378f080bd8d00673e7d4fcde73b6ab83cf4998.pkl,1
D:\08_Dataset\Internal\mar2020\pickle_files\ce9593bcfbc7bfa6d818c535b9f818c8f21a248a.pkl,1
D:\08_Dataset\Internal\mar2020\pickle_files\6b6f7bd6cf2bcfbcf73868ac47c5068ded8939f5.pkl,1
D:\08_Dataset\Internal\mar2020\pickle_files\b1da3c0eb8a13426d7236d38a23a50835e6d9136.pkl,1
D:\08_Dataset\Internal\mar2020\pickle_files\83e47cb87f8b6593e0de17aaff58f64874a7b3d1.pkl,1
D:\08_Dataset\Internal\mar2020\pickle_files\a35224e40450dbae371655c73cee07e84cd55003.pkl,1
D:\08_Dataset\Internal\mar2020\pickle_files\348e52ffee7b724f64fd428b124b6eac3328728f.pkl,1
D:\08_Dataset\Internal\mar2020\pickle_files\f57d5cd2148c63622649eb1bafd02cfefdcda21c.pkl,1
D:\08_Dataset\Internal\mar2020\pickle_files\2c3a72f372ca629ba81f009479f8fe6fe8c87a63.pkl,1
D:\08_Dataset\Internal\mar2020\pickle_files\c8fcf342e5a09d7923824f8035ed9a43042a30a4.pkl,1
D:\08_Dataset\Internal\mar2020\pickle_files\205270268f4cc37af8aaa6ff4f373885756defa2.pkl,1
D:\08_Dataset\Internal\mar2020\pickle_files\fba4577da8fc3981183f5fcbbffa9c43241610ff.pkl,1
D:\08_Dataset\Internal\mar2020\pickle_files\20333dfc6d289e30b5f9a0f4d8e114c0e30cf8e6.pkl,1
D:\08_Dataset\Internal\mar2020\pickle_files\bc6956911c17dbb04c5d79b4be249fa2111a3cef.pkl,1
D:\08_Dataset\Internal\mar2020\pickle_files\68826dbb61a0f1c4d715310d939c36e56e505861.pkl,1
D:\08_Dataset\Internal\mar2020\pickle_files\2bd917e8060fa68613fcd83c4c6c0c25c50761cb.pkl,1
D:\08_Dataset\Internal\mar2020\pickle_files\e079517cfb385be3c3f0d2bcefc38a8279cb9d5d.pkl,1
D:\08_Dataset\Internal\mar2020\pickle_files\2bc612bdd91b2d2699a95eb9b828b3c708c0f1a9.pkl,1
D:\08_Dataset\Internal\mar2020\pickle_files\68b283eea9aaa7e23a5caff7ba45ef6e335a3d5d.pkl,1
D:\08_Dataset\Internal\mar2020\pickle_files\6d55171e6a9ea67247c993c319fd432b80f129d5.pkl,1
D:\08_Dataset\Internal\mar2020\pickle_files\4d3149b1dd65e2d27cd8458f99408f3f4e8ca3b7.pkl,1
D:\08_Dataset\Internal\mar2020\pickle_files\52004e8224473c830f93d43e8f386e85409595c1.pkl,1
D:\08_Dataset\Internal\mar2020\pickle_files\b146659fea7af772001c187b172fea504851ecd5.pkl,1
D:\08_Dataset\Internal\mar2020\pickle_files\75a48c7397c09a7b70ad832826fef53edffde5f6.pkl,1
D:\08_Dataset\Internal\mar2020\pickle_files\f8142c7a3a66123214799efc61d64e89e6e8975e.pkl,1
D:\08_Dataset\Internal\mar2020\pickle_files\41cb6b50b7cf643a1619f40179cf8d4ea91541ba.pkl,1
D:\08_Dataset\Internal\mar2020\pickle_files\7842affdc5a50262468b6a04857f4546f92c404c.pkl,1
D:\08_Dataset\Internal\mar2020\pickle_files\2eee35eb0e2a71f29daa2e184b3102b05af87830.pkl,1
D:\08_Dataset\Internal\mar2020\pickle_files\d51980c8c90f69188814f665883fdfb2dd623e2b.pkl,1
D:\08_Dataset\Internal\mar2020\pickle_files\68d8e61656c162a9cf13db4039a9254f4b974977.pkl,1
D:\08_Dataset\Internal\mar2020\pickle_files\83e948326b4ba5e21a7cfdd8662415d7882b3c19.pkl,1
D:\08_Dataset\Internal\mar2020\pickle_files\8a81724fd1146c318ff23e5432ee48b975c68e4c.pkl,1
D:\08_Dataset\Internal\mar2020\pickle_files\fb9b064081b8aef120f12776cc196120ded98305.pkl,1
D:\08_Dataset\Internal\mar2020\pickle_files\db25da14d5e8a8ba868da4233a67ca2f242a919f.pkl,1
D:\08_Dataset\Internal\mar2020\pickle_files\0067b5b85e736e537616d548c9c0511718cb8ea0.pkl,1
D:\08_Dataset\Internal\mar2020\pickle_files\5bbaa6576be77dca2d1b845980d3fdadc02c862b.pkl,1
D:\08_Dataset\Internal\mar2020\pickle_files\48d191700e193e182ea1376b99d1a31f916f2138.pkl,1
D:\08_Dataset\Internal\mar2020\pickle_files\4fc0df655c3c72bd4886b851535ea1759573f86a.pkl,1
D:\08_Dataset\Internal\mar2020\pickle_files\7c692c76c23c627e5565a7a873c1f04bb7094b89.pkl,1
D:\08_Dataset\Internal\mar2020\pickle_files\2c5b2ce779a3fe7f6b0e22108de9b9651331fc9e.pkl,1
D:\08_Dataset\Internal\mar2020\pickle_files\74623a02e678c378ad81eebb919c2bc4ac9a2c3e.pkl,1
D:\08_Dataset\Internal\mar2020\pickle_files\a7d9d0cf6a067002a5be775b8285026f08610eca.pkl,1
D:\08_Dataset\Internal\mar2020\pickle_files\82cab64d208f31a6d2990c9e3b7872fb51e6f81a.pkl,1
D:\08_Dataset\Internal\mar2020\pickle_files\d3af8a67dec9bc4af864065188a35e474f0932ca.pkl,1
D:\08_Dataset\Internal\mar2020\pickle_files\ae0c65631dca132e189f82b2a76798f73637eea4.pkl,1
D:\08_Dataset\Internal\mar2020\pickle_files\9cd80625973285a806d41152d6c5a7602c188cbb.pkl,1
D:\08_Dataset\Internal\mar2020\pickle_files\d3dd6a2fc03e933b51953e9b060f59dfc1347592.pkl,1
D:\08_Dataset\Internal\mar2020\pickle_files\804744c8e2f23e5304f01f2b807adafbe8d6c6a3.pkl,1
D:\08_Dataset\Internal\mar2020\pickle_files\a5b83e712a40c51452eb8ffc760e7e7ce64ec0e3.pkl,1
D:\08_Dataset\Internal\mar2020\pickle_files\a55452b9b94728c4293de632804f7644477037ce.pkl,1
D:\08_Dataset\Internal\mar2020\pickle_files\c49686b14348eca72b518b94eab4ea6d6ad80b65.pkl,1
D:\08_Dataset\Internal\mar2020\pickle_files\6d694064ece5cc800b356bd76799097838be297d.pkl,1
D:\08_Dataset\Internal\mar2020\pickle_files\691bd0b50ad0752bea36b1e919fde541734f739f.pkl,1
D:\08_Dataset\Internal\mar2020\pickle_files\4ab356bb2d10e34589745dadb6b1822cea3327ab.pkl,1
D:\08_Dataset\Internal\mar2020\pickle_files\a3a3e40cbcc47bba698a6a96080e093898808047.pkl,1
D:\08_Dataset\Internal\mar2020\pickle_files\0de797d71bcd6623ecd67dcc13d57e5b063ad9de.pkl,1
D:\08_Dataset\Internal\mar2020\pickle_files\14984f0456f3091ad1edc5020cde3abcc42c9074.pkl,1
D:\08_Dataset\Internal\mar2020\pickle_files\9cf9063c175d01875f6e9f70bef4fa80abcfb3ba.pkl,1
D:\08_Dataset\Internal\mar2020\pickle_files\49b2c43a234bb904dfbdf990b9e6f2820c4cc545.pkl,1
D:\08_Dataset\Internal\mar2020\pickle_files\c5c6c7ffbd6b5c4ed792db10de862c800233d3e8.pkl,1
D:\08_Dataset\Internal\mar2020\pickle_files\2c2e17d77b6366fdc04f2537de1e14c8a71796c4.pkl,1
D:\08_Dataset\Internal\mar2020\pickle_files\0626bb9698e20586db8bbd8e54c9e4577c99600e.pkl,1
D:\08_Dataset\Internal\mar2020\pickle_files\1894797e896e14639fa590124bea648aa3ee04ec.pkl,1
D:\08_Dataset\Internal\mar2020\pickle_files\5a71e29049e322a349eefc04fb34166ded0505f1.pkl,1
D:\08_Dataset\Internal\mar2020\pickle_files\684aaba9822c29281083d0d278a02544d6956030.pkl,1
D:\08_Dataset\Internal\mar2020\pickle_files\2fe646f543da6053743695e1a596f3d64a9614f5.pkl,1
D:\08_Dataset\Internal\mar2020\pickle_files\97b4ee8a7a36a85c253dc2d37c69f10aa2449343.pkl,1
D:\08_Dataset\Internal\mar2020\pickle_files\bb479bc57200780f4913a33339112b8fcf7b9ddb.pkl,1
D:\08_Dataset\Internal\mar2020\pickle_files\e570027736a92054a23d01b4ca16fde55a215076.pkl,1
D:\08_Dataset\Internal\mar2020\pickle_files\9d2c910ae5659ddf2459bfb68de5dabc06f2ec14.pkl,1
D:\08_Dataset\Internal\mar2020\pickle_files\1e3adab16208d5ef7554fcc9d8950bec19a2faf1.pkl,1
D:\08_Dataset\Internal\mar2020\pickle_files\23c66fdfdd360f38d77d8ca25fa887c4b252eea9.pkl,1
D:\08_Dataset\Internal\mar2020\pickle_files\90e800d9d6bcf38310e018912e51631dba18a74f.pkl,1
D:\08_Dataset\Internal\mar2020\pickle_files\9026bf6d3ae8c2ad8eb524dcea77240c23dc122d.pkl,1
D:\08_Dataset\Internal\mar2020\pickle_files\0013bd7d3cf7838e13b8b95ef8e3dad0cd21acd8.pkl,1
D:\08_Dataset\Internal\mar2020\pickle_files\20bfdb3b37792440263ede35a549315419c8d455.pkl,1
D:\08_Dataset\Internal\mar2020\pickle_files\1d77348c41c646b8aaa4c108bacc499319ce8504.pkl,1
D:\08_Dataset\Internal\mar2020\pickle_files\7f9fee3b77304f3a94d91a07632e3e2ef592b5d5.pkl,1
D:\08_Dataset\Internal\mar2020\pickle_files\7a34e9b0ca54e7c198f83050966570607c887b33.pkl,1
D:\08_Dataset\Internal\mar2020\pickle_files\5b71b8fc00b3bc8471e77b58a2073b46f5da16b6.pkl,1
D:\08_Dataset\Internal\mar2020\pickle_files\28f9d4dd2cdd5e9aebd13a53d56485a26043b5a3.pkl,1
D:\08_Dataset\Internal\mar2020\pickle_files\432af448742e327f9a262f536a01c7e3e168966c.pkl,1
D:\08_Dataset\Internal\mar2020\pickle_files\ecac2bf58034def53f24c7cda012f3be59b36cdd.pkl,1
D:\08_Dataset\Internal\mar2020\pickle_files\0d6be5615eb5f179ae259d0586347a9192dbd6d6.pkl,1
D:\08_Dataset\Internal\mar2020\pickle_files\8090be74389d3a5e59f15d3479469c86a6fd79c5.pkl,1
D:\08_Dataset\Internal\mar2020\pickle_files\c58f35fd49104de56d7eea6801c5571bd73754d4.pkl,1
D:\08_Dataset\Internal\mar2020\pickle_files\a5b9cbe4c7bbd74e24755e1db37ba2c3d5c7476e.pkl,1
D:\08_Dataset\Internal\mar2020\pickle_files\d3e642d6013b9a67eba0a9ddc6b0e289eeaf35d2.pkl,1
D:\08_Dataset\Internal\mar2020\pickle_files\43e88f261664e28833049a56aaa5ad0289b89c77.pkl,1
D:\08_Dataset\Internal\mar2020\pickle_files\cd68766b3c335459e6691f66778e27fe66e93f18.pkl,1
D:\08_Dataset\Internal\mar2020\pickle_files\6d66520ce2b6e71d1d9d2a1268661756dfdf8e67.pkl,1
D:\08_Dataset\Internal\mar2020\pickle_files\6317940295b217aa4489221f8e5518931ffed42a.pkl,1
D:\08_Dataset\Internal\mar2020\pickle_files\6f1ddc90188075332b8640bea218036122959743.pkl,1
D:\08_Dataset\Internal\mar2020\pickle_files\e2906b89bf4c4994d8487247adab401bf41181a6.pkl,1
D:\08_Dataset\Internal\mar2020\pickle_files\b82b1b94c248968a04eb01275a04ea497b4022c5.pkl,1
D:\08_Dataset\Internal\mar2020\pickle_files\a52c74c3ab4c4914f011b1ab16b8491c56b20760.pkl,1
D:\08_Dataset\Internal\mar2020\pickle_files\4f1cb38fd4dfdd46b64e6d424c7f7b9cc02a0d50.pkl,1
D:\08_Dataset\Internal\mar2020\pickle_files\4fe19c90e69ce4482b7569bd68d9e4e37189ce84.pkl,1
D:\08_Dataset\Internal\mar2020\pickle_files\9271df4aec341ddf25982f39148f7dfd04ecf8d6.pkl,1
D:\08_Dataset\Internal\mar2020\pickle_files\d6136a7309c51bae070982c9384f906c7df524f6.pkl,1
D:\08_Dataset\Internal\mar2020\pickle_files\6791974aa7e8daa1faa108e61197b7c1f31cf2f7.pkl,1
D:\08_Dataset\Internal\mar2020\pickle_files\6808b360e8a9372f082e824f0bf806984e7f4375.pkl,1
D:\08_Dataset\Internal\mar2020\pickle_files\12c79e653ebcbe47e84b441b1cae527f941869eb.pkl,1
D:\08_Dataset\Internal\mar2020\pickle_files\637d54e9f243ebb96d7880fd774b3e1330fc9bbb.pkl,1
D:\08_Dataset\Internal\mar2020\pickle_files\4581e290a1348c309a7b993757976c4f4099eb52.pkl,1
D:\08_Dataset\Internal\mar2020\pickle_files\ba2feee8c9c019c6fb11ae811358ed61cdcb22d3.pkl,1
D:\08_Dataset\Internal\mar2020\pickle_files\842f690bca7f884f1c76b368d3f895dde29c6ba6.pkl,1
D:\08_Dataset\Internal\mar2020\pickle_files\ec306a60dfa6fcd4f7a7bbe9a3a9f00345b97b4c.pkl,1
D:\08_Dataset\Internal\mar2020\pickle_files\b7214ab1fe2cc9027d1944ffc93b719bd2e79a87.pkl,1
D:\08_Dataset\Internal\mar2020\pickle_files\4a155f7e1c041ab9b455514cb1bd3a99491c850c.pkl,1
D:\08_Dataset\Internal\mar2020\pickle_files\574326b46d11d3726a0f82c55403ef8e8d260f86.pkl,1
D:\08_Dataset\Internal\mar2020\pickle_files\be7971e442f0a9bf9996ba8a10af6db436471a1e.pkl,1
D:\08_Dataset\Internal\mar2020\pickle_files\8123a50f0f7744f3c2c055093ac85db365b5cef7.pkl,1
D:\08_Dataset\Internal\mar2020\pickle_files\055030d5bf7c35d1279b6979891472e8fcb38969.pkl,1
D:\08_Dataset\Internal\mar2020\pickle_files\f085dfb5fd0344a30dc57e61dde4a12fab21795f.pkl,1
D:\08_Dataset\Internal\mar2020\pickle_files\545bce51d51167f592b7b465bc3f3e3d6930f0d7.pkl,1
D:\08_Dataset\Internal\mar2020\pickle_files\faee694e604252d02ff367ae1754a36dae187c5c.pkl,1
D:\08_Dataset\Internal\mar2020\pickle_files\5737236de15c45e7f0a88e66b840e1637a0047c4.pkl,1
D:\08_Dataset\Internal\mar2020\pickle_files\7accac4fcfb4fa284c7d6aa6bef744041aad6fd4.pkl,1
D:\08_Dataset\Internal\mar2020\pickle_files\5d8279ffda2f093a879b1a11530bf9993e187fcb.pkl,1
D:\08_Dataset\Internal\mar2020\pickle_files\3300750a9d5562da736353a796916221c4c8fb6c.pkl,1
D:\08_Dataset\Internal\mar2020\pickle_files\95da59b7e6d30e82793bfd622073401f759a8a81.pkl,1
D:\08_Dataset\Internal\mar2020\pickle_files\aa646da63f12026beea99750c78ee2913622b7aa.pkl,1
D:\08_Dataset\Internal\mar2020\pickle_files\72a3716759b3141383995d24177e80e9d9d33db9.pkl,1
D:\08_Dataset\Internal\mar2020\pickle_files\f9a9825973d55eedd7cb60e02ad306b955fd128e.pkl,1
D:\08_Dataset\Internal\mar2020\pickle_files\22bf2a61e9f7d729bde86b70a93e5cdd0c279eea.pkl,1
D:\08_Dataset\Internal\mar2020\pickle_files\377310d83a92647a48a482c62d5a4fd95f1761d8.pkl,1
D:\08_Dataset\Internal\mar2020\pickle_files\558cd5b1fc879ef540d955cf137ff195bd503d00.pkl,1
D:\08_Dataset\Internal\mar2020\pickle_files\98d01333fab012a0d5cf0cb1f8beb8277e99ed2c.pkl,1
D:\08_Dataset\Internal\mar2020\pickle_files\91a070e1f089ebb28b02b22b7dc7dc87fd5b42fe.pkl,1
D:\08_Dataset\Internal\mar2020\pickle_files\837597c0c60137422aac05e281b294970da4698b.pkl,1
D:\08_Dataset\Internal\mar2020\pickle_files\74aa803375ecdeed8323440ab6636b919c9255ec.pkl,1
D:\08_Dataset\Internal\mar2020\pickle_files\b0f201b03bf37f641d35341c4e4405369be7fe95.pkl,1
D:\08_Dataset\Internal\mar2020\pickle_files\2cc25cdf93ad93982cdaaa642a3b29a74508d7ee.pkl,1
D:\08_Dataset\Internal\mar2020\pickle_files\3181d25bfd78edb084526510128260055f156581.pkl,1
D:\08_Dataset\Internal\mar2020\pickle_files\ee0b0a3baaaa4da160d2f6f703e4b4aea9b94d51.pkl,1
D:\08_Dataset\Internal\mar2020\pickle_files\8ed6cb4bf3dff712e14126b16468a44d6a3a90b4.pkl,1
D:\08_Dataset\Internal\mar2020\pickle_files\f43bca422552bc6fd3c27497664ab61a92d8f31d.pkl,1
D:\08_Dataset\Internal\mar2020\pickle_files\ec6800bbf6e2ca28cc1ecfcbc77a7d2795b5b638.pkl,1
D:\08_Dataset\Internal\mar2020\pickle_files\4ddce14f9e95b276effa6a41e9d697e70b95a929.pkl,1
D:\08_Dataset\Internal\mar2020\pickle_files\c3f21c2840caae33a37f2adc213d29e351b9d72f.pkl,1
D:\08_Dataset\Internal\mar2020\pickle_files\15f7f5f4c50c5c6452716bb7f20db787a169aa14.pkl,1
D:\08_Dataset\Internal\mar2020\pickle_files\859dcbf93c842ce529709ccc255d286edad7f427.pkl,1
D:\08_Dataset\Internal\mar2020\pickle_files\38cb8f621158c0eddcfed992e6502ea1ec05c6c0.pkl,1
D:\08_Dataset\Internal\mar2020\pickle_files\944c8f9e6cc06390431001c9fbae9317bcaa6b0a.pkl,1
D:\08_Dataset\Internal\mar2020\pickle_files\d4b77caa3846a3acd833c4b87990e8bf77e485b6.pkl,1
D:\08_Dataset\Internal\mar2020\pickle_files\f0481bfded97af248d7718114eace9c8f33afabb.pkl,1
D:\08_Dataset\Internal\mar2020\pickle_files\9c9e9c5972ed6949ea54a5f7d0f5ed367e47da77.pkl,1
D:\08_Dataset\Internal\mar2020\pickle_files\fd7cbf1fd5b703461932a17e68c7d23b03ae553f.pkl,1
D:\08_Dataset\Internal\mar2020\pickle_files\76d4bc8be8056df30e739b8619b5413d55a8e2f8.pkl,1
D:\08_Dataset\Internal\mar2020\pickle_files\cb17019e022c41e0cad1b9dbaabd9de45a635f3e.pkl,1
D:\08_Dataset\Internal\mar2020\pickle_files\8d3fae602c2d104331e69669e96ec50ae3a2b4c6.pkl,1
D:\08_Dataset\Internal\mar2020\pickle_files\ce82c7c59a5744850b52510da9b01e3ff7d7224c.pkl,1
D:\08_Dataset\Internal\mar2020\pickle_files\d9afd1de6ee01661542ce3f69fd651be6cb17aed.pkl,1
D:\08_Dataset\Internal\mar2020\pickle_files\1456eba1386a6d3a16275171d28730719666ac86.pkl,1
D:\08_Dataset\Internal\mar2020\pickle_files\c310da38e30716d169f73abfe8b55762f880a181.pkl,1
D:\08_Dataset\Internal\mar2020\pickle_files\e81fa31e334e41ea2969cec2cdb7a0cfc2373409.pkl,1
D:\08_Dataset\Internal\mar2020\pickle_files\c2933572c89e77a2d33eaa8c64053a32d5e8a019.pkl,1
D:\08_Dataset\Internal\mar2020\pickle_files\f65b4c89dfa960621d2e8c2d86b2e852ce24e759.pkl,1
D:\08_Dataset\Internal\mar2020\pickle_files\119a992687707204359e546091149763df389de2.pkl,1
D:\08_Dataset\Internal\mar2020\pickle_files\9d23bccc2009139ead30e5eff105d13d1888b6ad.pkl,1
D:\08_Dataset\Internal\mar2020\pickle_files\eda18589b9e352db7f2a2e5ff71531d08b6c435d.pkl,1
D:\08_Dataset\Internal\mar2020\pickle_files\704fc8102deb99abed3951fbbfe8c8ec97cdfaa7.pkl,1
D:\08_Dataset\Internal\mar2020\pickle_files\7060b166958d9a11c802b10702aed32bd381a0bd.pkl,1
D:\08_Dataset\Internal\mar2020\pickle_files\bcdcb23f1f1f952302f6b3bdeddc1009564da3ec.pkl,1
D:\08_Dataset\Internal\mar2020\pickle_files\c838646250f57806443bd4751e078f322989b467.pkl,1
D:\08_Dataset\Internal\mar2020\pickle_files\e9ded21ff7d3e8000b70547110f09bb8805a59fc.pkl,1
D:\08_Dataset\Internal\mar2020\pickle_files\3d9168bda9515d68e60f278047f652ed3ed39250.pkl,1
D:\08_Dataset\Internal\mar2020\pickle_files\1252b8e5368414e53562ecf910322ede3e806a21.pkl,1
D:\08_Dataset\Internal\mar2020\pickle_files\f28bfd0e96efbc41bfc8385714ed4c38a9b47d28.pkl,1
D:\08_Dataset\Internal\mar2020\pickle_files\24bfd146d665bb22647dc19d6cd564d519f51594.pkl,1
D:\08_Dataset\Internal\mar2020\pickle_files\37983d23e0407f80abc80a1272959c2ebec2e166.pkl,1
D:\08_Dataset\Internal\mar2020\pickle_files\68ed5ad7347fe6ae8baa1f02298350f6be7bc9c0.pkl,1
D:\08_Dataset\Internal\mar2020\pickle_files\34288a7fa944b8eb555b1e7ed088bba3afc3e210.pkl,1
D:\08_Dataset\Internal\mar2020\pickle_files\1dc3140c3e2ea41b7f6c19bc6f0e6ecd6e034389.pkl,1
D:\08_Dataset\Internal\mar2020\pickle_files\db5be3583366c0c616c9775037e4a5dd4ed5fb0d.pkl,1
D:\08_Dataset\Internal\mar2020\pickle_files\90ce719fc8cb7fe6a5763a0b885ba5b2578fef4f.pkl,1
D:\08_Dataset\Internal\mar2020\pickle_files\a25cfc970d0c10cf6645319e951c12ddad63877f.pkl,1
D:\08_Dataset\Internal\mar2020\pickle_files\a0c2444098524565fa7f5d45bf79d97be04f1e8f.pkl,1
D:\08_Dataset\Internal\mar2020\pickle_files\725423eee51db884512f3f54487683c00501c482.pkl,1
D:\08_Dataset\Internal\mar2020\pickle_files\f8dd47c9763be65800f0fda61ce11df5631eece2.pkl,1
D:\08_Dataset\Internal\mar2020\pickle_files\6413bc125d91340a54e0882c0a5051ec41fcd519.pkl,1
D:\08_Dataset\Internal\mar2020\pickle_files\a2b62da62acc34a9a7e1f6e7006bab6fbfad34f3.pkl,1
D:\08_Dataset\Internal\mar2020\pickle_files\7fcc55c4d4855df35f43d08855469eeff35ea2be.pkl,1
D:\08_Dataset\Internal\mar2020\pickle_files\e422ddf75dbe2aec014563123c0768a898ad0bbb.pkl,1
D:\08_Dataset\Internal\mar2020\pickle_files\cc20d7ff4630a1884216e26786bee54f69ab8a7b.pkl,1
D:\08_Dataset\Internal\mar2020\pickle_files\511e9dccb2fef003ff89bd1185be68b9501861e6.pkl,1
D:\08_Dataset\Internal\mar2020\pickle_files\2298830cb37b6b8f0d611afbc45284a0bd6f3147.pkl,1
D:\08_Dataset\Internal\mar2020\pickle_files\32b52b8ab1b8c1fc39c24dfba512ec8de81c5f13.pkl,1
D:\08_Dataset\Internal\mar2020\pickle_files\ef212510e7672791b0f07a610daf17ab55a6408c.pkl,1
D:\08_Dataset\Internal\mar2020\pickle_files\f4b6742d406ac3e4a0bdec51a841a47ce4aeed13.pkl,1
D:\08_Dataset\Internal\mar2020\pickle_files\9e749e0c76aa86f28fd2d1a84063f1921ad04edf.pkl,1
D:\08_Dataset\Internal\mar2020\pickle_files\84539eeeecb0b4dafb3251a1ef5e47beeccdd4a4.pkl,1
D:\08_Dataset\Internal\mar2020\pickle_files\bd3020fdd9bdaf6e0cff6e49bd122758068fe360.pkl,1
D:\08_Dataset\Internal\mar2020\pickle_files\66e72003acc1d91d83c6b4609e65499a9969b0be.pkl,1
D:\08_Dataset\Internal\mar2020\pickle_files\18cf67320911f5675d55b5112f9178d9ce69ff37.pkl,1
D:\08_Dataset\Internal\mar2020\pickle_files\ecb8673d206b48b397f7754dbbfab1ae3005d4e4.pkl,1
D:\08_Dataset\Internal\mar2020\pickle_files\634eb1c7f86533ad91a383b49c1b203b04e188ac.pkl,1
D:\08_Dataset\Internal\mar2020\pickle_files\a2ac884feadaf8456c7542fe2d7efccdc0c7f3ad.pkl,1
D:\08_Dataset\Internal\mar2020\pickle_files\36e63367dfccf6f75691a239168ca83f27e8cdcb.pkl,1
D:\08_Dataset\Internal\mar2020\pickle_files\788eeb7a1875e325a5d4ecb28648586c454057f2.pkl,1
D:\08_Dataset\Internal\mar2020\pickle_files\ab66022324842bc0d7f277c183f5f9aaa60473df.pkl,1
D:\08_Dataset\Internal\mar2020\pickle_files\28670e0f18309307bdb2359ae6b6a390331db59e.pkl,1
D:\08_Dataset\Internal\mar2020\pickle_files\cf5b553daf63cd9f47c743d3ea2cc18a2e9e5d0c.pkl,1
D:\08_Dataset\Internal\mar2020\pickle_files\3911f8a9c7ff6b0f088289aa063c5949ef9fdc70.pkl,1
D:\08_Dataset\Internal\mar2020\pickle_files\b1e86c99d5a5db171592f70232adcfda808394f7.pkl,1
D:\08_Dataset\Internal\mar2020\pickle_files\9022c940de01f46f6879aec3940b2a5bdb9f6956.pkl,1
D:\08_Dataset\Internal\mar2020\pickle_files\45b7a3020ed5082dd8fde5618051430eb2935ab8.pkl,1
D:\08_Dataset\Internal\mar2020\pickle_files\ba9167b70297e784a0eddd58294d9e020ae7b0d8.pkl,1
D:\08_Dataset\Internal\mar2020\pickle_files\d0d0cfa6520bf97453a415e185750eaed9f946fa.pkl,1
D:\08_Dataset\Internal\mar2020\pickle_files\ce735c4339ac7333f94bf60bbc2cc46756e6c13a.pkl,1
D:\08_Dataset\Internal\mar2020\pickle_files\d48e1d4667be68c35de1f2a213d6f883ab4900ee.pkl,1
D:\08_Dataset\Internal\mar2020\pickle_files\f3f5f523ae0b3836182ff7aeb71e7a236f530e26.pkl,1
D:\08_Dataset\Internal\mar2020\pickle_files\c0bbfac9850728ba5031ec6c48dfd7fe9b712ed7.pkl,1
D:\08_Dataset\Internal\mar2020\pickle_files\8c9bc4f8a6aa6037f22822f6cbec47d54229ffab.pkl,1
D:\08_Dataset\Internal\mar2020\pickle_files\0ce17af9c1113a9f2edffffbe29b7b5fdb81d632.pkl,1
D:\08_Dataset\Internal\mar2020\pickle_files\5137ff3fad7ab0cc340e6b1eac4ef206a4bf56c0.pkl,1
D:\08_Dataset\Internal\mar2020\pickle_files\fcacf8bd7888a6dc8016a3655aa78f94b86140d9.pkl,1
D:\08_Dataset\Internal\mar2020\pickle_files\e183700711a7cd8aa6bb5a650e2a2a0ebdf96add.pkl,1
D:\08_Dataset\Internal\mar2020\pickle_files\7503068631a526c932d794a436c839df92c5a434.pkl,1
D:\08_Dataset\Internal\mar2020\pickle_files\7f9539221c6c580ae90b6df6daad96e912b97777.pkl,1
D:\08_Dataset\Internal\mar2020\pickle_files\9ca36b86e856a0b4554c8bc0a72700d07a5292a7.pkl,1
D:\08_Dataset\Internal\mar2020\pickle_files\561e02e22c4ff7651b8388f12596aeeed2fb6a0a.pkl,1
D:\08_Dataset\Internal\mar2020\pickle_files\ecb84cd116e5a653b7c5c7ed87cdf11a08c5cbc9.pkl,1
D:\08_Dataset\Internal\mar2020\pickle_files\ccaefda6fa72b9ef3f15dec192a654635dac432c.pkl,1
D:\08_Dataset\Internal\mar2020\pickle_files\b5ea76b211216668bb484472da834a97c83f8f7a.pkl,1
D:\08_Dataset\Internal\mar2020\pickle_files\1fd16a98b7c09dd14135716869a9a296ffb84cd6.pkl,1
D:\08_Dataset\Internal\mar2020\pickle_files\164373a58d3610aec7faf3623ca7c9ec108ee562.pkl,1
D:\08_Dataset\Internal\mar2020\pickle_files\5df3aea8dac31983d23de49483ab4baae6b619a6.pkl,1
D:\08_Dataset\Internal\mar2020\pickle_files\33223d9c6a90655151ae797651c0cc6c3a426d0b.pkl,1
D:\08_Dataset\Internal\mar2020\pickle_files\c5e7c515210f81d1d6d24e0b75d486492a72add0.pkl,1
D:\08_Dataset\Internal\mar2020\pickle_files\f697c3ee8e0011a76772a22a6a77d6cf81a38db5.pkl,1
D:\08_Dataset\Internal\mar2020\pickle_files\8a9189cd79bcb05cee89a567fec1205898d10977.pkl,1
D:\08_Dataset\Internal\mar2020\pickle_files\ba45bd2156c881b902a7afa7dcf534dd0104b2dc.pkl,1
D:\08_Dataset\Internal\mar2020\pickle_files\9cd699e1e6925bb2e290e78fbecd90135d3c1ca6.pkl,1
D:\08_Dataset\Internal\mar2020\pickle_files\e17403a50b43e1dd839986ca51c1a1fd30ca9709.pkl,1
D:\08_Dataset\Internal\mar2020\pickle_files\cba5815b77a7dbfb545b5ea75b0df54455762153.pkl,1
D:\08_Dataset\Internal\mar2020\pickle_files\6d6384713e9ebe3473ebe94306a56b67e9abd0f3.pkl,1
D:\08_Dataset\Internal\mar2020\pickle_files\54ea31c17bffbbb65afe4285acfdb4643b55c12b.pkl,1
D:\08_Dataset\Internal\mar2020\pickle_files\ebe00089ff80a045dc3ff099038665975b78b1fe.pkl,1
D:\08_Dataset\Internal\mar2020\pickle_files\7243de6df719450402546cdbc3b9f058def8b919.pkl,1
D:\08_Dataset\Internal\mar2020\pickle_files\b14f241a282bf7ba288c714237036d3841792cb5.pkl,1
D:\08_Dataset\Internal\mar2020\pickle_files\616f9032dd8510bb3dfd90b33b76804dffbc03d9.pkl,1
D:\08_Dataset\Internal\mar2020\pickle_files\5b8e6ad8789009449c161ccae6f90a737a8797b8.pkl,1
D:\08_Dataset\Internal\mar2020\pickle_files\8249233fd3f7359946d13658e12d9b8b947a3fbe.pkl,1
D:\08_Dataset\Internal\mar2020\pickle_files\538c622c54f84f6c980ea52e5410fb8033331eb8.pkl,1
D:\08_Dataset\Internal\mar2020\pickle_files\f614ade7feccfa108658f0cddcc0e9d701c0b840.pkl,1
D:\08_Dataset\Internal\mar2020\pickle_files\c77018b8f501860fa7696ad74d16f604fc391462.pkl,1
D:\08_Dataset\Internal\mar2020\pickle_files\e7984f830d027a68760d8606954eb03529615da1.pkl,1
D:\08_Dataset\Internal\mar2020\pickle_files\d45bda824751aa505ec1d4bf0336020648325427.pkl,1
D:\08_Dataset\Internal\mar2020\pickle_files\0d8676e48d70e342aafbc34b8fbee7792555a795.pkl,1
D:\08_Dataset\Internal\mar2020\pickle_files\a7fb7c3e64e2d123aef5549da7f1ac1d6cfc60ca.pkl,1
D:\08_Dataset\Internal\mar2020\pickle_files\a261803ecc4aaa97bf2d36f41e71b8d424e234d7.pkl,1
D:\08_Dataset\Internal\mar2020\pickle_files\6423996563dc89439053fd400dece5dc37201d2f.pkl,1
D:\08_Dataset\Internal\mar2020\pickle_files\c8df1c3545cd2d6ba27b6ed5c9e208c5182756e6.pkl,1
D:\08_Dataset\Internal\mar2020\pickle_files\3247a7c01dd2d578919695a02eb6bf83bb77b948.pkl,1
D:\08_Dataset\Internal\mar2020\pickle_files\dd2f6d17230fc27252ad5911f381ce7dd3f5e370.pkl,1
D:\08_Dataset\Internal\mar2020\pickle_files\7a749d71cc170952aa3da698b8e706f561502640.pkl,1
D:\08_Dataset\Internal\mar2020\pickle_files\99319aad3023bda41d33609d7023a85cf2a9f4b4.pkl,1
D:\08_Dataset\Internal\mar2020\pickle_files\bec64d6f49a0e375ff7f28e3f2f59fbd0f1efa44.pkl,1
D:\08_Dataset\Internal\mar2020\pickle_files\dcfe2b1770594fadf710283c373e4f6c286c831d.pkl,1
D:\08_Dataset\Internal\mar2020\pickle_files\37ee719f0c52c2b244ed1096e46ea87ec7b24cc9.pkl,1
D:\08_Dataset\Internal\mar2020\pickle_files\fc8193396df9c770024b06d8370ee1da672c63a2.pkl,1
D:\08_Dataset\Internal\mar2020\pickle_files\7e8e51e9de57a518d37325863b60f61f1dfd9016.pkl,1
D:\08_Dataset\Internal\mar2020\pickle_files\d7a5832d8cb48ad4612c72bde3647115dc1ab0f0.pkl,1
D:\08_Dataset\Internal\mar2020\pickle_files\9155273da32152c52e4c8aeadaa0173d66a67afe.pkl,1
D:\08_Dataset\Internal\mar2020\pickle_files\517e82acef7873f5359a9a76c4753eeab0efbd9a.pkl,1
D:\08_Dataset\Internal\mar2020\pickle_files\382162b0a31dd3b75728530b93a052ee531816c0.pkl,1
D:\08_Dataset\Internal\mar2020\pickle_files\71aa0658ba9146f157644e8244e8da8061c70612.pkl,1
D:\08_Dataset\Internal\mar2020\pickle_files\cca224aad4bbf5ec3a78e4ca24d9436c637701f7.pkl,1
D:\08_Dataset\Internal\mar2020\pickle_files\1cc43fb2530647a9c76c058f5b211c7cad7387c9.pkl,1
D:\08_Dataset\Internal\mar2020\pickle_files\5b1143279e51b47ce78648ed5dc57e8ff95329dd.pkl,1
D:\08_Dataset\Internal\mar2020\pickle_files\bfa3eae3a956c3ecac020249dd8cc95f88c05978.pkl,1
D:\08_Dataset\Internal\mar2020\pickle_files\2b9bd7ec943ef81f1aeb8fb5ffc02b29abbfd7ce.pkl,1
D:\08_Dataset\Internal\mar2020\pickle_files\c3d2f4cf2ad3e8ef9c96927bcd98bbac0dcf6ab0.pkl,1
D:\08_Dataset\Internal\mar2020\pickle_files\500876e1f515906c174e264a63dd00698cd86db9.pkl,1
D:\08_Dataset\Internal\mar2020\pickle_files\d454a33dcef3d7e77aba98e471595f07ff626f0f.pkl,1
D:\08_Dataset\Internal\mar2020\pickle_files\9cf1216eded0e1c7cd2616ffbacf60589febf679.pkl,1
D:\08_Dataset\Internal\mar2020\pickle_files\3054f9de7b927198cdc8070ed14225dbd996d931.pkl,1
D:\08_Dataset\Internal\mar2020\pickle_files\0769664d65076fc5067f0cf917ae2c4a9b62fbdb.pkl,1
D:\08_Dataset\Internal\mar2020\pickle_files\1f095f6bca90d393a20ec7b7da4b08c322c0b29a.pkl,1
D:\08_Dataset\Internal\mar2020\pickle_files\69960edb397a3d5f6caf2ba3174a600892ec1f41.pkl,1
D:\08_Dataset\Internal\mar2020\pickle_files\8929dc94f68cb85048184037af5dc7253e5ccd69.pkl,1
D:\08_Dataset\Internal\mar2020\pickle_files\c7fcfe204250ba03d984b902e50a743942d4c1f3.pkl,1
D:\08_Dataset\Internal\mar2020\pickle_files\a53b744c2a66280b272d4a5c543a70d4b8661d9c.pkl,1
D:\08_Dataset\Internal\mar2020\pickle_files\6bc9515699c6c148756e06c89edf5c4f5587476b.pkl,1
D:\08_Dataset\Internal\mar2020\pickle_files\0aaf5a01451b784ce39684f856c16a414b1bb340.pkl,1
D:\08_Dataset\Internal\mar2020\pickle_files\2bf92ca7b567da5ccec62cffc92178b67a5b94f5.pkl,1
D:\08_Dataset\Internal\mar2020\pickle_files\efe32b3ed37a5ad30dcde4b580b06c6061b68d72.pkl,1
D:\08_Dataset\Internal\mar2020\pickle_files\fa61d7bcaf3138d9edb58e09c829681a1d603376.pkl,1
D:\08_Dataset\Internal\mar2020\pickle_files\73909deaaeaf8e5d4a52fdfbfcae98c77c0a3a45.pkl,1
D:\08_Dataset\Internal\mar2020\pickle_files\502bc1cd8f367d22f964192292eb731f13307fad.pkl,1
D:\08_Dataset\Internal\mar2020\pickle_files\739abb4289cde642238547dfd620bad9054a69bf.pkl,1
D:\08_Dataset\Internal\mar2020\pickle_files\5e4f69311524d7aea72cdbbba7a74adb314fd154.pkl,1
D:\08_Dataset\Internal\mar2020\pickle_files\2f49ffc1e2e9668677e616b84619f647fa40c76b.pkl,1
D:\08_Dataset\Internal\mar2020\pickle_files\16a2d1769f85e161146493b50e513eeeee5652d0.pkl,1
D:\08_Dataset\Internal\mar2020\pickle_files\d88cc596c22e1a274b00795c54d1389ee361416e.pkl,1
D:\08_Dataset\Internal\mar2020\pickle_files\c2ebc337e43671d225ccd52d9c9520ea0ebf621c.pkl,1
D:\08_Dataset\Internal\mar2020\pickle_files\775ca3d4faadb91b9e72a3fe53c4b3cfc68960e6.pkl,1
D:\08_Dataset\Internal\mar2020\pickle_files\8bfff1e91117d7be1912d025305de7176162c777.pkl,1
D:\08_Dataset\Internal\mar2020\pickle_files\e46096c5f7140c56422180ec0790f35d5cee4b6f.pkl,1
D:\08_Dataset\Internal\mar2020\pickle_files\3605e646db1cddf3d983fb5f4fcf578ff232973c.pkl,1
D:\08_Dataset\Internal\mar2020\pickle_files\e6bdc45c356b1903f2ed57a4700fb975a2fdebea.pkl,1
D:\08_Dataset\Internal\mar2020\pickle_files\f6d175a8074b4dac303e2cd5e292625051084ac2.pkl,1
D:\08_Dataset\Internal\mar2020\pickle_files\cd0826ad61ac7054957dc356041c8465f895151c.pkl,1
D:\08_Dataset\Internal\mar2020\pickle_files\93875ab65c2f25ee2fde255c9da8156a8a42111f.pkl,1
D:\08_Dataset\Internal\mar2020\pickle_files\510cf668c23e4f7e3895c087ab5f361793b13792.pkl,1
D:\08_Dataset\Internal\mar2020\pickle_files\c2726dea31adccd34056ce744706ef6b411aa2f1.pkl,1
D:\08_Dataset\Internal\mar2020\pickle_files\1513eab870c7ebe29b0c0538351fa8ab253e45ea.pkl,1
D:\08_Dataset\Internal\mar2020\pickle_files\143387f8f00ca053034178a51dfe21ac12065183.pkl,1
D:\08_Dataset\Internal\mar2020\pickle_files\dcdf916cbe4128e94b20bb70ac210bad7e59b0fe.pkl,1
D:\08_Dataset\Internal\mar2020\pickle_files\d0b526454aac8d5d9d057ac03540eac46b6db34a.pkl,1
D:\08_Dataset\Internal\mar2020\pickle_files\62cfc60537c059a12df320abb994f3d7d13b1506.pkl,1
D:\08_Dataset\Internal\mar2020\pickle_files\fec6a740ec562a1f4a1f41006f31ea3172e8909f.pkl,1
D:\08_Dataset\Internal\mar2020\pickle_files\c03505f4cd4ce60be4adc7aee881d77e8c1616ad.pkl,1
D:\08_Dataset\Internal\mar2020\pickle_files\904a188a8ae874d8aab342e26406326c2e706ad6.pkl,1
D:\08_Dataset\Internal\mar2020\pickle_files\dd61bb16b0781bd96943e89ca9fb3422fcc46d71.pkl,1
D:\08_Dataset\Internal\mar2020\pickle_files\04183a9281effbff7bb8e2fdfd9867fd8738e14d.pkl,1
D:\08_Dataset\Internal\mar2020\pickle_files\8fe43960da4da31763cb92f3da710ebfd45c294d.pkl,1
D:\08_Dataset\Internal\mar2020\pickle_files\2fe6e646228e7e6a8c00b869a914dc9c200f1b2d.pkl,1
D:\08_Dataset\Internal\mar2020\pickle_files\5ea494123e42e8102e5fcd4cdeb25d3d3f50d87e.pkl,1
D:\08_Dataset\Internal\mar2020\pickle_files\0b83fc54b768258f370e6ae2c8ade6e9d3739e02.pkl,1
D:\08_Dataset\Internal\mar2020\pickle_files\333ed7bb16fef35bcec1476d4bf31773157e3c2e.pkl,1
D:\08_Dataset\Internal\mar2020\pickle_files\aec76bbf3f983d1da92ddb812f4fc31c41975e82.pkl,1
D:\08_Dataset\Internal\mar2020\pickle_files\82f8efa0755d8b0e03fc41ed2dd7deb2f4bd33a4.pkl,1
D:\08_Dataset\Internal\mar2020\pickle_files\54783782284eecd68c75b71727f3de1602f83880.pkl,1
D:\08_Dataset\Internal\mar2020\pickle_files\de4cd68424aafcc545eec86370e52dc340f303ee.pkl,1
D:\08_Dataset\Internal\mar2020\pickle_files\1f1cc431820314532c826f06b851daffd8a93e00.pkl,1
D:\08_Dataset\Internal\mar2020\pickle_files\0a4d62de0870c524b10cd07d798aa2e71e469123.pkl,1
D:\08_Dataset\Internal\mar2020\pickle_files\ea80225c1bb7f72346d1aa10554cd83dd9cb07c1.pkl,1
D:\08_Dataset\Internal\mar2020\pickle_files\67a7338e9fbba36d646d6d32cd75eb9ef72ffec8.pkl,1
D:\08_Dataset\Internal\mar2020\pickle_files\25a2c22161c9667989c5f1a923a1ea4c179040e4.pkl,1
D:\08_Dataset\Internal\mar2020\pickle_files\55a36973d22e471149d670728b950235c4956de5.pkl,1
D:\08_Dataset\Internal\mar2020\pickle_files\ed0c77b8c0404fb55b6256f8c019f5bc495edfa5.pkl,1
D:\08_Dataset\Internal\mar2020\pickle_files\deab287d66f71500cdb40704553cccb04376597e.pkl,1
D:\08_Dataset\Internal\mar2020\pickle_files\91332adbd2e7c369cd57684c13f0dead186c07a1.pkl,1
D:\08_Dataset\Internal\mar2020\pickle_files\bbcec5e004959a7ad6678a20e51db1b1dbb0088e.pkl,1
D:\08_Dataset\Internal\mar2020\pickle_files\b5f5247ae2f195211b4be351df2fbec8ec7fcb2a.pkl,1
D:\08_Dataset\Internal\mar2020\pickle_files\d7440336599f833b24db1ef6d1bc555d37cc9a13.pkl,1
D:\08_Dataset\Internal\mar2020\pickle_files\5eb3eb46a0b912832b9d3f878577d481c5489ae2.pkl,1
D:\08_Dataset\Internal\mar2020\pickle_files\be657aa6df8d9767f01402c3ad17b38ec6b84632.pkl,1
D:\08_Dataset\Internal\mar2020\pickle_files\b18d21184e501fb0b04ce5346251caf33704d5ab.pkl,1
D:\08_Dataset\Internal\mar2020\pickle_files\41df7eb38b8dd73912a73f7068e4d53ecae7f222.pkl,1
D:\08_Dataset\Internal\mar2020\pickle_files\a564c890f48118b10f45eaaa047ba55d0425ac17.pkl,1
D:\08_Dataset\Internal\mar2020\pickle_files\ddf1712263d157f62c79d8ea904e40122a8e34b1.pkl,1
D:\08_Dataset\Internal\mar2020\pickle_files\16dfcde28d055f8c9690c5a517bdfa9834ad9bce.pkl,1
D:\08_Dataset\Internal\mar2020\pickle_files\18c64f4ca0897e0a70804b511b69dd6d08b23418.pkl,1
D:\08_Dataset\Internal\mar2020\pickle_files\b51479d8c30d57fafa3e398445a80483f163e5ee.pkl,1
D:\08_Dataset\Internal\mar2020\pickle_files\da2b8241ffff8e7ad26ee3780651282c1456b9fb.pkl,1
D:\08_Dataset\Internal\mar2020\pickle_files\01e42cc5cf2f0c3e77725e48a5f210df5bc3a2b3.pkl,1
D:\08_Dataset\Internal\mar2020\pickle_files\010bb6ef7b1e6c3665f0fb0183b5783d1b51c924.pkl,1
D:\08_Dataset\Internal\mar2020\pickle_files\4a68ea6593ae20a7e871a144cc0e4ab9de2096e4.pkl,1
D:\08_Dataset\Internal\mar2020\pickle_files\5649574d725b1e329efbe89c9eedc6e30f9aa2cc.pkl,1
D:\08_Dataset\Internal\mar2020\pickle_files\ba1d2a02f84eaf5711c9eebaf74042b23ed6273b.pkl,1
D:\08_Dataset\Internal\mar2020\pickle_files\1e6a556e29f59233c0922c835a419b351d077b6c.pkl,1
D:\08_Dataset\Internal\mar2020\pickle_files\06370f49dd42529c544e3550c1d3f63c1f62389b.pkl,1
D:\08_Dataset\Internal\mar2020\pickle_files\51c467dce2e0a80080eab713f2e9ba6778bece67.pkl,1
D:\08_Dataset\Internal\mar2020\pickle_files\523dcb26f05659e6f885ce80c97a81b84a4837a5.pkl,1
D:\08_Dataset\Internal\mar2020\pickle_files\d814a94faddde48ce5588b96a7ae1cc07a1ff79b.pkl,1
D:\08_Dataset\Internal\mar2020\pickle_files\33d97456259b0c7d97b034b970195cfd70871272.pkl,1
D:\08_Dataset\Internal\mar2020\pickle_files\840fdbc10b6ee987eae53c53bfbd562a29207314.pkl,1
D:\08_Dataset\Internal\mar2020\pickle_files\ea62989eb79823645b5bb3c5c3cc886a66d67369.pkl,1
D:\08_Dataset\Internal\mar2020\pickle_files\13f026a0ce6733e4cfc5a33b91961fd8fd6c8da7.pkl,1
D:\08_Dataset\Internal\mar2020\pickle_files\642894a40c0804d35581bcd7cd4a03065af16489.pkl,1
D:\08_Dataset\Internal\mar2020\pickle_files\19d1671c4535a55fbb057dbdf43c919822edd0c8.pkl,1
D:\08_Dataset\Internal\mar2020\pickle_files\7ba6df3af716560cc731ffe4d72e2fe7a1ed8ec9.pkl,1
D:\08_Dataset\Internal\mar2020\pickle_files\270ae0361dcbaf9b8750d49784f0e0175b179594.pkl,1
D:\08_Dataset\Internal\mar2020\pickle_files\ca6001a13f0b7f9c49dfe9621db314054f19fd9f.pkl,1
D:\08_Dataset\Internal\mar2020\pickle_files\e924904320d24c431851a15614a51fbf126e3dda.pkl,1
D:\08_Dataset\Internal\mar2020\pickle_files\40a07dc3192bc97e44ec5667112472ebb7c32848.pkl,1
D:\08_Dataset\Internal\mar2020\pickle_files\1ff980fa25a73bd6f41f47e4d987848370bb2bf6.pkl,1
D:\08_Dataset\Internal\mar2020\pickle_files\9f4568b44b50856ac4714f1f6e9a9e37e0337e05.pkl,1
D:\08_Dataset\Internal\mar2020\pickle_files\4c832b62a674b863a6efb0175c4a90b958339aea.pkl,1
D:\08_Dataset\Internal\mar2020\pickle_files\73b85ceb105da5629147fdec63f31d610a60c438.pkl,1
D:\08_Dataset\Internal\mar2020\pickle_files\a5a413ee219145b5a9d0cca8a05383734990ccd3.pkl,1
D:\08_Dataset\Internal\mar2020\pickle_files\7f84e24ee9257786058f9c25d2297caa47d1d76a.pkl,1
D:\08_Dataset\Internal\mar2020\pickle_files\4a06a717e52a2ce2d29299d7be02023e7696cd0a.pkl,1
D:\08_Dataset\Internal\mar2020\pickle_files\6fcccb7b2b04f2f58a1d8c2d69276649ccde38c4.pkl,1
D:\08_Dataset\Internal\mar2020\pickle_files\6f0df4f25b8486a6728b8df1129b476d85980e1f.pkl,1
D:\08_Dataset\Internal\mar2020\pickle_files\dfa7f123bf1ae830d3c8806bae7e72b74effa440.pkl,1
D:\08_Dataset\Internal\mar2020\pickle_files\7a3b0b87ebd64e3c711e5020b5127fdae8ecb402.pkl,1
D:\08_Dataset\Internal\mar2020\pickle_files\eaf515779d6530e430cdad96ab32e7e021bad2fb.pkl,1
D:\08_Dataset\Internal\mar2020\pickle_files\e19f81a8de37c96d76a946a0622366d7b3113ce7.pkl,1
D:\08_Dataset\Internal\mar2020\pickle_files\3ffba3e8587d311a18b8e30559cd3c19e4deebff.pkl,1
D:\08_Dataset\Internal\mar2020\pickle_files\f8ec3b9934919244dafec9720f29fe2c7f79311b.pkl,1
D:\08_Dataset\Internal\mar2020\pickle_files\71b83b80f39052fed53e088a0eadf9c8fc325b77.pkl,1
D:\08_Dataset\Internal\mar2020\pickle_files\92fc1cd0496b5d4bbff7462ac2bb9dc0230fd7b5.pkl,1
D:\08_Dataset\Internal\mar2020\pickle_files\1fd8db38d7d6667cb0ab4fa9e6e786c0198ef16c.pkl,1
D:\08_Dataset\Internal\mar2020\pickle_files\c9ba523e3c05f3cac664653b7db3e1850445beb7.pkl,1
D:\08_Dataset\Internal\mar2020\pickle_files\4c8e1fbefb59e9c9d2bae11b5c48e92ea63bf635.pkl,1
D:\08_Dataset\Internal\mar2020\pickle_files\69c3b7048b370aaa3d6fdc4fb334e758bb14ca95.pkl,1
D:\08_Dataset\Internal\mar2020\pickle_files\771c71138a9d579d7419f008181e7fc05bbea8f7.pkl,1
D:\08_Dataset\Internal\mar2020\pickle_files\51dce997f8da6122aced406b3ed6f31377ce3cc4.pkl,1
D:\08_Dataset\Internal\mar2020\pickle_files\feb1f41fe4e0221b9e6ca7282ecb00d9be50a09a.pkl,1
D:\08_Dataset\Internal\mar2020\pickle_files\af9ce1dd910fbf4df75313537b1a32032b21cd76.pkl,1
D:\08_Dataset\Internal\mar2020\pickle_files\84fcc68046861f5a29f5d612fb2385de946246a1.pkl,1
D:\08_Dataset\Internal\mar2020\pickle_files\da102f9bb4989d8a80759dd69b83aea2b9e76b39.pkl,1
D:\08_Dataset\Internal\mar2020\pickle_files\eee12e4cd9076276817bafcc5520fcefde961703.pkl,1
D:\08_Dataset\Internal\mar2020\pickle_files\7c588f932ac64ecd9248a1adb6e38f9dbf214314.pkl,1
D:\08_Dataset\Internal\mar2020\pickle_files\b57635430dc37569ebd0197d1f851413e5ef5f49.pkl,1
D:\08_Dataset\Internal\mar2020\pickle_files\3577d9e34e8d44f0c0e0283276ed38e8222d8a3e.pkl,1
D:\08_Dataset\Internal\mar2020\pickle_files\30d0c9b7c750bde4cbb4ecf5be9b254df840e915.pkl,1
D:\08_Dataset\Internal\mar2020\pickle_files\60daf9c11130fd993427adf4b40a18d451e87f99.pkl,1
D:\08_Dataset\Internal\mar2020\pickle_files\4dc519affcc30b1dcf597949d3af3bd93a58c538.pkl,1
D:\08_Dataset\Internal\mar2020\pickle_files\8be76c259886c05813cb58c0ee74898107a049ec.pkl,1
D:\08_Dataset\Internal\mar2020\pickle_files\94a1cbe0ebf521e38c72267893d3aa75a8e45cb3.pkl,1
D:\08_Dataset\Internal\mar2020\pickle_files\6634b95878059825bfdbd5cbf2c4f65280cb2000.pkl,1
D:\08_Dataset\Internal\mar2020\pickle_files\777ad3f3626395425cc1c9e430f44958db886d9d.pkl,1
D:\08_Dataset\Internal\mar2020\pickle_files\fd10a2db7ff9ca5c401def5a30ba76253b2ab44e.pkl,1
D:\08_Dataset\Internal\mar2020\pickle_files\b340f51addabbc2cea900084855268e5a22c4670.pkl,1
D:\08_Dataset\Internal\mar2020\pickle_files\15a599e5feb4b14a1cf8411952f05d9d3acdaa3b.pkl,1
D:\08_Dataset\Internal\mar2020\pickle_files\91368a61c1ec22ae11575977b556d8485760629a.pkl,1
D:\08_Dataset\Internal\mar2020\pickle_files\673ba764c44429e91ff32f6ca98fa70c8799287c.pkl,1
D:\08_Dataset\Internal\mar2020\pickle_files\bde973aea61767e33edd66798b2c38f0a32dffce.pkl,1
D:\08_Dataset\Internal\mar2020\pickle_files\1d6bc1d115a51f1869d4d320bd9bc138cf0d43ee.pkl,1
D:\08_Dataset\Internal\mar2020\pickle_files\7c2dfebe3d8aff185192236697d4e79992171799.pkl,1
D:\08_Dataset\Internal\mar2020\pickle_files\ef4c189dec0144781b7fe247d406b44e9d60f8e0.pkl,1
D:\08_Dataset\Internal\mar2020\pickle_files\f9294b564770240ffc90e6661f6177cefcd89e94.pkl,1
D:\08_Dataset\Internal\mar2020\pickle_files\31199ae0362fd47f3e013feaa0f4e7e59561b43b.pkl,1
D:\08_Dataset\Internal\mar2020\pickle_files\d64a395f7d983942fd24d7e8863518a6414b8b0c.pkl,1
D:\08_Dataset\Internal\mar2020\pickle_files\a9f26730f59682e44f2bd42b2cf3583032c085e8.pkl,1
D:\08_Dataset\Internal\mar2020\pickle_files\2098aa6c3bb146b6cf0b13fdfc3fa7450a972d3f.pkl,1
D:\08_Dataset\Internal\mar2020\pickle_files\8b5bdf7f3a4e49b82b7e7f69caea73b0dd47b03c.pkl,1
D:\08_Dataset\Internal\mar2020\pickle_files\54b3bf9ba588b7e79787e28622d329f192e81cc5.pkl,1
D:\08_Dataset\Internal\mar2020\pickle_files\4b036238267e9b481b85ed6692ab092a7df5fbe8.pkl,1
D:\08_Dataset\Internal\mar2020\pickle_files\35a029664dfafda5152e5a64fdad814e88139e27.pkl,1
D:\08_Dataset\Internal\mar2020\pickle_files\627408bbb676289f1f8ab4b5a685b7c61a47fd2d.pkl,1
D:\08_Dataset\Internal\mar2020\pickle_files\cefd98243e36fe874758763b98dcbdbe0e4d8dde.pkl,1
D:\08_Dataset\Internal\mar2020\pickle_files\2182a6e4eae601e4fa26908719c1a098a71c0e64.pkl,1
D:\08_Dataset\Internal\mar2020\pickle_files\e60453df16c47e68ccd439945861ce76ff486f85.pkl,1
D:\08_Dataset\Internal\mar2020\pickle_files\a7f76010fecad51394f740eb10769ec6af217920.pkl,1
D:\08_Dataset\Internal\mar2020\pickle_files\7cd62b74362c98d41da0a98546738a6672a68d1b.pkl,1
D:\08_Dataset\Internal\mar2020\pickle_files\cc729d5c02fe502a8cce9dcf117a3859a52a34bc.pkl,1
D:\08_Dataset\Internal\mar2020\pickle_files\463a580c067cc1aceb594e8a9a8203f5b21ac338.pkl,1
D:\08_Dataset\Internal\mar2020\pickle_files\382385756151319e02db96f33f1c4f2fed96b5d2.pkl,1
D:\08_Dataset\Internal\mar2020\pickle_files\b85574ea0a93a33550f1e4517bb8b73b9ca49115.pkl,1
D:\08_Dataset\Internal\mar2020\pickle_files\9efaf8e9bb8a9d5e205bec61b114d9b31297b617.pkl,1
D:\08_Dataset\Internal\mar2020\pickle_files\a75a12a5e4603d945fa96ef35e9d9ab3f35467b0.pkl,1
D:\08_Dataset\Internal\mar2020\pickle_files\27090a4ea48402d63adab1faef6d5b3434c84da1.pkl,1
D:\08_Dataset\Internal\mar2020\pickle_files\1a039ba2b02983eb8c8b54b0693c9898f5167a36.pkl,1
D:\08_Dataset\Internal\mar2020\pickle_files\c97e6c5e95cb6d62411c792a4899021a9e26f07a.pkl,1
D:\08_Dataset\Internal\mar2020\pickle_files\be8b80398cb7d013335f79fd7fe356763f211cf7.pkl,1
D:\08_Dataset\Internal\mar2020\pickle_files\b25fe67330f2a230a03b88752adf87ee1111f3f4.pkl,1
D:\08_Dataset\Internal\mar2020\pickle_files\eefa095359d080e01fd9d6bf1b000e3a045ab852.pkl,1
D:\08_Dataset\Internal\mar2020\pickle_files\2fc04ba06c17ba28c8aec816e02bbc067fdbf542.pkl,1
D:\08_Dataset\Internal\mar2020\pickle_files\58d22be919035e383caf419aeccf0a63e6181796.pkl,1
D:\08_Dataset\Internal\mar2020\pickle_files\64419f2fda25e29139839a9e03152890d0305bfa.pkl,1
D:\08_Dataset\Internal\mar2020\pickle_files\7e70b2da85cbf4a66e25987ff0c3acb1d32006b4.pkl,1
D:\08_Dataset\Internal\mar2020\pickle_files\acae16cc9a2c04df5e38b4e598c17ef7d64ad320.pkl,1
D:\08_Dataset\Internal\mar2020\pickle_files\f9b9b7823bcd88585fb24e9f20181a4f01b3cb7b.pkl,1
D:\08_Dataset\Internal\mar2020\pickle_files\72f0aa90cb4c266edf7dd8154d49fac211013c02.pkl,1
D:\08_Dataset\Internal\mar2020\pickle_files\4dad5011a44c8b4c7da80edd6855f73fb52b6434.pkl,1
D:\08_Dataset\Internal\mar2020\pickle_files\49592779bf43b3e55f2cdeed416d38c14cb2c965.pkl,1
D:\08_Dataset\Internal\mar2020\pickle_files\777dabe874dfc9603a52c2bd9ea4a9ab37335bab.pkl,1
D:\08_Dataset\Internal\mar2020\pickle_files\72841cabf999b7447f217cad9314c74c7ab18cfc.pkl,1
D:\08_Dataset\Internal\mar2020\pickle_files\a5cd0c5e364208d64dd09e0b76659d76d83e0366.pkl,1
D:\08_Dataset\Internal\mar2020\pickle_files\9c8dce5a50d024f45233a3d180233f509beff2e7.pkl,1
D:\08_Dataset\Internal\mar2020\pickle_files\5a798fff7593cb2457c827d698508daee2d41844.pkl,1
D:\08_Dataset\Internal\mar2020\pickle_files\c1b901b964bd50847c3424518cb3591a0df7e5a6.pkl,1
D:\08_Dataset\Internal\mar2020\pickle_files\8fbd564bd1cdc6571a20f4f5a6a6f5227ef0f1ee.pkl,1
D:\08_Dataset\Internal\mar2020\pickle_files\02beb649542dcd072993d67c82e3edc90f2f6a36.pkl,1
D:\08_Dataset\Internal\mar2020\pickle_files\f38c8b6498c4ba5b4435de975ebe861970f09fb1.pkl,1
D:\08_Dataset\Internal\mar2020\pickle_files\c3b5ab77ea4e99891a204850d87006045958a84e.pkl,1
D:\08_Dataset\Internal\mar2020\pickle_files\ab0de6d182dc022dbce92e6d55e526c52bf20c0f.pkl,1
D:\08_Dataset\Internal\mar2020\pickle_files\06d8e34610f6787ecd4a68d985928e012eddba73.pkl,1
D:\08_Dataset\Internal\mar2020\pickle_files\a6db8ad304aab8cd4b8a289fd23d4b01cc0124df.pkl,1
D:\08_Dataset\Internal\mar2020\pickle_files\892f2b9df667ddb5b6321920ffea3bcf17664acb.pkl,1
D:\08_Dataset\Internal\mar2020\pickle_files\82514d272c52679614ec1d703b403fbd902ff789.pkl,1
D:\08_Dataset\Internal\mar2020\pickle_files\23297190fa9265d903b9d11ff7c681e8bc81378e.pkl,1
D:\08_Dataset\Internal\mar2020\pickle_files\f23eaf072bb696c8519431a2d834a3f9a11e9041.pkl,1
D:\08_Dataset\Internal\mar2020\pickle_files\f9f1364eaeae354ef443a79446639c96bdc3de14.pkl,1
D:\08_Dataset\Internal\mar2020\pickle_files\a6c4df6fe44eb5b1dd0bffdad6263abc84c6a242.pkl,1
D:\08_Dataset\Internal\mar2020\pickle_files\8ab40596d9a82631227b9f5934791977b7f84f18.pkl,1
D:\08_Dataset\Internal\mar2020\pickle_files\de176ecd200e5cc92746f1258fc02816f32f21c4.pkl,1
D:\08_Dataset\Internal\mar2020\pickle_files\678fe2c2aeab1b836e713559e4378b868e0342da.pkl,1
D:\08_Dataset\Internal\mar2020\pickle_files\afb2a616438b369987f24279559fcc3d63acc80d.pkl,1
D:\08_Dataset\Internal\mar2020\pickle_files\bd48d14f7d23a7d7d0e58c5bc35b901e82238a43.pkl,1
D:\08_Dataset\Internal\mar2020\pickle_files\d9d587f40c2566fac113a41dc35f81a6faa61ef2.pkl,1
D:\08_Dataset\Internal\mar2020\pickle_files\1676a197fb318f47fd3c042af4bf50824eac762c.pkl,1
D:\08_Dataset\Internal\mar2020\pickle_files\b0788e73e66853d32aa162181c9dc215b81f9654.pkl,1
D:\08_Dataset\Internal\mar2020\pickle_files\273831a2551bda9ff630a5388a7c82c46771a8da.pkl,1
D:\08_Dataset\Internal\mar2020\pickle_files\6ec657d2d757e27cf6be2aa492a01fada267c69f.pkl,1
D:\08_Dataset\Internal\mar2020\pickle_files\c2cee5ecff1940e5d38e24379bd071e45a4113a2.pkl,1
D:\08_Dataset\Internal\mar2020\pickle_files\2f4276b0e2199d9ce4e39383838de934823118b9.pkl,1
D:\08_Dataset\Internal\mar2020\pickle_files\832c1afa0d508ae4c91292cd1598740bc2ea5bbe.pkl,1
D:\08_Dataset\Internal\mar2020\pickle_files\1b20bfa7b915b01856a36c1e07d9cdd22c453083.pkl,1
D:\08_Dataset\Internal\mar2020\pickle_files\fae58715f25c73aa3ae8bac8a10acbe263135166.pkl,1
D:\08_Dataset\Internal\mar2020\pickle_files\c5c8b6a1cf1141d2084dd08ecaa5b814d3abf89b.pkl,1
D:\08_Dataset\Internal\mar2020\pickle_files\7a5fdfe42688ab693c5cdd6a089235ceaa87caad.pkl,1
D:\08_Dataset\Internal\mar2020\pickle_files\1d1acc810d47d6cbf4e73550f47e03ab49c963ca.pkl,1
D:\08_Dataset\Internal\mar2020\pickle_files\0676db15970f9292a2d1341888b50b0d62cee368.pkl,1
D:\08_Dataset\Internal\mar2020\pickle_files\d5aca17618ae930761e2ca09ecf60193d071ab0e.pkl,1
D:\08_Dataset\Internal\mar2020\pickle_files\2c003bd099d0afe71dcdc4bd59556030a99fa735.pkl,1
D:\08_Dataset\Internal\mar2020\pickle_files\579bc329a95598a083ad67674c77a1ff05d04b91.pkl,1
D:\08_Dataset\Internal\mar2020\pickle_files\8765ca6d1972b09cf20fc2c70dcebcf2ec97da54.pkl,1
D:\08_Dataset\Internal\mar2020\pickle_files\b156ecfe42936862332fcc3948defe7435b281c5.pkl,1
D:\08_Dataset\Internal\mar2020\pickle_files\be90a244609367891b26d04b082f2b6b097f6f00.pkl,1
D:\08_Dataset\Internal\mar2020\pickle_files\92f94356b2bc0c442a2ebe2d8efeb849bf463ca9.pkl,1
D:\08_Dataset\Internal\mar2020\pickle_files\58d3e2c3ad26b46a66f82259207b5d8af42a9bdb.pkl,1
D:\08_Dataset\Internal\mar2020\pickle_files\9364e6e5bffb9804cba4d770f90a3c06e5b06d9d.pkl,1
D:\08_Dataset\Internal\mar2020\pickle_files\9e7f2691d64d298de078bc67179c147cfc5905dc.pkl,1
D:\08_Dataset\Internal\mar2020\pickle_files\2479f54888772611691de145b4fd8797a2a1ea07.pkl,1
D:\08_Dataset\Internal\mar2020\pickle_files\893e1a044a2207acd70cd3bd800435785a9105e2.pkl,1
D:\08_Dataset\Internal\mar2020\pickle_files\ccca65e94b04b4f7a4148aafc8b7ac7ff32126cf.pkl,1
D:\08_Dataset\Internal\mar2020\pickle_files\6b36fb020508d1d1eaeabeecb1f1dad4e697d476.pkl,1
D:\08_Dataset\Internal\mar2020\pickle_files\c5969b4eaa73e4883d53546c343937b161ab9e8b.pkl,1
D:\08_Dataset\Internal\mar2020\pickle_files\ee27de20b54a07379d36b8e871ee07be9703dcbb.pkl,1
D:\08_Dataset\Internal\mar2020\pickle_files\8949b65c6035fa2adf33efd1671f5d4a1e6af759.pkl,1
D:\08_Dataset\Internal\mar2020\pickle_files\b93085443bf65d9f050b908c739dacdd318f5783.pkl,1
D:\08_Dataset\Internal\mar2020\pickle_files\8ad51f87c828ad2af5845d3b3ce85b9c5be91365.pkl,1
D:\08_Dataset\Internal\mar2020\pickle_files\c0cb458c61ddfbb1431dc30af172b7e7d495553b.pkl,1
D:\08_Dataset\Internal\mar2020\pickle_files\8757b93d6a75614d1a5b29a9838703e6740a6db2.pkl,1
D:\08_Dataset\Internal\mar2020\pickle_files\35cf6c100b1f5a190bad28cc0900dc30024e6dd8.pkl,1
D:\08_Dataset\Internal\mar2020\pickle_files\a6b4132e6ef25d4b73f2d231e99295e7957e1c8a.pkl,1
D:\08_Dataset\Internal\mar2020\pickle_files\8d7f7d58e1e635e44a82c47a6020ba2b2f9de904.pkl,1
D:\08_Dataset\Internal\mar2020\pickle_files\0e28c0b8a2464d004fb5453a4ea269756a0057b5.pkl,1
D:\08_Dataset\Internal\mar2020\pickle_files\40d916b5475e122c596f2022edeaf3bea7f5b04b.pkl,1
D:\08_Dataset\Internal\mar2020\pickle_files\f90b258b413ac16be8a9c87f176fab00882a6c42.pkl,1
D:\08_Dataset\Internal\mar2020\pickle_files\50a81e6e28731ecf21eab5ae12bf26a8d929f3db.pkl,1
D:\08_Dataset\Internal\mar2020\pickle_files\96661281baa3b73cb3b7f9be70817aca15a45af3.pkl,1
D:\08_Dataset\Internal\mar2020\pickle_files\c6365c298e95a9ca490b35f364dce919d3057cdc.pkl,1
D:\08_Dataset\Internal\mar2020\pickle_files\9ec16967b8d075eb94e8d54ff1479849232aeaff.pkl,1
D:\08_Dataset\Internal\mar2020\pickle_files\8ee35ac5c6139934dd87ab1ddd700c79cf9afb97.pkl,1
D:\08_Dataset\Internal\mar2020\pickle_files\13f31d74aead6d686e754cca435b6e463e28bac1.pkl,1
D:\08_Dataset\Internal\mar2020\pickle_files\f6ed3348f190ad9389e6a4b58815d470457cc279.pkl,1
D:\08_Dataset\Internal\mar2020\pickle_files\d8cd031f5c4c49f96047ec1e7c05ebe5ff8d45d5.pkl,1
D:\08_Dataset\Internal\mar2020\pickle_files\b244fbe24d4fb4e2328f76b835323b5d004015e9.pkl,1
D:\08_Dataset\Internal\mar2020\pickle_files\949dd41cbfbf3a8462363093515cbe54f28c107c.pkl,1
D:\08_Dataset\Internal\mar2020\pickle_files\dc240dead73f4cde15731dd180bde0f698b067a9.pkl,1
D:\08_Dataset\Internal\mar2020\pickle_files\32eb8e58e2da51cdcc31f59d0a054cc4c9b2adb1.pkl,1
D:\08_Dataset\Internal\mar2020\pickle_files\d5847bd0c17a9267855877bce60d8f03d0a0f7d4.pkl,1
D:\08_Dataset\Internal\mar2020\pickle_files\fe0ac57ace98c2231f36f988fe4c8f45e5832f9c.pkl,1
D:\08_Dataset\Internal\mar2020\pickle_files\4c5d95fac0f1f1f6462fd326243c39ec5c297bf6.pkl,1
D:\08_Dataset\Internal\mar2020\pickle_files\88fc48ce1ed33aeea7bd9930c0881d712c89dee7.pkl,1
D:\08_Dataset\Internal\mar2020\pickle_files\2badba7040f513806f3955cfdf26d0362f8b2424.pkl,1
D:\08_Dataset\Internal\mar2020\pickle_files\d0621aaf715fb8e306fde42f9bbea6233aa8d4c6.pkl,1
D:\08_Dataset\Internal\mar2020\pickle_files\dfeb541ac5c0ee6d6927c60ff617dde3fad0ce6d.pkl,1
D:\08_Dataset\Internal\mar2020\pickle_files\54331a020570934fb958b116713f363b0c92d063.pkl,1
D:\08_Dataset\Internal\mar2020\pickle_files\f5d2e3e236a7818642e6c81b8111ffd23583303a.pkl,1
D:\08_Dataset\Internal\mar2020\pickle_files\78f2dfeab8094d56266e4267dd8d98f75b5b046e.pkl,1
D:\08_Dataset\Internal\mar2020\pickle_files\1ec2d46147dd23915098601d55abcaad21f15805.pkl,1
D:\08_Dataset\Internal\mar2020\pickle_files\3a6a91338df4f3dd196380dbbc8f5a2525c5cbea.pkl,1
D:\08_Dataset\Internal\mar2020\pickle_files\dd3c739d173dfcd73472cf4c4142f5e8ae8980c7.pkl,1
D:\08_Dataset\Internal\mar2020\pickle_files\7ef137943c5c15f329a40a8762735614ddb73871.pkl,1
D:\08_Dataset\Internal\mar2020\pickle_files\1f226d3fbaaf4d183e44b9a40c8f61f442f0901a.pkl,1
D:\08_Dataset\Internal\mar2020\pickle_files\7c3191e40c01b98532d8ce653575f4389c411346.pkl,1
D:\08_Dataset\Internal\mar2020\pickle_files\9d41bb792e8e06123f2d380bfec7e156cc7e016f.pkl,1
D:\08_Dataset\Internal\mar2020\pickle_files\9a3720b04ccb50e0cab8cfb26cc4452e7ba1458a.pkl,1
D:\08_Dataset\Internal\mar2020\pickle_files\2581693951aef9adb2639973c5aacbbc247f0c8a.pkl,1
D:\08_Dataset\Internal\mar2020\pickle_files\2740d35aaef4f01374bc308320707dd6e59bd304.pkl,1
D:\08_Dataset\Internal\mar2020\pickle_files\378f33e621594f00496f94fb5aa9a305e6087334.pkl,1
D:\08_Dataset\Internal\mar2020\pickle_files\ba25aa8725b88280e50fe83a369469de5daf6283.pkl,1
D:\08_Dataset\Internal\mar2020\pickle_files\cad53080cf802db46c22489fa2a4d3c41df8898a.pkl,1
D:\08_Dataset\Internal\mar2020\pickle_files\7885195711436d427174ce8b6c987b2e28ed91ff.pkl,1
D:\08_Dataset\Internal\mar2020\pickle_files\8fcb90df6c3a27931c83d0c72ec523fb1989ce60.pkl,1
D:\08_Dataset\Internal\mar2020\pickle_files\0a6263c07531cec7b8122697d149a4b0e3d63391.pkl,1
D:\08_Dataset\Internal\mar2020\pickle_files\30dc9e2758d9791569b820fed37ab1055a25a075.pkl,1
D:\08_Dataset\Internal\mar2020\pickle_files\5dc34ea5a614b40ad9e0a3d39c53f9de07276c3d.pkl,1
D:\08_Dataset\Internal\mar2020\pickle_files\885158e7921c923bb55eac444e1db063db1ebe02.pkl,1
D:\08_Dataset\Internal\mar2020\pickle_files\677002166427fa07dd63a6ede7885a6174dec0e4.pkl,1
D:\08_Dataset\Internal\mar2020\pickle_files\34774633f42a9a02df322bbe731531131f732968.pkl,1
D:\08_Dataset\Internal\mar2020\pickle_files\e974547cc7cc38aed0fa326ee904d97b5e3cf592.pkl,1
D:\08_Dataset\Internal\mar2020\pickle_files\607ffa9f9cb6d02aeea27e10d739d76ae42c0935.pkl,1
D:\08_Dataset\Internal\mar2020\pickle_files\979fc5262d5350924f50b918c8fcb5f890206339.pkl,1
D:\08_Dataset\Internal\mar2020\pickle_files\490a27afaace0faf7679aa55126e1bc3f07964c2.pkl,1
D:\08_Dataset\Internal\mar2020\pickle_files\3c20377da0217cb3f8c40e7c34fbade93617442a.pkl,1
D:\08_Dataset\Internal\mar2020\pickle_files\dbdd264d7be68e55587918f415086b93a38fb822.pkl,1
D:\08_Dataset\Internal\mar2020\pickle_files\bbdfcd23ad68957f7f87864cfd06956a50091808.pkl,1
D:\08_Dataset\Internal\mar2020\pickle_files\466001e38995a75ed3f92185d9754199529f6e91.pkl,1
D:\08_Dataset\Internal\mar2020\pickle_files\1a0abc5f5f73fcadc52b706603a08f1785c4bfaf.pkl,1
D:\08_Dataset\Internal\mar2020\pickle_files\bd7e940e94d5efd6d0db97def348f5a5652754f1.pkl,1
D:\08_Dataset\Internal\mar2020\pickle_files\a6a0c79229f1e9330f4b3452d3dda5418622c693.pkl,1
D:\08_Dataset\Internal\mar2020\pickle_files\63c24ade75267c6e3ce430374a4e477137f33ea0.pkl,1
D:\08_Dataset\Internal\mar2020\pickle_files\12ba260f3c09e08cf7f046d8a908f4e1db8bb04c.pkl,1
D:\08_Dataset\Internal\mar2020\pickle_files\488871c0ef55de4b63e19b5bca80463ea9694cd2.pkl,1
D:\08_Dataset\Internal\mar2020\pickle_files\c59b6e6597cc4526d2e764dd1d007e3e8b78f936.pkl,1
D:\08_Dataset\Internal\mar2020\pickle_files\22f52d097bad88aa09198e6d6cf6467c3bf140c6.pkl,1
D:\08_Dataset\Internal\mar2020\pickle_files\eb451276f9f56e014e003002613aa69e552647f0.pkl,1
D:\08_Dataset\Internal\mar2020\pickle_files\076d9390f8cfad8e5a9489e1bd56bafd03d5a385.pkl,1
D:\08_Dataset\Internal\mar2020\pickle_files\69aeed07065fd6f17aa4a7c9a745be85efb8b234.pkl,1
D:\08_Dataset\Internal\mar2020\pickle_files\a181361dacf7e7d81805d0b890778de291046250.pkl,1
D:\08_Dataset\Internal\mar2020\pickle_files\784d130492bd3db4e0b970a57262b4b5703464a9.pkl,1
D:\08_Dataset\Internal\mar2020\pickle_files\e6de84b0d52d7909a7c627b94e2a26f1ea81cf5a.pkl,1
D:\08_Dataset\Internal\mar2020\pickle_files\9be27c6e1dc7fd9bc0d8d8f9901dfab1b5e957db.pkl,1
D:\08_Dataset\Internal\mar2020\pickle_files\7969761da0d7c51cdf6933a6c0d4f4b266039652.pkl,1
D:\08_Dataset\Internal\mar2020\pickle_files\a789c7a04759858473df76d8cdbc2f858445f2c9.pkl,1
D:\08_Dataset\Internal\mar2020\pickle_files\93f9dc3f41a237ff31e3d5f424c0dd7554bd73fb.pkl,1
D:\08_Dataset\Internal\mar2020\pickle_files\84f4b57f6b6fefeb8265010a639c507f60a2b0b3.pkl,1
D:\08_Dataset\Internal\mar2020\pickle_files\4f5d83d758223b2e1d25e1e7de757c6171db08e1.pkl,1
D:\08_Dataset\Internal\mar2020\pickle_files\41407a7ac185db21f98a3c5979b6b5f0e8cf6129.pkl,1
D:\08_Dataset\Internal\mar2020\pickle_files\3b851725d36e8b506be6bf7708f51dbcc297cb8d.pkl,1
D:\08_Dataset\Internal\mar2020\pickle_files\a353a8f8742fbba4ce377f5747842ea346bf0d36.pkl,1
D:\08_Dataset\Internal\mar2020\pickle_files\cae8e84f0a70b88327e006a4aa732931d0aa9f86.pkl,1
D:\08_Dataset\Internal\mar2020\pickle_files\5791e2dc46f5c71aa42db8f3df34043602c863d5.pkl,1
D:\08_Dataset\Internal\mar2020\pickle_files\ef798cb679e4d45304e35cb654fc51acf6c5a64e.pkl,1
D:\08_Dataset\Internal\mar2020\pickle_files\4e1b5147ac446ef0f6bb11d66a3bd5a29b256c18.pkl,1
D:\08_Dataset\Internal\mar2020\pickle_files\4c5f7e364e5a238dc8c47baba9cada15ef73a61f.pkl,1
D:\08_Dataset\Internal\mar2020\pickle_files\aa6827baeabc3faf2d6872b4dc729aee01ec891d.pkl,1
D:\08_Dataset\Internal\mar2020\pickle_files\76033a8e6528e73ffd2286e780b78c26e997dece.pkl,1
D:\08_Dataset\Internal\mar2020\pickle_files\8b1f83e5de88f611626c2d1a9baa38e17c4a3251.pkl,1
D:\08_Dataset\Internal\mar2020\pickle_files\18de2a4bb0fb5be2e9d0cfbe7f990762388d883e.pkl,1
D:\08_Dataset\Internal\mar2020\pickle_files\abf59938f8e303c861622f5ca9a5c0b79c953bdd.pkl,1
D:\08_Dataset\Internal\mar2020\pickle_files\145c4f776ee0b67de35ea154e5d8fb5f2c5e2d55.pkl,1
D:\08_Dataset\Internal\mar2020\pickle_files\b0df261fc4193718bc50b5aa8e644caf7970f3c9.pkl,1
D:\08_Dataset\Internal\mar2020\pickle_files\9227f70c953cae7e5f512ae65028c0ad6da38387.pkl,1
D:\08_Dataset\Internal\mar2020\pickle_files\13f994ed77d2f9aa9ae209fe808d302ae6242ca8.pkl,1
D:\08_Dataset\Internal\mar2020\pickle_files\5541105a9d3a95b574c85b2d8ac6db611568d5a5.pkl,1
D:\08_Dataset\Internal\mar2020\pickle_files\923488b0189843981886701fd575f21d39534754.pkl,1
D:\08_Dataset\Internal\mar2020\pickle_files\a44ca45349bffd377187899bacc6f1d6950254ec.pkl,1
D:\08_Dataset\Internal\mar2020\pickle_files\eb34e359e909318424d7eb66e836553114b1e2fd.pkl,1
D:\08_Dataset\Internal\mar2020\pickle_files\3582f1154f0dc77fccee8eff284b58f13b6167be.pkl,1
D:\08_Dataset\Internal\mar2020\pickle_files\c1a5cff952b094d2669255ba89ef335dbe0ae331.pkl,1
D:\08_Dataset\Internal\mar2020\pickle_files\7668f8635640ec658fa37e4ba93b2ffaa850efbf.pkl,1
D:\08_Dataset\Internal\mar2020\pickle_files\825dfe646dc504376b7835b2782d2bda6bb3b742.pkl,1
D:\08_Dataset\Internal\mar2020\pickle_files\44a325e72057793a25bd4b00e39bca90534b0cc7.pkl,1
D:\08_Dataset\Internal\mar2020\pickle_files\e81261161d2813c7881132df0b5c4ea653d51bd9.pkl,1
D:\08_Dataset\Internal\mar2020\pickle_files\539982f8a70055b7845861ab4a992c4c00809f3f.pkl,1
D:\08_Dataset\Internal\mar2020\pickle_files\d4d4f94638cb0fed4821075e1328d322c640969c.pkl,1
D:\08_Dataset\Internal\mar2020\pickle_files\9b89f4bdc8f52f4644ee29df6155d816add53b7a.pkl,1
D:\08_Dataset\Internal\mar2020\pickle_files\1d721d0ed855557a97385a6c97f532651aa5f071.pkl,1
D:\08_Dataset\Internal\mar2020\pickle_files\2ea6e892deea176ac6695cbfe4500ed89839da15.pkl,1
D:\08_Dataset\Internal\mar2020\pickle_files\4296e42b3e81bc2576fbb4169e6b39e37f1a99f0.pkl,1
D:\08_Dataset\Internal\mar2020\pickle_files\b9fd9ab94a9552dfddd5fbacc157e5ec1a908978.pkl,1
D:\08_Dataset\Internal\mar2020\pickle_files\ae9d83a228b46129511a872d7d9d08c513050fbf.pkl,1
D:\08_Dataset\Internal\mar2020\pickle_files\2f5b12438437c1c84864fc27f814625331355d92.pkl,1
D:\08_Dataset\Internal\mar2020\pickle_files\eb8f9a314046ec83f5446f91f683f22d8ff23ded.pkl,1
D:\08_Dataset\Internal\mar2020\pickle_files\0763317b4f6902f43d77def409eb053bd138fe6c.pkl,1
D:\08_Dataset\Internal\mar2020\pickle_files\3fa1522037a84188d467826023126eb8a4faa3d4.pkl,1
D:\08_Dataset\Internal\mar2020\pickle_files\509ef9bfb4142ae2f2c6366cb767a683c253f733.pkl,1
D:\08_Dataset\Internal\mar2020\pickle_files\23084fd87e25e0ccf14b1826fc149ea00bde6b7c.pkl,1
D:\08_Dataset\Internal\mar2020\pickle_files\e0ab46a48e6dd5093040e3a23de14bd03c0da7cc.pkl,1
D:\08_Dataset\Internal\mar2020\pickle_files\3e9f9e02d1d10989d07a17f0fcc9c0fd58075005.pkl,1
D:\08_Dataset\Internal\mar2020\pickle_files\6a53277ab1db83f70dd3b5a61c97d46a2a41c002.pkl,1
D:\08_Dataset\Internal\mar2020\pickle_files\a3b552cfb11752b33d0adb7ae3f9c77e4487a3e2.pkl,1
D:\08_Dataset\Internal\mar2020\pickle_files\f508c95e1a7875d13f406f64dbd177c2f32cbd71.pkl,1
D:\08_Dataset\Internal\mar2020\pickle_files\99b1389b3458df0742205e503ffaff47a2eb0c0c.pkl,1
D:\08_Dataset\Internal\mar2020\pickle_files\ee1af52c0d41255e61d0f5857832491621f884c8.pkl,1
D:\08_Dataset\Internal\mar2020\pickle_files\695628621a0979b497b154b570fae4fbb16f2876.pkl,1
D:\08_Dataset\Internal\mar2020\pickle_files\ca7250d0d6ca8332bc96ac328005cab29c0ec851.pkl,1
D:\08_Dataset\Internal\mar2020\pickle_files\cd6b8d9d13fc0b2ca0a172c222e0e6e23807a92b.pkl,1
D:\08_Dataset\Internal\mar2020\pickle_files\b9e7eebe49adaca95f3a2dbd3f810bd5a21a1cbd.pkl,1
D:\08_Dataset\Internal\mar2020\pickle_files\9c2fe6f3da483ad468466227248e745ac87b2485.pkl,1
D:\08_Dataset\Internal\mar2020\pickle_files\c359ac4b6927337de3a6de18c068e5115e2b3d97.pkl,1
D:\08_Dataset\Internal\mar2020\pickle_files\c75e82d1ac463166c6eee9f81078675f1fbd5625.pkl,1
D:\08_Dataset\Internal\mar2020\pickle_files\df66e2fd3a05c805d9b6f25d62ee67cdf4decc3e.pkl,1
D:\08_Dataset\Internal\mar2020\pickle_files\2ff15a6e83b9618daf5f1bc6ccc1ad34ceed7e75.pkl,1
D:\08_Dataset\Internal\mar2020\pickle_files\9fb7a69bd42b97f0c2a6ffce50cc4a1dd98c533f.pkl,1
D:\08_Dataset\Internal\mar2020\pickle_files\a47817543dce74c77108db40a74296fae122806a.pkl,1
D:\08_Dataset\Internal\mar2020\pickle_files\b07713dc86146462c4f4b6ed7375c0b3f039d474.pkl,1
D:\08_Dataset\Internal\mar2020\pickle_files\d1dc8c542d7a1aea34d6b7fa8e9a478c698ab6da.pkl,1
D:\08_Dataset\Internal\mar2020\pickle_files\dc52428bbcfc4b15b4f5b97fdd3b9ed799709ce9.pkl,1
D:\08_Dataset\Internal\mar2020\pickle_files\144c52c5a0d112e11c750a8d77e54dfc75903133.pkl,1
D:\08_Dataset\Internal\mar2020\pickle_files\3c49e5a35366dfd427853c6e1a2d37a9755d32bf.pkl,1
D:\08_Dataset\Internal\mar2020\pickle_files\3f99fc8911951d760b75ecdf01dc163ad8bb7c69.pkl,1
D:\08_Dataset\Internal\mar2020\pickle_files\463ebf0837388f0a0bfaf7a2d1bf3ff877247620.pkl,1
D:\08_Dataset\Internal\mar2020\pickle_files\47a1ca007f96341a5c42de6d2e7da01f96486213.pkl,1
D:\08_Dataset\Internal\mar2020\pickle_files\f237d936e7e4f88c654c4bc6cfd9378d92b3402c.pkl,1
D:\08_Dataset\Internal\mar2020\pickle_files\d52c1681cb12e9c8306863fa062f6223df128285.pkl,1
D:\08_Dataset\Internal\mar2020\pickle_files\0d1854db8211fc808a67544f071842546533e2c3.pkl,1
D:\08_Dataset\Internal\mar2020\pickle_files\f95d044620f8d4ec7b9352dcbed3973cc371acce.pkl,1
D:\08_Dataset\Internal\mar2020\pickle_files\72550fc1fee1f7372c5dc3db6d25c6460fd41f95.pkl,1
D:\08_Dataset\Internal\mar2020\pickle_files\7a449357d7d0b06bf05fbe4526114455fbd44445.pkl,1
D:\08_Dataset\Internal\mar2020\pickle_files\e6a3458427d8126cdb25137b302e41983193804a.pkl,1
D:\08_Dataset\Internal\mar2020\pickle_files\784c6a336f43d8b094deb79d07d2648c3c9c5df8.pkl,1
D:\08_Dataset\Internal\mar2020\pickle_files\c2f6e2ba01e2a27bb672107e305610a2df1b1248.pkl,1
D:\08_Dataset\Internal\mar2020\pickle_files\8cfc4d4f5d1932e7d79d4a2f74336f3658c48114.pkl,1
D:\08_Dataset\Internal\mar2020\pickle_files\d9b9e9a79d349b51df39be8b9ad0858b23c0bde3.pkl,1
D:\08_Dataset\Internal\mar2020\pickle_files\7edff56346c18ea9d57055259861c909ec753e79.pkl,1
D:\08_Dataset\Internal\mar2020\pickle_files\6c523b60534ca6843e69dd818c4908f5a52c4412.pkl,1
D:\08_Dataset\Internal\mar2020\pickle_files\d85673baf63ce8ae5be699f15786c4d6b521b96e.pkl,1
D:\08_Dataset\Internal\mar2020\pickle_files\bf08422a98389bc1c7e5bbd7c3facf8e361563ed.pkl,1
D:\08_Dataset\Internal\mar2020\pickle_files\dcf518cbd04035b2f27521722dce9444e1a7b303.pkl,1
D:\08_Dataset\Internal\mar2020\pickle_files\c1cd21a0f9f182d685b1e292d14986f09006c82f.pkl,1
D:\08_Dataset\Internal\mar2020\pickle_files\b732350fa31855b481942d8bf4a4947b4c8df846.pkl,1
D:\08_Dataset\Internal\mar2020\pickle_files\ef9bd8f2a121bd3d280394c696f116fac75152b0.pkl,1
D:\08_Dataset\Internal\mar2020\pickle_files\4290c2a1f6c96e50f6905918dd303d988dd7065f.pkl,1
D:\08_Dataset\Internal\mar2020\pickle_files\f21fa8b4eaaa91953f56f9fc15d1609645502c6b.pkl,1
D:\08_Dataset\Internal\mar2020\pickle_files\4970e62373ae9bb6f36f36b4d306a42a0f3bc200.pkl,1
D:\08_Dataset\Internal\mar2020\pickle_files\918149bcdc4d61ae62e10258c29af6cc3b938f0b.pkl,1
D:\08_Dataset\Internal\mar2020\pickle_files\0526aad9de74cbb35ffaf0df4dd9393c0ce69d24.pkl,1
D:\08_Dataset\Internal\mar2020\pickle_files\43b8b5701b6012fb75228bf1963f28b60e87de8f.pkl,1
D:\08_Dataset\Internal\mar2020\pickle_files\e2c59a8c578153a4a38f94b03d0397f407ff9e25.pkl,1
D:\08_Dataset\Internal\mar2020\pickle_files\55b7d34c54cd32df9f15d4b7e4181d54e6b504ca.pkl,1
D:\08_Dataset\Internal\mar2020\pickle_files\889ef399bf9e1c1aa609385a3f3fe1d64070a4c4.pkl,1
D:\08_Dataset\Internal\mar2020\pickle_files\c9f48306ca738a89e1d64c20f83e244b001e9bea.pkl,1
D:\08_Dataset\Internal\mar2020\pickle_files\9c4a9246ba6ef7d918f87caaabd0c8aab24ad50f.pkl,1
D:\08_Dataset\Internal\mar2020\pickle_files\0e70ce1f9d66696f3d88988345f129bee0d06bb9.pkl,1
D:\08_Dataset\Internal\mar2020\pickle_files\86d3fe621923291edf5071b359c91c016e774c7c.pkl,1
D:\08_Dataset\Internal\mar2020\pickle_files\20f1bcc168e219dbb3f2c3645cbb777f896f3a95.pkl,1
D:\08_Dataset\Internal\mar2020\pickle_files\490f79caf37829a364df72e8941623e7c6ec0da7.pkl,1
D:\08_Dataset\Internal\mar2020\pickle_files\cb9d8619df109f90126c5b985a3ee7b093718347.pkl,1
D:\08_Dataset\Internal\mar2020\pickle_files\962421868ef3d41234b0b39b9792ef5a4f6c95f6.pkl,1
D:\08_Dataset\Internal\mar2020\pickle_files\606d6e6f0597373c61f89b571c8baa83aa68f5e7.pkl,1
D:\08_Dataset\Internal\mar2020\pickle_files\fd26cca9b7943085838eae7f716fe477637265c1.pkl,1
D:\08_Dataset\Internal\mar2020\pickle_files\4c89bf3ee6ac675f0e3fe4d0b8561ab526b47b19.pkl,1
D:\08_Dataset\Internal\mar2020\pickle_files\f187499f334bd41254e7cea2a61ff0e34b90258f.pkl,1
D:\08_Dataset\Internal\mar2020\pickle_files\f983befee6246550b501ae1b0b5a36a5d3e6c189.pkl,1
D:\08_Dataset\Internal\mar2020\pickle_files\5977cbfd5697d2b36c65d009a072f5db122ad897.pkl,1
D:\08_Dataset\Internal\mar2020\pickle_files\e8eb8cde7ef1f878afe7afa96d3fac4aa1ed67e3.pkl,1
D:\08_Dataset\Internal\mar2020\pickle_files\9dcac072c9966bc07a6496c70823734990745d23.pkl,1
D:\08_Dataset\Internal\mar2020\pickle_files\66b57e65a3d48a207ace6b0678e4f59a3b16d8c7.pkl,1
D:\08_Dataset\Internal\mar2020\pickle_files\8d1a5df2e0ea67f476ecea362ec9c21048dc6e9b.pkl,1
D:\08_Dataset\Internal\mar2020\pickle_files\aeab2a8c419063ff1338b9a8979fff87056001aa.pkl,1
D:\08_Dataset\Internal\mar2020\pickle_files\81753d431a603753f6e248933841feca602a83c9.pkl,1
D:\08_Dataset\Internal\mar2020\pickle_files\de9d463c79dd8fbd897b31591a9b3d9212a941fd.pkl,1
D:\08_Dataset\Internal\mar2020\pickle_files\2d681e837a449b2ba599684670bbf92e06373636.pkl,1
D:\08_Dataset\Internal\mar2020\pickle_files\dc401708ea42c1642fe6d892dc5388e39eace725.pkl,1
D:\08_Dataset\Internal\mar2020\pickle_files\4c7aef71e98c5d00d80e4268d1f6fb18efed6434.pkl,1
D:\08_Dataset\Internal\mar2020\pickle_files\860c13adf5837f0893106d5747f6a3923ba93d9f.pkl,1
D:\08_Dataset\Internal\mar2020\pickle_files\af2f2d04734aeb6e48f02093ad18f7c3d3637111.pkl,1
D:\08_Dataset\Internal\mar2020\pickle_files\71ad10daf88ed513dffb235d15d7efa3d3d048df.pkl,1
D:\08_Dataset\Internal\mar2020\pickle_files\bf086407c9e8adf0de1397d97b6c4451b72a4cc2.pkl,1
D:\08_Dataset\Internal\mar2020\pickle_files\c0c98858c32584bfa59ca3d840b6e404c721d68d.pkl,1
D:\08_Dataset\Internal\mar2020\pickle_files\1d2bd7e9987eb7972bf827b9f2c5b1c451c68846.pkl,1
D:\08_Dataset\Internal\mar2020\pickle_files\7569d9b2a391675452ccc3c8df152d73c59e4d76.pkl,1
D:\08_Dataset\Internal\mar2020\pickle_files\b4659bb032a1f49ab04b7337bfb0b2456a0b0508.pkl,1
D:\08_Dataset\Internal\mar2020\pickle_files\6bd5b6d5d0792ffd42016d014fb9729b3efdca8e.pkl,1
D:\08_Dataset\Internal\mar2020\pickle_files\7c231e734dfb94e0d77dddaf5f5dea8f7a32022f.pkl,1
D:\08_Dataset\Internal\mar2020\pickle_files\fe3ed87a0242f8d1790bc668955e082d58faaaa8.pkl,1
D:\08_Dataset\Internal\mar2020\pickle_files\f4e153a7021a83380a4f31b83493416a670a12a9.pkl,1
D:\08_Dataset\Internal\mar2020\pickle_files\33a869d75f8f324e5d1164db097517202fb1ad1a.pkl,1
D:\08_Dataset\Internal\mar2020\pickle_files\1de2f69e84147df7b681a1cd40909da1ccd8540b.pkl,1
D:\08_Dataset\Internal\mar2020\pickle_files\788a5b4d5282cb3526a7ee70dc31bc573663a102.pkl,1
D:\08_Dataset\Internal\mar2020\pickle_files\292a9c5883b6b640d533c1cafbdbbafcdafece39.pkl,1
D:\08_Dataset\Internal\mar2020\pickle_files\400fe1fb1fb5f42cb5000124e3a75d23c0e88c40.pkl,1
D:\08_Dataset\Internal\mar2020\pickle_files\f150024981d42db8d8a628ddf979485c5e8229c6.pkl,1
D:\08_Dataset\Internal\mar2020\pickle_files\83fc87f267f7c951aa38a6ca2633955fbcd43441.pkl,1
D:\08_Dataset\Internal\mar2020\pickle_files\6510ad695e3c068bc536f2717653e2da6b0c2d8e.pkl,1
D:\08_Dataset\Internal\mar2020\pickle_files\f6ae3744cce7f1c20a643bfa54a30d9dccf17102.pkl,1
D:\08_Dataset\Internal\mar2020\pickle_files\41d05f204b3c7e4d22fc5d846afa86683c50795a.pkl,1
D:\08_Dataset\Internal\mar2020\pickle_files\a5027d538117a8241a46c35a7924432b45f354d0.pkl,1
D:\08_Dataset\Internal\mar2020\pickle_files\728d5f132cf4c6f73b957b0063ba6cd634f3eb17.pkl,1
D:\08_Dataset\Internal\mar2020\pickle_files\0983c4ff13b52dcad4f4b33928fc1a185dcd5d40.pkl,1
D:\08_Dataset\Internal\mar2020\pickle_files\10312005087d6c9d8dbaa7cf792408e8efe1f968.pkl,1
D:\08_Dataset\Internal\mar2020\pickle_files\f009301797ade601a13ee98a316853acc7c234a3.pkl,1
D:\08_Dataset\Internal\mar2020\pickle_files\ae3977922b8316300fce75fb164f8d00b97e600f.pkl,1
D:\08_Dataset\Internal\mar2020\pickle_files\d2586289fbbec36e21227a6e196435d17e7efb8a.pkl,1
D:\08_Dataset\Internal\mar2020\pickle_files\33249499196b82f4bb0894a8abaeada3ba296077.pkl,1
D:\08_Dataset\Internal\mar2020\pickle_files\baec0eac3a799f3f9a5359c8b590fc7010bec28e.pkl,1
D:\08_Dataset\Internal\mar2020\pickle_files\084906edd64150addd2b533379cfd145bbe1d84d.pkl,1
D:\08_Dataset\Internal\mar2020\pickle_files\febcf413b375d3e587c855d3fc38cf7241f61e94.pkl,1
D:\08_Dataset\Internal\mar2020\pickle_files\2ff7c9cd5a4818385e81232e639ed248840acd00.pkl,1
D:\08_Dataset\Internal\mar2020\pickle_files\836027f00a4ce1e3fbd3ed6097713066279bae89.pkl,1
D:\08_Dataset\Internal\mar2020\pickle_files\c599eac81f0ea2bd5c72d8b2c27d3b4517ccb0e7.pkl,1
D:\08_Dataset\Internal\mar2020\pickle_files\ba9ffce2e5a071a48edcd5fc33d4627406ca1919.pkl,1
D:\08_Dataset\Internal\mar2020\pickle_files\380867f8b7e2ff025a77d57cde19efc938a13f56.pkl,1
D:\08_Dataset\Internal\mar2020\pickle_files\11f81d955b0c7af1eb07dfb3331bacec388a76b2.pkl,1
D:\08_Dataset\Internal\mar2020\pickle_files\f6572d0bd825c2d16b0d5ebfa4fafd6de460e2df.pkl,1
D:\08_Dataset\Internal\mar2020\pickle_files\65a8dc96218fa4a680e61ec2ecad21cf61f3f693.pkl,1
D:\08_Dataset\Internal\mar2020\pickle_files\1e4b8f0c2deb96fda4f007ffd9413746b73ca04d.pkl,1
D:\08_Dataset\Internal\mar2020\pickle_files\a651802fe0c76671a991ef82131fa632d4026548.pkl,1
D:\08_Dataset\Internal\mar2020\pickle_files\7cb65659aa3b4dffa4b70abcc01f35c027ca7510.pkl,1
D:\08_Dataset\Internal\mar2020\pickle_files\98d534f776e468f3b9f82355586a11d70da297fb.pkl,1
D:\08_Dataset\Internal\mar2020\pickle_files\225a7feaff1c1ec92240eaa12e217ca299095c06.pkl,1
D:\08_Dataset\Internal\mar2020\pickle_files\35fbedf9a5a823f35d4565a0492a16e6528a0c62.pkl,1
D:\08_Dataset\Internal\mar2020\pickle_files\0acfc010360961bdb38a46b18b5302d7ad4a097c.pkl,1
D:\08_Dataset\Internal\mar2020\pickle_files\86ec985692a63a8658849bef4dbc11ba59e20570.pkl,1
D:\08_Dataset\Internal\mar2020\pickle_files\c1d0a9283c74eecb5f197c0041b8321e0dc1a090.pkl,1
D:\08_Dataset\Internal\mar2020\pickle_files\21ff767f8171c1c4e82307fb3e2e3be524ff140f.pkl,1
D:\08_Dataset\Internal\mar2020\pickle_files\424ed29f8461d11f8260ba056f2ebdbde007cb50.pkl,1
D:\08_Dataset\Internal\mar2020\pickle_files\01b941f1262d2b55dbc2e91aeacb0b8233b3c6b8.pkl,1
D:\08_Dataset\Internal\mar2020\pickle_files\524ec5ab631804940c829e122493b61c4da65020.pkl,1
D:\08_Dataset\Internal\mar2020\pickle_files\2adb3fc28f8870d591c78bd5a293693d3fe0f6cf.pkl,1
D:\08_Dataset\Internal\mar2020\pickle_files\dc7ff2036398c2fb08166461e8329854f11b9b45.pkl,1
D:\08_Dataset\Internal\mar2020\pickle_files\5bea661828a1ce0da8382343d61d0cd3e4c117d3.pkl,1
D:\08_Dataset\Internal\mar2020\pickle_files\2f9871016679910b3fae0a6d01fc957fc7d4ef1a.pkl,1
D:\08_Dataset\Internal\mar2020\pickle_files\c0ab1b921249fa2816cc4bc52e48e06ca43eaeda.pkl,1
D:\08_Dataset\Internal\mar2020\pickle_files\b039626bece01b56c01b193d2ece2bbde9327ee2.pkl,1
D:\08_Dataset\Internal\mar2020\pickle_files\b2a92da55a55314a1b0081d4c33bb4a5e371e63d.pkl,1
D:\08_Dataset\Internal\mar2020\pickle_files\43193f270955675898107b2c2e51a3d417487a4e.pkl,1
D:\08_Dataset\Internal\mar2020\pickle_files\09cc3006f07d2c2b47f29711e30f9c78b93076e4.pkl,1
D:\08_Dataset\Internal\mar2020\pickle_files\7c2c12e1fdc8d6c23b65dec7cec851558a8c6967.pkl,1
D:\08_Dataset\Internal\mar2020\pickle_files\05bc22be57f690d175e18af2f36e6c19fe38fc37.pkl,1
D:\08_Dataset\Internal\mar2020\pickle_files\8978e054119b5bc8eea84cf41b943f17fa7e84be.pkl,1
